0 117.942507819 27.4981842508 2.51335045479 0.000171240779418 -9.98661952925E-06 1.49302744785E-08 0.000171531738544851 3.87539912900001E-06 8.714657135E-06 
1 117.959516627 27.4970513675 2.51335228988 0.000171107433181 -9.96764994398E-06 2.72005040498E-08 0.000171397515953597 3.35370634300001E-06 8.19894355900001E-06 
2 117.97652131 27.4959315357 2.51335417332 0.000169250259795 -1.22468822403E-05 -2.34044499753E-07 0.000169692932504894 2.849534912E-06 7.73429184399999E-06 
3 117.993521697 27.494823633 2.51335624698 0.000169714171338 -1.14564329144E-05 -1.3349480454E-07 0.000170100463341312 2.34307735100001E-06 7.310524742E-06 
4 118.01051737 27.4937261053 2.51335834917 0.000168955160429 -1.19985189015E-05 2.99351095867E-07 0.000169380932523402 2.06954390199999E-06 4.18559671399999E-06 
5 118.027508613 27.4926384951 2.51336055477 0.000169992345783 -1.0766569434E-05 -9.95193766406E-08 0.000170332987252295 1.720416688E-06 3.77734642099999E-06 
6 118.044495494 27.4915602263 2.5133628926 0.00016990585349 -1.05876868959E-05 1.65537196857E-07 0.000170235500312169 1.208976733E-06 3.04797468199999E-06 
7 118.061477415 27.4904902263 2.51336525051 0.000168783760953 -1.17699239695E-05 3.03405835031E-07 0.000169193915749911 9.86865904999986E-07 2.52807474600001E-06 
8 118.078454483 27.4894281573 2.51336772755 0.00017027630642 -9.87839457102E-06 9.80410677557E-08 0.000170562636058984 4.63083603999997E-07 2.257081922E-06 
9 118.095426807 27.4883734294 2.51337016551 0.000169112870994 -1.11382210992E-05 1.78812606807E-07 0.00016947936475877 5.52404953999984E-07 1.90676817499999E-06 
10 118.112394111 27.4873250756 2.51337274489 0.000170041934344 -9.93008218462E-06 8.36823851489E-08 0.000170331655808262 1.76213347999999E-07 1.64971696099998E-06 
11 118.12935759 27.4862837253 2.51337525058 0.000166687774113 -1.40596183805E-05 6.43402527421E-08 0.000167279679122779 -2.66139077000012E-07 5.18559377599999E-06 
12 118.146316741 27.4852482785 2.51337769055 0.000170069980447 -9.72105579463E-06 -4.42195753926E-08 0.000170347583283051 1.05601849999986E-07 5.10002178000002E-06 
13 118.163271999 27.4842186681 2.51338012384 0.00016753620306 -1.2679043229E-05 1.81428555145E-07 0.000168015387358673 -2.62780807000007E-07 5.03659876000001E-06 
14 118.180224109 27.4831949588 2.51338256303 0.000169442078769 -1.02062518787E-05 1.63252949721E-07 0.0001697492629925 -8.36630755000006E-07 4.98750827400001E-06 
15 118.197172835 27.4821760907 2.5133849752 0.000168989277586 -1.0807965438E-05 -2.24714040477E-08 0.000169334546271312 -7.01031655999984E-07 4.93974268399999E-06 
16 118.214119088 27.4811626278 2.51338740512 0.000169746592825 -9.69049065501E-06 8.19402929343E-08 0.000170022992854034 -9.26360485999989E-07 4.88212143699999E-06 
17 118.231063073 27.4801542 2.51338982496 0.000169284457642 -1.01617677471E-05 1.57218278555E-07 0.000169589250368292 -1.17287896399999E-06 4.82848051E-06 
18 118.248005045 27.4791503791 2.51339223314 0.000169246672016 -1.01231422139E-05 1.56437380829E-07 0.000169549221376651 -1.34813070600001E-06 4.77078311700001E-06 
19 118.264945454 27.4781510686 2.51339458497 0.000169721980536 -9.51082820684E-06 8.85612669278E-08 0.000169988277164457 -1.549784017E-06 4.725450927E-06 
20 118.281884646 27.4771561645 2.51339685847 0.000170016812572 -9.11597171894E-06 2.14699758332E-08 0.000170261028889417 -1.44578102399999E-06 4.68095325899999E-06 
21 118.298822988 27.4761656213 2.51339905694 0.000170017081102 -9.08576760707E-06 -1.4219542517E-08 0.000170259681785351 -1.32328536499998E-06 4.635427597E-06 
22 118.315760105 27.4751787491 2.51340135599 0.000169712138776 -9.44476996246E-06 -3.40874464527E-08 0.000169974747799554 -1.15646988100001E-06 4.61972936900002E-06 
23 118.332696473 27.4741959223 2.51340374952 0.000169695159004 -9.41853465562E-06 -3.28063781921E-08 0.000169956338101026 -1.29612705599999E-06 4.58320338299998E-06 
24 118.349632262 27.4732170701 2.51340622416 0.000169970642029 -9.0047305516E-06 -1.09415736333E-08 0.000170209002240702 -1.61122832700002E-06 4.53932707200001E-06 
25 118.366567196 27.47224161 2.51340881445 0.000170066975756 -8.83201851846E-06 2.25319219323E-08 0.000170296157624269 -2.14143173899998E-06 4.514219502E-06 
26 118.383501946 27.4712700322 2.51341143635 0.00017015507372 -8.68731307441E-06 2.01156920131E-08 0.00017037669713242 -2.469837131E-06 4.476239934E-06 
27 118.400436246 27.4703017179 2.51341402084 0.000168764927402 -1.02488224795E-05 2.04785518513E-07 0.000169075962278283 -2.26607822799999E-06 4.42767334999999E-06 
28 118.41737023 27.469336836 2.51341673083 0.000170114952789 -8.66099267933E-06 1.57344993035E-08 0.00017033528760703 -2.16538179500001E-06 4.39385196300001E-06 
29 118.43430411 27.4683752837 2.51341957201 0.00016990667088 -8.88077505966E-06 5.96830489409E-08 0.000170138615655739 -2.511678759E-06 4.357274583E-06 
30 118.451238107 27.4674171671 2.5134224265 0.000168691191357 -1.03195646815E-05 1.06808292126E-07 0.00016900657639474 -2.29430302099999E-06 4.32393875100001E-06 
31 118.468172565 27.4664629834 2.51342545618 0.000168863917118 -1.02718938931E-05 -1.2896996999E-07 0.000169176094475074 -2.54453874099999E-06 4.28364867200001E-06 
32 118.485106103 27.4655108985 2.51342855187 0.000168732816958 -1.03294908725E-05 -1.15404749787E-08 0.00016904869722494 -2.64342821399999E-06 4.26440655900001E-06 
33 118.502039977 27.4645625926 2.51343180618 0.00017003102805 -8.59255318586E-06 3.31608179503E-08 0.000170248006066537 -2.53180708699999E-06 4.222538625E-06 
34 118.518973398 27.4636173009 2.51343513632 0.000167826651424 -1.11327925308E-05 2.7468501878E-07 0.000168195717690987 -2.746413953E-06 4.19745228199999E-06 
35 118.535906179 27.4626752289 2.51343856985 0.000168977703163 -9.7397790865E-06 1.57221630949E-07 0.000169258241103758 -2.77014944400001E-06 4.17476866500002E-06 
36 118.552838515 27.4617368085 2.51344198252 0.000170078549708 -8.40196538029E-06 2.30841039121E-08 0.000170285955457002 -2.62062085000002E-06 4.119071705E-06 
37 118.569769259 27.4608009852 2.51344539161 0.000170029561899 -8.4186542639E-06 2.48465307023E-08 0.000170237852067427 -2.61655098600001E-06 4.083212726E-06 
38 118.586698841 27.4598684369 2.51344886416 0.000169040718699 -9.53462857E-06 1.69554045658E-07 0.000169309487238066 -2.70776603900001E-06 4.04610563099999E-06 
39 118.603627827 27.4589395958 2.51345236291 0.000166750051538 -1.24144635614E-05 1.49469004163E-07 0.000167211605262393 -2.744241802E-06 4.01083427699998E-06 
40 118.620555457 27.4580132694 2.51345587239 0.000170000706126 -8.32374156053E-06 2.58456089134E-08 0.000170204363706988 -2.76626454499999E-06 3.94673685000002E-06 
41 118.637482405 27.4570902725 2.51345942933 0.000170004263043 -8.28415803449E-06 2.37843487516E-08 0.000170205984891334 -2.79206402700001E-06 3.89741189400002E-06 
42 118.654408094 27.4561697697 2.51346297875 0.000168876058458 -9.57626263196E-06 1.58409723695E-07 0.000169147429835474 -2.95249413400002E-06 3.86962559199998E-06 
43 118.671333201 27.4552526925 2.51346654934 0.000169267767704 -9.15131069513E-06 1.06639169125E-08 0.000169514966255647 -3.28634282099999E-06 3.822020656E-06 
44 118.688257744 27.4543393147 2.51347008762 0.000169928938813 -8.22804254684E-06 2.743569143E-08 0.000170128027329368 -2.88567598E-06 3.738232433E-06 
45 118.705180035 27.453428004 2.51347371854 0.000168971056418 -9.38528398563E-06 4.99634395232E-08 0.000169231509946733 -3.31115774700002E-06 3.684631008E-06 
46 118.722101359 27.4525206183 2.51347727336 0.000168303003657 -1.00574550008E-05 1.85440848526E-07 0.000168603344656533 -3.11087523200001E-06 3.63261013400001E-06 
47 118.739020287 27.4516155717 2.5134809265 0.000169764888306 -8.2996751457E-06 4.4315907797E-08 0.000169967655372934 -3.10244630600002E-06 3.584070698E-06 
48 118.755937212 27.450713441 2.51348447837 0.000169731170879 -8.27284325602E-06 4.4040857734E-08 0.000169932669734493 -3.14215203299999E-06 3.548327747E-06 
49 118.772851624 27.4498143244 2.51348798999 0.000167978587381 -1.06390427714E-05 -1.95725264859E-07 0.000168315279633155 -3.031242281E-06 3.50294014400001E-06 
50 118.789763296 27.4489178948 2.51349160785 0.000168419702902 -9.66390071768E-06 2.09785851625E-07 0.000168696862190091 -3.09058919799999E-06 3.460004767E-06 
51 118.806671808 27.4480234353 2.5134952789 0.000168865407867 -9.30056923906E-06 -8.3340092142E-08 0.000169121357337948 -3.06811196699999E-06 3.41714493400002E-06 
52 118.823578836 27.4471327897 2.51349903384 0.000168364782943 -9.62054294671E-06 2.10978651877E-07 0.000168639554950861 -3.16051837400002E-06 3.370915538E-06 
53 118.840482983 27.4462443669 2.51350285646 0.000169725589502 -7.99760343474E-06 2.722292075E-08 0.0001699139138905 -3.16648910400001E-06 3.33929437900001E-06 
54 118.857383646 27.4453579884 2.51350677629 0.000169612118568 -8.07579207713E-06 3.32156381053E-08 0.000169804270517785 -3.12642873799999E-06 3.28837430399999E-06 
55 118.874282246 27.4444750185 2.51351079675 0.000169569446607 -8.05718562679E-06 2.76673987907E-08 0.000169760761745209 -3.060950636E-06 3.25675619200001E-06 
56 118.891178538 27.4435948366 2.51351496132 0.000169484561146 -8.10561171546E-06 4.91425572465E-08 0.000169678283298497 -3.30573441000001E-06 3.24898168800001E-06 
57 118.908072542 27.4427174022 2.51351908662 0.000169594983051 -7.92723572206E-06 2.94887504152E-08 0.000169780152585184 -3.178764128E-06 3.20081153599999E-06 
58 118.924964224 27.4418425498 2.51352325654 0.000167721172924 -1.04627786145E-05 -1.88485196466E-07 0.000168047306167066 -3.19834025200002E-06 3.186320761E-06 
59 118.941854268 27.4409705335 2.51352754762 0.000169413628984 -8.03932485047E-06 5.0165899721E-08 0.000169604277499706 -3.384892347E-06 3.17606341199999E-06 
60 118.958742965 27.4401013237 2.51353182617 0.000167673776558 -1.04213426986E-05 -1.87154491427E-07 0.000167997424848322 -3.248671274E-06 3.13677191600002E-06 
61 118.975630557 27.4392350726 2.51353620906 0.000169517605896 -7.84860986181E-06 3.09329387694E-08 0.000169699205485238 -3.29648521700001E-06 3.15217645999999E-06 
62 118.992517173 27.4383714221 2.51354069413 0.000168501958279 -8.98664776417E-06 1.75522284315E-07 0.000168741520053505 -3.42291869199999E-06 3.324790517E-06 
63 119.009402692 27.4375102279 2.51354525006 0.000169399603715 -7.92132427289E-06 4.49048599558E-08 0.000169584713737653 -3.317031687E-06 3.39430224100001E-06 
64 119.026287521 27.4366520904 2.51354991576 0.000169329228773 -7.95048219327E-06 5.66060823073E-08 0.000169515784186055 -3.46168299600002E-06 3.27572255000001E-06 
65 119.043172176 27.4357974542 2.51355463052 0.000169465516363 -7.73743200576E-06 3.62469038117E-08 0.000169642065549969 -3.46953976999999E-06 3.19982631800001E-06 
66 119.060055083 27.4349445164 2.51355945661 0.000168436920773 -8.89575792384E-06 1.78629775305E-07 0.000168671760224188 -3.56258306300001E-06 3.171198045E-06 
67 119.076937062 27.4340941946 2.51356428126 0.00016836652261 -8.96261544186E-06 1.77796400333E-07 0.000168604999993779 -3.39753205799999E-06 3.14509582200002E-06 
68 119.093822785 27.4332475428 2.51356938431 0.000169301353243 -7.83446961361E-06 2.75056499834E-08 0.000169482529720908 -3.27594059E-06 3.158170458E-06 
69 119.110711602 27.4324034592 2.51357476272 0.000169150502482 -7.97299769958E-06 7.22055533863E-08 0.000169338319336979 -3.68737957199999E-06 3.18790532499998E-06 
70 119.127600698 27.4315618801 2.51358002704 0.000169323787067 -7.74208314907E-06 4.30708044654E-08 0.000169500697854882 -3.56804615200002E-06 3.19187072500001E-06 
71 119.144490184 27.4307230395 2.51358527877 0.000168979268574 -8.21471621421E-06 1.1003033772E-07 0.000169178860608999 -3.839053095E-06 3.096803586E-06 
72 119.161379121 27.4298866488 2.51359040194 0.000169394660052 -7.60858296918E-06 3.0304780642E-08 0.000169565451396537 -3.565455198E-06 3.19207870700002E-06 
73 119.178268794 27.4290529363 2.51359565159 0.000169380204067 -7.58225511374E-06 3.33088718416E-08 0.000169549831117195 -3.58238321900001E-06 3.19380570300003E-06 
74 119.195159647 27.4282212363 2.51360107234 0.000169414928707 -7.55899199558E-06 2.86900323896E-08 0.000169583481659934 -3.76709390099999E-06 3.166556779E-06 
75 119.212050596 27.4273921467 2.51360656166 0.000170398804668 -8.0302069246E-06 2.28105311011E-07 0.000170588067834676 -3.76765694200002E-06 3.133744992E-06 
76 119.228942328 27.4265655133 2.5136120008 0.000169333214178 -7.58136641327E-06 3.59211452679E-08 0.00016950284903468 -3.64181162100001E-06 3.20450048900002E-06 
77 119.24584224 27.425741645 2.51361748282 0.000169539389207 -7.53732630624E-06 4.19986606611E-08 0.000169706857682348 -3.83777362099999E-06 3.078984205E-06 
78 119.26274449 27.4249197488 2.51362284667 0.000168806910843 -8.16583344996E-06 1.05384541299E-07 0.000169004334530776 -3.55500414899999E-06 3.20002825200002E-06 
79 119.279650733 27.4241007971 2.51362817337 0.000169601826119 -7.44942687511E-06 3.86099032679E-08 0.000169765352396747 -3.93335023100001E-06 3.07039329299998E-06 
80 119.29655767 27.4232835448 2.51363350159 0.00016703876869 -1.06272072915E-05 -1.11064054236E-07 0.000167376521996103 -3.852330961E-06 3.168138551E-06 
81 119.313467454 27.4224686634 2.5136388166 0.000168881282828 -8.15007083636E-06 -1.40232583409E-08 0.000169077826875437 -2.844109621E-06 3.16095070499998E-06 
82 119.33038026 27.4216564818 2.51364427283 0.000169341139345 -7.49170458521E-06 3.72555428102E-08 0.000169506780101063 -4.033040977E-06 3.14115521400001E-06 
83 119.347294928 27.4208462827 2.51364976255 0.000168414835674 -8.57073496321E-06 1.69804134674E-07 0.00016863286514305 -3.93494978499998E-06 3.12475812799999E-06 
84 119.36421205 27.4200381588 2.51365528918 0.000172526526652 -7.21352130793E-06 2.67883778376E-07 0.000172677471170914 -3.430789058E-06 3.09296754299999E-06 
85 119.381130979 27.4192324268 2.51366096613 0.000168477183701 -8.52565661919E-06 1.68887623426E-07 0.000168692847422877 -3.98686298E-06 3.01517485499998E-06 
86 119.398051374 27.4184290682 2.51366656 0.000169378293093 -7.43968687138E-06 3.5639699017E-08 0.000169541606639876 -3.51113083699999E-06 3.04179560599999E-06 
87 119.414974933 27.417628612 2.51367228366 0.000169446243535 -7.34057796197E-06 2.96750090838E-08 0.000169605172130877 -3.59521588699999E-06 3.01124659200002E-06 
88 119.431900206 27.4168301772 2.51367812667 0.00017016878262 -7.30012397856E-06 9.07221126791E-08 0.000170325319958534 -3.60261784300003E-06 2.85538916500002E-06 
89 119.448826528 27.4160336126 2.51368396248 0.000168468793395 -8.46168369997E-06 1.74103222424E-07 0.000168681251924859 -3.55265975899999E-06 2.94314756600002E-06 
90 119.465755433 27.4152398026 2.51368998251 0.000172629215338 -7.4634503635E-06 2.24841155195E-08 0.000172790478861185 -3.41645641500001E-06 2.903110191E-06 
91 119.48268591 27.4144480099 2.51369616024 0.000169490643651 -7.23573210583E-06 3.17229749919E-08 0.00016964502677852 -3.51545650599999E-06 2.871861065E-06 
92 119.49961748 27.4136581575 2.51370237036 0.000168594686567 -8.48090308459E-06 -7.37258007581E-08 0.000168807877456145 -3.727375913E-06 2.91123735600001E-06 
93 119.516549985 27.4128709354 2.51370872361 0.000168016412002 -9.00883480856E-06 1.28695564504E-07 0.000168257809236844 -3.93624217700001E-06 2.841838385E-06 
94 119.533485184 27.4120865398 2.51371511138 0.000171612549044 -7.03909388058E-06 1.92029673469E-07 0.000171756958250414 -3.515605917E-06 2.86011707899999E-06 
95 119.550855427 27.4112518171 2.5137250109 0.000177548785786 -9.99315588479E-06 -3.08099293439E-08 0.000177829793476437 -2.384778332E-06 3.01517918499999E-06 
96 119.568087778 27.4104322459 2.51373474204 0.000169681370018 -8.95816731862E-06 2.60099284577E-07 0.000169917873528748 -2.46859679500002E-06 2.77802772500002E-06 
97 119.585090235 27.409639157 2.51374276898 0.000172620604035 -7.62298583765E-06 9.583631881E-08 0.000172788865483541 -3.45514836599999E-06 2.556545937E-06 
98 119.602084974 27.4088485657 2.51375074837 0.000171006130325 -7.36097815214E-06 7.06498408608E-08 0.000171164498654035 -3.456855747E-06 2.320670389E-06 
99 119.619073685 27.4080607607 2.51375853185 0.000170748750099 -7.63393182425E-06 4.97877975931E-08 0.000170919323232608 -3.68731039999999E-06 2.10545002799999E-06 
100 119.636057627 27.4072757182 2.51376623771 0.000169535010609 -7.09738685069E-06 5.01776633958E-08 0.000169683514933243 -3.42794996099999E-06 1.906025927E-06 
101 119.653037475 27.4064926912 2.51377379799 0.000169988522405 -7.42863866581E-06 6.06693913366E-08 0.000170150774616625 -3.57825189E-06 1.95872015099999E-06 
102 119.670014613 27.4057132083 2.51378116654 0.000169433294321 -7.03031463865E-06 4.63107256507E-08 0.000169579092735715 -3.51944319500002E-06 1.765382582E-06 
103 119.686988608 27.4049359307 2.51378839808 0.000169477644422 -7.02303005755E-06 4.40530236672E-08 0.000169623102349556 -3.52858927300001E-06 1.758262782E-06 
104 119.703958457 27.4041615123 2.51379561604 0.000171205814329 -9.21600985609E-06 -5.94482683421E-08 0.000171453694132906 -3.353497136E-06 1.73333906800001E-06 
105 119.72092341 27.4033892725 2.51380270113 0.000166259958557 -1.11786641292E-05 2.02768735197E-08 0.000166635340676102 -3.427122946E-06 1.80199855199999E-06 
106 119.73788357 27.4026190595 2.5138098828 0.000172123011989 -7.75392406181E-06 1.24092053992E-07 0.000172297620393781 -3.59232638299999E-06 1.837954515E-06 
107 119.754839613 27.4018518392 2.51381693765 0.000167170732199 -9.32861742134E-06 3.27464356082E-07 0.000167431132230084 -3.501131265E-06 1.88066725899998E-06 
108 119.771791192 27.4010862198 2.51382395571 0.000170712976118 -7.16529959502E-06 6.34757378938E-08 0.000170863295539213 -3.44405526900001E-06 1.86253459700001E-06 
109 119.788737979 27.4003231669 2.51383092186 0.000168235859185 -8.15645049224E-06 -5.93420369175E-08 0.000168433475063079 -3.628162532E-06 1.940178491E-06 
110 119.805681074 27.3995626543 2.51383798654 0.000167267430474 -9.45576199586E-06 -1.66793004411E-07 0.000167534571215027 -3.52522571E-06 1.95818939500002E-06 
111 119.822619951 27.3988041225 2.51384511122 0.000170590289653 -7.11967531763E-06 6.26511593246E-08 0.000170738808200393 -3.46055065000001E-06 1.906929978E-06 
112 119.839555351 27.3980486511 2.51385222058 0.000170580664856 -7.0848268507E-06 6.49310507229E-08 0.00017072774294256 -3.51115421199998E-06 1.93883895199999E-06 
113 119.856486981 27.3972951009 2.51385937717 0.000169008287995 -6.83375836282E-06 4.89634231522E-08 0.000169146398311578 -3.61529294199997E-06 1.975493569E-06 
114 119.873415071 27.3965439763 2.51386666535 0.000168940151704 -6.81272148373E-06 5.16311755346E-08 0.000169077469514905 -3.531877811E-06 2.01012445600002E-06 
115 119.890340229 27.3957949566 2.51387400891 0.000167906998094 -7.96941870171E-06 1.96122709658E-07 0.000168096133529296 -3.655482312E-06 2.02614179800002E-06 
116 119.90726349 27.3950488092 2.51388138915 0.000168939480958 -6.97702898238E-06 6.9485878528E-08 0.000169083505961009 -3.511745251E-06 1.94764823799998E-06 
117 119.924182753 27.3943047921 2.51388875159 0.000168338404141 -7.35973909359E-06 1.32405370716E-07 0.000168499262904757 -3.578790641E-06 2.04781664300003E-06 
118 119.94110093 27.3935633804 2.51389610645 0.000171985064802 -7.21868454426E-06 8.16700128628E-08 0.000172136511500288 -3.59197963699999E-06 2.08410492E-06 
119 119.95801732 27.392824412 2.51390360456 0.000169879461796 -9.58484624777E-06 3.65223128973E-07 0.000170150034397957 -3.53290250999999E-06 2.08259810199999E-06 
120 119.974931577 27.3920874726 2.5139111283 0.000170908666672 -8.35723078916E-06 2.27209343508E-07 0.000171113024852434 -3.661314812E-06 2.13399999800002E-06 
121 119.991844994 27.3913540013 2.51391869863 0.000168784762047 -6.6712332164E-06 5.61743070297E-08 0.000168916560489026 -3.614020142E-06 2.28635848099998E-06 
122 120.008756687 27.3906219224 2.51392642441 0.000168802590322 -6.69438587506E-06 5.44151752107E-08 0.000168935290163638 -3.62619286500002E-06 2.32924603E-06 
123 120.025667374 27.3898929177 2.51393420839 0.00016789421895 -8.43954936067E-06 -8.75712839228E-08 0.000168106223617603 -3.48105418800001E-06 2.317799564E-06 
124 120.042576735 27.3891658708 2.513942027 0.000170633525082 -8.8361489886E-06 -5.89721336351E-08 0.000170862169272694 -3.508869774E-06 2.30466767299999E-06 
125 120.059484716 27.3884408051 2.51394987496 0.000168687974788 -6.65546216831E-06 5.98533285793E-08 0.000168819227569527 -3.69586272500001E-06 2.24986380399999E-06 
126 120.076391521 27.3877187977 2.51395772595 0.000169086431249 -6.64179282237E-06 5.65403301492E-08 0.000169216836754583 -3.62759359599999E-06 2.171025765E-06 
127 120.093297325 27.3869985125 2.51396559239 0.000169772244197 -9.43335000563E-06 3.64690195763E-07 0.00017003451411685 -3.71759320500002E-06 2.25111067700002E-06 
128 120.110203381 27.3862813153 2.51397336718 0.000167322176099 -8.14861797983E-06 2.45892516861E-07 0.000167520658584593 -3.706797777E-06 2.235619576E-06 
129 120.127107296 27.3855653077 2.51398108489 0.000168868914941 -6.5623497385E-06 5.16298828957E-08 0.00016899638319528 -3.72441326200001E-06 2.192112807E-06 
130 120.144011451 27.3848520583 2.51398875234 0.000169679747197 -7.35504653357E-06 1.45526154237E-07 0.000169839143003638 -3.601959085E-06 2.20692322E-06 
131 120.160915063 27.3841410021 2.51399627827 0.000170618713023 -6.9868595062E-06 9.0021585568E-08 0.000170761733252126 -3.63784203900002E-06 2.28226461700001E-06 
132 120.177818073 27.3834316332 2.51400374184 0.000167614007124 -7.7007329255E-06 2.03061661813E-07 0.000167790935112099 -3.579301671E-06 2.27020495E-06 
133 120.194721757 27.3827252497 2.5140112634 0.000168748901844 -6.49558057272E-06 5.49544273216E-08 0.000168873880338321 -3.62000260999999E-06 2.26263641599998E-06 
134 120.211626879 27.3820212279 2.51401886841 0.00016904853902 -6.50807730433E-06 5.41644309244E-08 0.000169173776185262 -3.545093175E-06 2.26340748000001E-06 
135 120.228531373 27.3813184348 2.51402650795 0.000170173258502 -6.66710522918E-06 6.584839468E-08 0.000170303824200564 -3.53412710600001E-06 2.28782191800001E-06 
136 120.245434887 27.3806179304 2.5140340907 0.000170770318865 -6.73110839776E-06 6.99088428019E-08 0.000170902938865201 -3.67708505299999E-06 2.367050841E-06 
137 120.262341221 27.3799196409 2.51404163957 0.000168645080888 -6.44733827186E-06 5.83217420844E-08 0.000168768287542232 -3.59300684400001E-06 2.340333418E-06 
138 120.279249067 27.3792236622 2.51404902639 0.000168720396602 -6.38639244793E-06 5.12597590253E-08 0.000168841229756236 -3.74722758899999E-06 2.31687808100001E-06 
139 120.296157298 27.3785298959 2.51405640601 0.000168783722145 -6.3745749314E-06 5.00072987572E-08 0.000168904063205734 -3.664994807E-06 2.28960592400001E-06 
140 120.313067629 27.3778379533 2.51406376988 0.00016907980935 -6.40472674866E-06 5.11316865913E-08 0.000169201078805682 -3.68341584000001E-06 2.27583355400001E-06 
141 120.329979176 27.3771480033 2.5140711456 0.000168578446643 -7.70597010989E-06 -5.0324567475E-08 0.000168754487882437 -3.00619102600001E-06 2.26297001500002E-06 
142 120.346891852 27.3764600935 2.51407862839 0.000170221760529 -6.54931160655E-06 6.15626305043E-08 0.000170347718006639 -3.57152833600001E-06 2.24729842400001E-06 
143 120.363805784 27.3757754943 2.51408600723 0.00017083485353 -6.60762251543E-06 6.64224570608E-08 0.000170962604881494 -3.67845567200001E-06 2.29061769400001E-06 
144 120.380721491 27.375092256 2.51409350656 0.000168732776507 -6.32365463952E-06 5.83947578951E-08 0.000168851241883822 -3.633485594E-06 2.27797591700001E-06 
145 120.397637836 27.3744115637 2.51410088639 0.000168807788193 -6.26521824016E-06 5.03458063283E-08 0.000168924020935182 -3.53177265E-06 2.23268835399998E-06 
146 120.414556187 27.3737326915 2.51410823836 0.00016894564738 -6.31155953045E-06 5.34244041519E-08 0.000169063509979299 -3.37297305499999E-06 2.18159106200001E-06 
147 120.431476352 27.3730560173 2.51411567021 0.000170271580571 -6.49138074545E-06 6.13498940746E-08 0.000170395284377058 -3.48140117499999E-06 2.171190156E-06 
148 120.448396676 27.3723818175 2.51412306775 0.000168811633946 -6.19098806627E-06 5.44044285203E-08 0.000168925128529171 -3.53096910900001E-06 2.16548774800002E-06 
149 120.465320203 27.3717091523 2.51413068819 0.000168860359684 -6.39671168847E-06 7.30796473078E-08 0.000168981491097901 -3.375197118E-06 2.10674802600001E-06 
150 120.48224263 27.371038142 2.51413827183 0.000170726933733 -6.74519573867E-06 7.18118912522E-08 0.000170860143756152 -3.513759223E-06 2.12876456299999E-06 
151 120.499168994 27.3703707406 2.5141459335 0.000166379699376 -9.52128139632E-06 1.03092768773E-07 0.000166651942058876 -3.205591061E-06 2.05714099100001E-06 
152 120.516094591 27.3697036048 2.51415365029 0.000168840413404 -6.1367178651E-06 5.82012215785E-08 0.000168951909997998 -3.32238373899999E-06 2.083533945E-06 
153 120.533021808 27.3690398257 2.51416135112 0.000171967342399 -6.59281202364E-06 6.83199450257E-08 0.000172093685792852 -3.214155795E-06 2.06929118800001E-06 
154 120.549949432 27.3683776249 2.51416898911 0.000170371325261 -6.33576984748E-06 6.14689828999E-08 0.000170489102963168 -3.17911224699999E-06 2.058847538E-06 
155 120.566878346 27.3677169191 2.51417656747 0.000168490377924 -8.92869329926E-06 -1.52498257994E-07 0.000168726856998888 -3.07035181499999E-06 2.02847688400001E-06 
156 120.583804612 27.3670593259 2.51418403391 0.000171731894158 -6.8596632894E-06 4.55954397221E-08 0.000171868846887627 -3.57351724400001E-06 2.01850040400001E-06 
157 120.600733492 27.3664044138 2.51419156076 0.000168828787355 -6.04515827745E-06 5.71921216949E-08 0.000168936990174734 -3.101233041E-06 1.970763274E-06 
158 120.617660874 27.3657504339 2.51419901584 0.000169103787404 -6.78121595018E-06 4.83243697032E-09 0.000169239699324634 -3.60034178800001E-06 1.99734923800001E-06 
159 120.63458927 27.3650994246 2.51420656697 0.000167619852398 -7.77160025118E-06 -8.89855502338E-08 0.000167799942213398 -2.98117866299999E-06 1.87978116500002E-06 
160 120.651514978 27.3644495715 2.51421400863 0.000170297385085 -6.23762117204E-06 5.97629332263E-08 0.000170411592493829 -3.014064767E-06 1.851357329E-06 
161 120.668440488 27.3638027585 2.5142215162 0.000168806636557 -5.97803816236E-06 5.8052044135E-08 0.000168912465069922 -3.00949559100001E-06 1.79066498999999E-06 
162 120.685364344 27.3631573667 2.51422906646 0.000168843722365 -5.98887525388E-06 5.26120600024E-08 0.000168949909668234 -2.95514051700001E-06 1.71498947800001E-06 
163 120.702285749 27.3625153498 2.51423667077 0.000169125208442 -6.00525967665E-06 5.44181006993E-08 0.000169231800308522 -2.840260232E-06 1.67212041000001E-06 
164 120.719202977 27.3618742472 2.51424434239 0.000167486562945 -7.56588988244E-06 2.49629020098E-07 0.000167657549103792 -2.85372931200001E-06 1.622351835E-06 
165 120.736118554 27.3612354452 2.51425205842 0.000168688613037 -5.87417088969E-06 5.95339609121E-08 0.000168790869410287 -2.92368207400001E-06 1.67626041299999E-06 
166 120.753033506 27.3606010378 2.51425987609 0.000169453064739 -6.00828899224E-06 5.61602509447E-08 0.000169559558385919 -2.88150516899999E-06 1.50123778499999E-06 
167 120.769946463 27.3599692521 2.51426764828 0.000171719413278 -6.3470863342E-06 6.39128375098E-08 0.000171836685507854 -2.91012592099998E-06 1.662891738E-06 
168 120.786852907 27.3593384057 2.51427546823 0.000168563816706 -5.83948439345E-06 6.30263361486E-08 0.000168664945536393 -3.01066470699999E-06 1.633889972E-06 
169 120.80375831 27.358709909 2.51428341582 0.000168556330051 -5.87038958917E-06 6.32646528689E-08 0.000168658536328899 -2.90028774199998E-06 1.586342762E-06 
170 120.820661892 27.3580835348 2.51429137578 0.000168614037845 -5.82649067374E-06 5.91057977891E-08 0.000168714685921118 -2.932116281E-06 1.500468853E-06 
171 120.837564286 27.3574588633 2.51429943313 0.000168618709816 -5.81097246371E-06 5.8375069595E-08 0.000168718819663472 -3.04535284400003E-06 1.47564068399999E-06 
172 120.854462935 27.3568359015 2.51430763116 0.00016852739533 -5.80926201868E-06 6.07416741854E-08 0.000168627501290468 -2.95145778E-06 1.42797871600001E-06 
173 120.871359469 27.356215563 2.51431582945 0.000168496598345 -5.85587183235E-06 6.57824957257E-08 0.000168598336931566 -2.94379627399999E-06 1.407114497E-06 
174 120.888257578 27.3555957473 2.51432426092 0.000168391563501 -5.84857959996E-06 7.72663784299E-08 0.000168493117104948 -2.96979480800001E-06 1.46435870099999E-06 
175 120.905153127 27.3549795797 2.51433268338 0.000169993346004 -6.66351010571E-06 1.5260702979E-07 0.000170123964630119 -2.93652905599998E-06 1.47987749600002E-06 
176 120.922044375 27.3543646113 2.51434110733 0.000168747683462 -5.81781043365E-06 6.83654470259E-08 0.000168847956060675 -2.90300463499999E-06 1.27899500100001E-06 
177 120.938936536 27.3537522745 2.51434971334 0.000168138040726 -6.01549747484E-06 1.12814077237E-07 0.00016824565277018 -3.03165167700001E-06 1.459463343E-06 
178 120.955828927 27.3531419608 2.51435832236 0.000168536996351 -5.77814442691E-06 6.8056660796E-08 0.000168636030324911 -2.973990668E-06 1.28604854900003E-06 
179 120.972721667 27.3525346776 2.51436697591 0.000170123901437 -7.75530623262E-06 2.67818001482E-07 0.000170300787847237 -2.81446906200001E-06 1.43896796600001E-06 
180 120.989611257 27.3519283013 2.51437577995 0.000170454063644 -5.97530450677E-06 7.18343205343E-08 0.000170558779418918 -2.93039587900002E-06 1.577726424E-06 
181 121.006502449 27.3513242497 2.51438459266 0.000168345821383 -5.63571650418E-06 7.43096085723E-08 0.000168440144857306 -3.04753616500001E-06 1.645726335E-06 
182 121.023391077 27.3507222279 2.51439353743 0.000170437609214 -5.94014562537E-06 7.44531570849E-08 0.000170541107970798 -2.93203376000001E-06 1.674460456E-06 
183 121.04028231 27.3501217102 2.51440254252 0.000169121383829 -5.73778966405E-06 6.80280749883E-08 0.000169218702649216 -3.01576545699999E-06 1.551920681E-06 
184 121.057171867 27.3495227851 2.51441160729 0.000167300421614 -6.79015049721E-06 2.22471019743E-07 0.00016743830717417 -2.96892828599999E-06 1.52061770000001E-06 
185 121.074060369 27.3489268408 2.51442066138 0.000169867623651 -5.82527310495E-06 7.2469689942E-08 0.000169967492843311 -2.81957762E-06 1.42740377899998E-06 
186 121.090949217 27.3483325503 2.51442966816 0.000167434203725 -6.83423218306E-06 -3.16513337004E-08 0.000167573626529844 -2.58186965300001E-06 1.48396220299999E-06 
187 121.107839083 27.3477399975 2.51443858979 0.000166282041308 -7.94657724429E-06 3.63061439442E-07 0.000166472211389961 -3.05620044099999E-06 1.450579315E-06 
188 121.124727735 27.3471496176 2.51444748692 0.000168333415099 -5.54864441712E-06 6.94098022712E-08 0.000168424852416383 -2.90293230099998E-06 1.43889796199999E-06 
189 121.141617319 27.3465602928 2.51445620797 0.000168373426203 -5.52968265052E-06 6.69016407153E-08 0.000168464217320421 -3.045285241E-06 1.46250434500002E-06 
190 121.158506103 27.3459622726 2.51446494502 0.000168302874854 -5.54454207143E-06 7.22883243743E-08 0.000168394194842058 -2.75428259499999E-06 1.469950576E-06 
191 121.175395632 27.3453751769 2.51447353655 0.000168824847716 -6.94658080776E-06 2.19911956393E-07 0.000168967844729457 -2.77825804699999E-06 1.412587415E-06 
192 121.192288096 27.3447888455 2.5144821425 0.000168496056127 -5.5575174262E-06 6.37819331379E-08 0.000168587695275873 -2.770284621E-06 1.42470949600002E-06 
193 121.209183576 27.3442043698 2.51449081518 0.000170460669651 -5.8160266327E-06 6.93912335975E-08 0.000170559874761923 -2.714199963E-06 1.504954033E-06 
194 121.226078289 27.3436218954 2.51449944095 0.000168276851121 -5.82807209486E-06 8.27987231938E-08 0.000168377765465547 -2.527303904E-06 1.47256252300003E-06 
195 121.24297507 27.3430427216 2.5145080763 0.000171471772499 -5.93503042158E-06 6.74113035477E-08 0.000171574467489594 -2.716367257E-06 1.52680248900001E-06 
196 121.259872446 27.3424650719 2.51451669399 0.000167885352648 -6.04336097158E-06 1.50090613818E-07 0.000167994155769683 -2.79798016200001E-06 1.52041169599999E-06 
197 121.276774208 27.34188958 2.51452517452 0.000168634385728 -5.47468307907E-06 6.22482171222E-08 0.000168723241076968 -2.692170815E-06 1.47205481399999E-06 
198 121.293675824 27.3413152099 2.51453358448 0.000169817699705 -5.82194719688E-06 6.25942123793E-08 0.000169917480325881 -2.46781206700002E-06 1.45732227699999E-06 
199 121.31057961 27.3407446125 2.51454202581 0.000168467505635 -8.10069986597E-06 3.62367171103E-07 0.000168662542086748 -2.81919449100001E-06 1.48170727600001E-06 
200 121.327485584 27.3401746975 2.51455040376 0.000168462451583 -5.37347312076E-06 6.75678376963E-08 0.00016854814259477 -2.98356386099999E-06 1.465944854E-06 
201 121.344392182 27.3396072935 2.5145588381 0.000167524133371 -6.5658665344E-06 2.13965405887E-07 0.000167652890360551 -2.96478226499998E-06 1.428353835E-06 
202 121.36130458 27.33904184 2.51456727924 0.000168872115314 -5.40783564251E-06 6.17243823867E-08 0.000168958692664393 -2.72454422900001E-06 1.42106064000001E-06 
203 121.378215119 27.3384789583 2.51457561899 0.000169997326867 -5.55492582562E-06 6.41462816334E-08 0.000170088072649434 -2.832327895E-06 1.40223665999999E-06 
204 121.395128947 27.3379191792 2.51458400901 0.000168525515172 -5.30665575021E-06 7.01024053707E-08 0.000168609058990276 -2.637085789E-06 1.386967366E-06 
205 121.412043929 27.3373598312 2.51459224653 0.00016755828433 -6.47319912822E-06 2.15702821192E-07 0.000167683414451978 -2.70995928800002E-06 1.34376087600001E-06 
206 121.428961316 27.3368031307 2.51460049302 0.00016893070488 -5.33631423878E-06 6.06560245535E-08 0.000169014978567173 -2.61785180900002E-06 1.349708894E-06 
207 121.445880879 27.3362480557 2.51460874645 0.000170679375157 -5.57764005089E-06 6.26689175506E-08 0.000170770498330111 -2.60389514499998E-06 1.288921908E-06 
208 121.462800436 27.3356938881 2.51461704781 0.000168656321626 -5.2579479438E-06 6.28055837904E-08 0.000168738273031147 -2.59573084900001E-06 1.25493395999998E-06 
209 121.479720607 27.3351422557 2.51462547821 0.000170693314443 -5.55263165696E-06 6.44190138235E-08 0.000170783615911082 -2.58204917199999E-06 1.249178177E-06 
210 121.496644186 27.33459234 2.51463387173 0.000168780031808 -5.24581194738E-06 6.29623408761E-08 0.000168861545783382 -2.55700653899998E-06 1.23888997400002E-06 
211 121.513571548 27.3340431522 2.51464230235 0.000168646281179 -5.19974516879E-06 6.93678552368E-08 0.000168726436331791 -2.618118689E-06 1.19935597600002E-06 
212 121.530498456 27.3334964469 2.51465077102 0.000168617907784 -5.18753360599E-06 7.19446629206E-08 0.000168697701544512 -2.64067134899998E-06 1.180701187E-06 
213 121.547424538 27.3329508745 2.51465918797 0.000168654068816 -5.18928007872E-06 7.04047685251E-08 0.000168733898528893 -2.59384940899999E-06 1.168003832E-06 
214 121.564354702 27.3324079041 2.51466740757 0.000168661967287 -5.16003873702E-06 6.6754718526E-08 0.000168740895058314 -2.60140052500002E-06 1.15138991399998E-06 
215 121.581282722 27.3318661454 2.5146755299 0.000169018698403 -5.20851869743E-06 6.01030670793E-08 0.000169098943489439 -2.51787669799998E-06 1.22656498899998E-06 
216 121.598210727 27.331327832 2.51468364282 0.000168641373363 -5.06225632427E-06 6.90427631796E-08 0.000168717349480587 -2.57306371700001E-06 1.11952074799998E-06 
217 121.615138062 27.3307900796 2.51469167108 0.000169396727078 -5.21884315164E-06 6.18906377297E-08 0.000169477111431104 -2.55268612900001E-06 1.20902433199999E-06 
218 121.632067644 27.3302551187 2.51469971994 0.000168635392551 -5.08664293778E-06 7.034242357E-08 0.000168712105390404 -2.549256264E-06 1.04058450299999E-06 
219 121.648995567 27.3297205897 2.51470781392 0.000168996955967 -5.25515606011E-06 6.19431203095E-08 0.000169078655152797 -2.40780008299999E-06 1.05935889099999E-06 
220 121.665920911 27.3291877842 2.5147159747 0.000170106452081 -5.29608758311E-06 6.37058040477E-08 0.000170188888126408 -2.49663909199999E-06 9.83747909999991E-07 
221 121.682845935 27.3286546695 2.51472410384 0.000170672580671 -5.41500094896E-06 6.32381654974E-08 0.000170758472783174 -2.44951217400001E-06 9.21632710999994E-07 
222 121.69976499 27.3281221759 2.51473231345 0.000170568894566 -5.41506857202E-06 6.3876859535E-08 0.000170654841247941 -2.46450703299999E-06 8.73403638999994E-07 
223 121.71668067 27.3275876603 2.51474056959 0.000170018519056 -5.32328858642E-06 6.48675454743E-08 0.000170101847230323 -2.409250335E-06 8.49427304999982E-07 
224 121.733592842 27.3270545411 2.51474879555 0.00016849290537 -5.07480000107E-06 6.91367122233E-08 0.000168569325605104 -2.441808803E-06 8.41401111000006E-07 
225 121.750503662 27.3265242126 2.51475707977 0.000169217895126 -5.15708015167E-06 6.51985608265E-08 0.000169296472962129 -2.37890012699999E-06 7.70017280000003E-07 
226 121.767416003 27.3259956669 2.51476543213 0.000169928896049 -5.27698351594E-06 6.64050069593E-08 0.000170010825176176 -2.43538900100002E-06 7.4496764100002E-07 
227 121.784320983 27.3254688177 2.51477383939 0.00016969450023 -5.56288537432E-06 1.11200563064E-07 0.000169785692764622 -2.52437726900001E-06 7.44860014000016E-07 
228 121.801228891 27.3249443578 2.51478222926 0.000169933493675 -5.24701504122E-06 6.68426409442E-08 0.000170014493227409 -2.45703325600001E-06 7.11212702999989E-07 
229 121.818132222 27.3244206681 2.5147906896 0.000169762356015 -5.37725635059E-06 9.13850272524E-08 0.000169847522080385 -2.53489893099998E-06 6.86157115000006E-07 
230 121.835032361 27.3239005263 2.51479917447 0.000169834351223 -5.20001827329E-06 6.9356683225E-08 0.000169913954270182 -2.46169895E-06 6.27797632999993E-07 
231 121.851932563 27.3233817653 2.514807739 0.000169068014051 -5.0748535504E-06 6.93808473319E-08 0.000169144176155755 -2.43051920000001E-06 5.72774761000019E-07 
232 121.868828787 27.3228642507 2.51481636369 0.000168415904318 -4.97349221678E-06 7.08650967424E-08 0.000168489339348049 -2.499682957E-06 5.78767423000005E-07 
233 121.885724197 27.3223480983 2.51482508332 0.000168328157274 -4.92451757025E-06 7.62062561678E-08 0.000168400193622079 -2.55464822399999E-06 6.40702789000004E-07 
234 121.902615605 27.3218327006 2.51483389337 0.00017005289744 -5.55022638827E-06 1.15055180053E-07 0.000170143487029021 -2.650685189E-06 6.64217097999997E-07 
235 121.919510069 27.3213208653 2.51484272196 0.000168670395915 -4.95676742296E-06 7.25493201306E-08 0.000168743228796927 -2.54766505300002E-06 5.75352954999998E-07 
236 121.936401701 27.3208087991 2.51485161667 0.000167730326761 -5.51269564968E-06 1.69890662164E-07 0.000167820979592883 -2.612638097E-06 6.60748428999992E-07 
237 121.953293505 27.3203000318 2.51486053803 0.000168617254205 -4.90501003393E-06 7.50349085927E-08 0.000168688598219631 -2.546717785E-06 5.42784958000017E-07 
238 121.97018506 27.3197935331 2.51486954514 0.000170248369197 -5.15836563748E-06 7.60659852981E-08 0.000170326515071266 -2.57708561699998E-06 6.28143739999986E-07 
239 121.987073409 27.3192877819 2.51487861339 0.000168217714242 -4.80969042336E-06 8.43826572214E-08 0.000168286480821261 -2.63722413600001E-06 7.19840912999977E-07 
240 122.003961631 27.3187844911 2.5148877463 0.000168260439525 -4.8141632558E-06 7.85533945311E-08 0.000168329313690859 -2.690005315E-06 7.67300676999996E-07 
241 122.020850391 27.318283709 2.51489685844 0.000168269552252 -4.79122911119E-06 7.99478522815E-08 0.000168337769033404 -2.66284946399999E-06 8.17665697000009E-07 
242 122.037737165 27.3177829956 2.51490611576 0.00016823234188 -4.81919115247E-06 7.966708072E-08 0.000168301371963026 -2.68034110799999E-06 8.46156517000002E-07 
243 122.054625405 27.3172843376 2.51491529188 0.000167148753955 -5.94858355012E-06 2.41909938146E-07 0.000167254746166977 -2.77139460599999E-06 8.48370129000002E-07 
244 122.071514119 27.3167846154 2.51492444093 0.000170249345581 -5.08443557527E-06 7.80944949148E-08 0.000170325268984458 -2.704756156E-06 7.72250458999987E-07 
245 122.088400885 27.3162902691 2.51493350939 0.000167126269395 -6.40073477745E-06 2.82202729768E-07 0.000167249032780348 -2.70519318499999E-06 7.06136977999991E-07 
246 122.105284153 27.3157968036 2.51494257681 0.000167855483734 -5.01535007066E-06 1.30640816116E-07 0.000167930444598141 -2.867507528E-06 7.30790184000021E-07 
247 122.122172122 27.3153062234 2.51495140947 0.000168519589093 -4.77488973153E-06 7.58698300252E-08 0.000168587239245006 -2.73139328500001E-06 6.92317930000007E-07 
248 122.139056321 27.3148157645 2.51496023153 0.000171241456182 -5.16186010755E-06 6.70786844518E-08 0.000171319250566455 -2.84729053199998E-06 7.28622174999994E-07 
249 122.155945163 27.3143273478 2.51496887907 0.000168239773241 -4.72831834013E-06 8.08912590668E-08 0.000168306223408121 -2.81587895900002E-06 7.45657999999994E-07 
250 122.172830818 27.3138407542 2.51497742228 0.000168251031171 -4.6646855273E-06 7.39707850173E-08 0.000168315698177117 -2.82266707500001E-06 7.36137545999995E-07 
251 122.189717782 27.3133561709 2.51498584864 0.000168514117495 -4.71153726522E-06 7.34446546454E-08 0.00016857998627547 -2.74597204600002E-06 7.22746459999997E-07 
252 122.206604763 27.3128721613 2.51499436595 0.000168928305189 -4.75354071226E-06 7.33969516434E-08 0.000168995188778981 -2.848737495E-06 7.44213454000005E-07 
253 122.223494378 27.3123901429 2.51500279365 0.000169614172473 -4.86217735224E-06 7.34031057401E-08 0.000169683863877274 -2.85447043200002E-06 7.23626408000015E-07 
254 122.240380784 27.3119096454 2.51501118034 0.000171297345271 -5.08138582278E-06 6.52355926307E-08 0.000171372708546182 -2.89033546699998E-06 8.02878924999998E-07 
255 122.257273573 27.311431624 2.51501944245 0.00017124651683 -5.05095772843E-06 6.47633161261E-08 0.000171321002491431 -2.839078321E-06 7.87145456999992E-07 
256 122.274164176 27.3109540957 2.51502772865 0.000170274923599 -4.88881863218E-06 6.90296757933E-08 0.000170345105357799 -2.98623823599998E-06 8.00246482000004E-07 
257 122.291056791 27.3104793382 2.51503587289 0.000168193893204 -4.55049864002E-06 8.40991847056E-08 0.000168255460005505 -3.01252904100002E-06 7.84044253999999E-07 
258 122.307950652 27.3100054218 2.51504398842 0.000168223306251 -4.52877155786E-06 8.16582557079E-08 0.000168284274981092 -3.07176174800002E-06 7.80099988999993E-07 
259 122.324847082 27.3095334591 2.51505209506 0.000168219866225 -4.51712530917E-06 7.79962662436E-08 0.000168280521443313 -3.149900546E-06 7.65710908000013E-07 
260 122.341740318 27.3090630977 2.51506017197 0.000168253546012 -4.63164729647E-06 8.42674687243E-08 0.000168317304527186 -3.153708328E-06 7.57613119000008E-07 
261 122.358644284 27.3085937846 2.5150681635 0.000168672430085 -4.5795024356E-06 7.0705851364E-08 0.000168734600816354 -3.006198225E-06 7.78463988000011E-07 
262 122.375542728 27.3081277473 2.51507613879 0.000171402356938 -4.93839091144E-06 6.19148923937E-08 0.000171473495042673 -2.91527344300002E-06 6.93229507999995E-07 
263 122.392445522 27.3076630295 2.51508406641 0.000168341694245 -4.46017754684E-06 7.74905718087E-08 0.000168400787438228 -2.91102299600002E-06 6.92280273999999E-07 
264 122.409349449 27.3071996332 2.5150919144 0.000168660832683 -4.51151925911E-06 6.93551250761E-08 0.000168721175604847 -2.86411636299998E-06 7.17565745999974E-07 
265 122.426258101 27.3067339148 2.51509972702 0.000168289048411 -4.39255436883E-06 7.94078672366E-08 0.000168346382956606 -2.92846857399999E-06 6.33951260000016E-07 
266 122.443161592 27.3062738231 2.51510745945 0.000169816249391 -4.66357590385E-06 6.97005553912E-08 0.000169880288307987 -2.87161813499999E-06 6.14400300999994E-07 
267 122.460069084 27.3058147691 2.51511520911 0.000168511203051 -4.43850018185E-06 6.97339087735E-08 0.000168569661269096 -2.832054547E-06 6.22325662000007E-07 
268 122.476977503 27.3053570456 2.51512301886 0.000168445192581 -4.41884873252E-06 7.13498034504E-08 0.000168503157889001 -2.844518997E-06 5.90905820000001E-07 
269 122.493888728 27.3049011727 2.51513081138 0.000168482909713 -4.39273701105E-06 7.23537689718E-08 0.000168540179894514 -2.83430054199999E-06 5.78045966000016E-07 
270 122.510799208 27.3044471271 2.51513863858 0.000168703342114 -4.43974268923E-06 7.1148037067E-08 0.000168761767049362 -2.786670018E-06 6.27350124999989E-07 
271 122.527710559 27.3039941098 2.51514647752 0.000170517059223 -4.66093232754E-06 6.83993022298E-08 0.00017058076226435 -2.799637377E-06 5.18119271999989E-07 
272 122.544624779 27.3035431506 2.5151542538 0.000168574778411 -4.37624650979E-06 6.92988474203E-08 0.000168631587349946 -2.77650705000001E-06 5.90198983999978E-07 
273 122.561536445 27.3030934495 2.5151617908 0.000168437801339 -4.32081583953E-06 7.22115752094E-08 0.00016849322711595 -2.726547676E-06 5.11955629E-07 
274 122.578452706 27.3026457191 2.51516918469 0.0001684480024 -4.30631366501E-06 7.09100697396E-08 0.000168503053023291 -2.671930769E-06 5.03829245999997E-07 
275 122.595366431 27.3022003232 2.51517650679 0.000168473762113 -4.30529816287E-06 6.71934876543E-08 0.00016852877685352 -2.68811648899999E-06 5.33600334000003E-07 
276 122.612280465 27.3017568464 2.51518373078 0.000168748243997 -4.34360903498E-06 6.58990628052E-08 0.000168804150228027 -2.59590527000001E-06 5.9381077300002E-07 
277 122.629193314 27.3013142313 2.51519095299 0.000169096145434 -4.38143143959E-06 6.74345180944E-08 0.000169152912743206 -2.54102372499999E-06 5.63677064999987E-07 
278 122.646104387 27.3008744258 2.51519822303 0.000169893063417 -4.4790901083E-06 6.73497174153E-08 0.00016995211025873 -2.523621082E-06 4.40726702999984E-07 
279 122.663015153 27.3004357491 2.51520547901 0.000169061036762 -4.35463893122E-06 6.89722694292E-08 0.000169117124468333 -2.505599782E-06 4.5662893200001E-07 
280 122.679920886 27.2999986911 2.51521277355 0.000168634051712 -4.27273964494E-06 6.79690137017E-08 0.000168688186666007 -2.48721569300002E-06 3.93986972999999E-07 
281 122.696826029 27.2995633654 2.51522011839 0.000168306965068 -4.19601755151E-06 7.3941672156E-08 0.000168359278096173 -2.545467591E-06 3.05006320999989E-07 
282 122.713728585 27.2991297338 2.51522745813 0.000171434941495 -4.6612190668E-06 5.69054737096E-08 0.000171498307183528 -2.49060742E-06 2.78441025000007E-07 
283 122.730632173 27.2986970926 2.51523495711 0.000168199568732 -4.18179572144E-06 7.50400001018E-08 0.000168251561562109 -2.63254987399998E-06 2.78615956999991E-07 
284 122.747528924 27.2982666812 2.5152423735 0.000168393320006 -4.19350801601E-06 7.14459165315E-08 0.000168445542644032 -2.53411229500001E-06 2.58011785999988E-07 
285 122.764424305 27.2978369004 2.51524995542 0.000168367346379 -4.17835422095E-06 7.16395945145E-08 0.000168419200517439 -2.586634204E-06 2.39739478000015E-07 
286 122.781314977 27.2974090317 2.5152575074 0.000168225214477 -4.14960770286E-06 7.45945859696E-08 0.000168276402369056 -2.58659913799999E-06 2.25354998999996E-07 
287 122.79820713 27.2969833249 2.51526504777 0.000166175690417 -6.53122776181E-06 3.85827376155E-07 0.000166304437356336 -2.558537411E-06 2.06197466000004E-07 
288 122.815096128 27.2965587719 2.51527260683 0.000168185358045 -4.12848414504E-06 7.50933404658E-08 0.000168236038591826 -2.548990703E-06 1.71316750000017E-07 
289 122.831981123 27.2961351133 2.51528018427 0.000168087666113 -4.09466131736E-06 7.92974199443E-08 0.000168137550947729 -2.53727569400001E-06 1.47349899999989E-07 
290 122.848866861 27.2957139724 2.51528780895 0.000168088319177 -4.0853355964E-06 7.95853042819E-08 0.000168137977103642 -2.547520141E-06 1.19884997000003E-07 
291 122.8657497 27.295293222 2.51529538832 0.000167997767239 -4.05981118204E-06 8.36531215534E-08 0.00016804683532268 -2.548705306E-06 1.00403157000001E-07 
292 122.882630963 27.2948741165 2.51530302351 0.00016797419113 -4.07048146726E-06 8.79552340807E-08 0.000168023526451733 -2.57875926699998E-06 9.31410419999928E-08 
293 122.899510774 27.2944569636 2.51531071474 0.000170058163207 -4.36732088322E-06 7.2368472219E-08 0.000170114248674917 -2.56932964599999E-06 8.20126200000058E-08 
294 122.916388634 27.2940403441 2.51531845124 0.00016955221712 -4.25777730294E-06 7.50389850456E-08 0.000169605685720492 -2.553545116E-06 2.20992130000057E-08 
295 122.933262153 27.2936255449 2.5153262663 0.000168124771137 -4.05634522141E-06 7.69057798803E-08 0.000168173715309268 -2.58832578799999E-06 5.06287779999915E-08 
296 122.9501404 27.2932114047 2.51533414365 0.000167990932887 -3.99803206301E-06 8.655025172E-08 0.000168038523212886 -2.62597628800001E-06 1.06159334000003E-07 
297 122.96701481 27.2928003066 2.51534207219 0.000171056162543 -4.46835768963E-06 6.54774449065E-08 0.000171114526711427 -2.602985818E-06 8.80310500000038E-08 
298 122.983885922 27.2923894298 2.51535004438 0.000168070726132 -3.99760467459E-06 7.81175462658E-08 0.000168118279577276 -2.64039499800001E-06 6.15194919999934E-08 
299 123.000754737 27.2919810793 2.51535807474 0.000170001167782 -4.29552693228E-06 7.45812255291E-08 0.000170055444373971 -2.65375987199999E-06 2.36893101999991E-07 
300 123.017628879 27.2915731064 2.51536614393 0.000168147007314 -3.97838024421E-06 7.89775173834E-08 0.000168194083770715 -2.67231200600001E-06 2.79080732999985E-07 
301 123.034500687 27.2911673002 2.51537426645 0.000170891847602 -4.42419559554E-06 6.84424478566E-08 0.000170949120406808 -2.67991891700001E-06 2.95703677000007E-07 
302 123.051367243 27.2907606338 2.51538242021 0.000167958781446 -3.9206924491E-06 9.23037630816E-08 0.000168004561289539 -2.69132183799999E-06 3.72535952000014E-07 
303 123.068239927 27.2903563626 2.51539055973 0.00016803494797 -3.93103215639E-06 8.11755135292E-08 0.000168080942829814 -2.687495805E-06 3.06067068999978E-07 
304 123.085107793 27.2899527572 2.51539864802 0.00016825091382 -3.96687325745E-06 7.89342764992E-08 0.000168297689572156 -2.69185249000001E-06 2.62950655999998E-07 
305 123.101979806 27.2895500914 2.51540665537 0.000168664060008 -4.01280973307E-06 7.85516831129E-08 0.000168711807383784 -2.72003295599999E-06 2.23716139000004E-07 
306 123.118846482 27.2891491564 2.51541458139 0.000169368036053 -4.13393551011E-06 7.73738434497E-08 0.000169418496764561 -2.72360049199998E-06 1.61762526000012E-07 
307 123.135712181 27.2887485936 2.51542242307 0.000169446318744 -4.10848068297E-06 7.65274466668E-08 0.000169496136846436 -2.73680583199999E-06 1.82428767999993E-07 
308 123.152583705 27.2883490853 2.51543017289 0.000168609865455 -3.99724725302E-06 7.63812987874E-08 0.000168657257621656 -2.74981704499999E-06 2.22103120000005E-07 
309 123.169454066 27.2879511719 2.51543737225 0.000167912753446 -3.96472742439E-06 7.92836079969E-08 0.00016795957287174 -2.699520361E-06 3.95925836999987E-07 
310 123.186329758 27.2875510718 2.51544504765 0.000169509311027 -4.07264750784E-06 7.40480472192E-08 0.000169558245053682 -2.77506097899998E-06 2.49529068000013E-07 
311 123.203200796 27.2871518554 2.5154525235 0.000169416597327 -4.08344696322E-06 7.3263711495E-08 0.000169465817664011 -2.73961154600001E-06 2.32097774999977E-07 
312 123.220082311 27.2867575462 2.51545920373 0.000169321134588 -4.14960652837E-06 6.78242419577E-08 0.000169371988394291 -2.467422631E-06 3.11689038000015E-07 
313 123.236957925 27.2863536731 2.51546651085 0.000168700968266 -4.01682200998E-06 7.20545208523E-08 0.000168748797758087 -2.70638134700001E-06 3.98710029999997E-07 
314 123.253834533 27.2859521957 2.51547374062 0.000168166771234 -3.92136191544E-06 7.04125916637E-08 0.000168212499489406 -2.67450768200002E-06 3.95875661000022E-07 
315 123.270706637 27.2855499697 2.51548085172 0.00016867282895 -4.00977523719E-06 6.94606117171E-08 0.000168720497712119 -2.700673201E-06 3.64480355999997E-07 
316 123.287581424 27.2851499067 2.51548784473 0.000170055783132 -4.17965837573E-06 6.3283033723E-08 0.000170107151306222 -2.75892561700002E-06 3.32489344000023E-07 
317 123.304457041 27.2847509195 2.51549474437 0.000168141111508 -3.91573686457E-06 6.72813022613E-08 0.000168186714401322 -2.77075950099999E-06 3.56112690000013E-07 
318 123.321332795 27.2843514447 2.51550157061 0.000167957726417 -3.83923048938E-06 7.9151460125E-08 0.000168001618500751 -2.81177038100001E-06 3.12560189999998E-07 
319 123.338206246 27.2839553708 2.51550853249 0.000171110856653 -4.30140700157E-06 5.43000066654E-08 0.000171164921392227 -2.757049001E-06 2.89216377E-07 
320 123.355086155 27.2835611001 2.51551540908 0.000171052641486 -4.29390248301E-06 5.41776602761E-08 0.000171106536091087 -2.73387760799999E-06 2.45851874000006E-07 
321 123.371961125 27.2831660053 2.51552217445 0.000171066299973 -4.28454715656E-06 5.20285696285E-08 0.000171119955112667 -2.669039985E-06 2.37582261999999E-07 
322 123.388840195 27.2827738591 2.51552882492 0.000167955911469 -3.79891872403E-06 7.67586557497E-08 0.000167998886522339 -2.63530541299998E-06 2.42056590999995E-07 
323 123.405722422 27.2823823086 2.51553533306 0.00016842808348 -3.857154414E-06 6.25330998387E-08 0.000168472255446729 -2.56924437099998E-06 3.14332250000011E-07 
324 123.422602068 27.2819917936 2.51554173288 0.000168000877673 -3.77422752256E-06 7.48605819765E-08 0.000168043283996705 -2.609003959E-06 1.89814548000008E-07 
325 123.43948192 27.2816016733 2.51554807308 0.000169576380374 -3.99207246154E-06 6.16203765098E-08 0.000169623374628488 -2.59389157400002E-06 1.93613945000012E-07 
326 123.456369537 27.2812135631 2.51555435948 0.000168834520007 -3.87165137807E-06 6.27352590557E-08 0.000168878917470773 -2.54910560199998E-06 2.62168482000004E-07 
327 123.473251164 27.2808253121 2.51556065934 0.000169577157921 -3.98164002837E-06 6.13873319009E-08 0.000169623906670858 -2.54358567099998E-06 1.57934137999977E-07 
328 123.490135972 27.2804386287 2.5155669655 0.000170165492356 -4.0594408534E-06 5.55652523191E-08 0.000170213915225223 -2.58508192399999E-06 1.01760838000015E-07 
329 123.507021484 27.2800526601 2.51557326636 0.000168224847479 -3.74833468831E-06 6.09674498119E-08 0.000168266612966739 -2.53759160300001E-06 1.84937743000002E-07 
330 123.523907947 27.2796688462 2.51557955608 0.000168005900156 -3.70439641218E-06 7.03426774163E-08 0.000168046749412474 -2.52741550600002E-06 8.69865260000227E-08 
331 123.54079665 27.2792841166 2.51558578888 0.000168089922083 -3.73303118357E-06 7.29705887275E-08 0.000168131385387718 -2.53400115900001E-06 8.29422379999888E-08 
332 123.557681608 27.278901692 2.51559185558 0.000168156242796 -3.70782352391E-06 6.27005391059E-08 0.000168197128031097 -2.455900929E-06 1.09698968000024E-07 
333 123.574569345 27.2785209169 2.51559780554 0.000171232749207 -4.16080148365E-06 4.9850672843E-08 0.000171283300864571 -2.356980373E-06 3.92015300000083E-08 
334 123.591458962 27.2781412788 2.51560434311 0.000168265950813 -3.72840558847E-06 6.28216494454E-08 0.00016830726412664 -2.32039352100001E-06 1.72466633000006E-07 
335 123.608341871 27.2777605851 2.51561084963 0.000168070251339 -3.66685787172E-06 7.63690176061E-08 0.000168110264600449 -2.29982037899999E-06 5.10526120000058E-08 
336 123.625227072 27.2773825938 2.51561732667 0.000169556264804 -3.88385938136E-06 6.31720011369E-08 0.00016960075261826 -2.211565533E-06 9.46117469999969E-08 
337 123.642115114 27.2770057012 2.51562382653 0.000168148327025 -3.66107052734E-06 6.52767644249E-08 0.000168188190964076 -2.228989095E-06 4.82290289999991E-08 
338 123.658994686 27.2766292261 2.51563042688 0.000167946742163 -3.65606235466E-06 8.0809359687E-08 0.000167986551620238 -2.236413623E-06 -6.95863119999835E-08 
339 123.675874512 27.2762530736 2.51563704329 0.000168465297847 -3.69626431986E-06 6.31891647537E-08 0.00016850585432403 -2.18098921E-06 9.02983149999887E-08 
340 123.692752161 27.2758785378 2.51564354736 0.000167975150504 -3.62645437546E-06 7.94287346984E-08 0.000168014310899705 -2.239169522E-06 -9.43252309999981E-08 
341 123.709628586 27.2755046718 2.51565001338 0.00016800051859 -3.62821401417E-06 6.46838181065E-08 0.000168039704735035 -2.26487236299998E-06 -6.697179599999E-08 
342 123.726501317 27.2751319749 2.51565659286 0.000168329749446 -3.64844622365E-06 7.08599548195E-08 0.000168369298654871 -2.231860484E-06 -1.352255099999E-08 
343 123.743370634 27.2747593586 2.51566390872 0.000168295663851 -3.6646989645E-06 7.11438831903E-08 0.000168335574228983 -2.24114084999998E-06 -3.60591119999876E-08 
344 123.760238332 27.2743880804 2.51567121578 0.000168088600707 -3.6357798366E-06 7.13841988815E-08 0.000168127932475128 -2.26179732300001E-06 -8.65617979999922E-08 
345 123.777105118 27.2740179318 2.5156785047 0.000168044363675 -3.58180211757E-06 7.27155719878E-08 0.000168082547448864 -2.26842089800001E-06 -1.04042092000008E-07 
346 123.793970187 27.2736476329 2.51568579348 0.000167884945339 -3.57994334447E-06 7.69996587194E-08 0.000167923127635166 -2.26943797799998E-06 -1.55710037999995E-07 
347 123.810828137 27.2732799749 2.51569317826 0.000167783385317 -3.53411098564E-06 8.36622703444E-08 0.000167820622476104 -2.25542132499998E-06 -1.96735179000003E-07 
348 123.82768642 27.2729124268 2.51570113023 0.000167869072624 -3.56019815687E-06 8.3721773011E-08 0.000167906841921028 -2.26511414200002E-06 -1.98749818999995E-07 
349 123.84454431 27.2725459892 2.51570908595 0.000167815064097 -3.55937806096E-06 8.38467753556E-08 0.000167852828216693 -2.24527193600001E-06 -2.25825749999999E-07 
350 123.86140037 27.2721812156 2.51571704891 0.000167822103562 -3.53531455647E-06 7.96227969049E-08 0.000167859355511624 -2.22626101200002E-06 -2.45044485000002E-07 
351 123.878248615 27.2718159033 2.51572502147 0.000167811321686 -3.53984596171E-06 8.01325388076E-08 0.00016784867177508 -2.187157916E-06 -2.41716914999994E-07 
352 123.895099494 27.2714518251 2.51573303187 0.000167896734674 -3.53971078713E-06 7.79862165E-08 0.000167934061906744 -2.22716703800001E-06 -2.50532009999998E-07 
353 123.911946641 27.2710882113 2.51574107754 0.000167855460832 -3.54003176747E-06 7.889954932E-08 0.00016789280443538 -2.25010014100001E-06 -2.45023557999988E-07 
354 123.928795955 27.2707263471 2.51574917993 0.00016783368263 -3.5328197086E-06 7.9469382025E-08 0.000167870879415173 -2.260983211E-06 -2.57761964000014E-07 
355 123.945639099 27.2703645609 2.51575732875 0.000167813919391 -3.54005787326E-06 7.9527503233E-08 0.000167851273083462 -2.27544883599998E-06 -2.59626952999999E-07 
356 123.962486909 27.2700046913 2.51576546985 0.000167890448025 -3.49728591382E-06 7.93330268604E-08 0.000167926888378626 -2.24017663900001E-06 -2.46532101999991E-07 
357 123.979331099 27.269645407 2.51577361253 0.000167898095661 -3.49569357824E-06 7.8809838081E-08 0.000167934500955503 -2.26365949200001E-06 -2.55007235999997E-07 
358 123.99617312 27.2692873373 2.51578175565 0.000167635024388 -3.46385192022E-06 8.14104170544E-08 0.000167670827216146 -2.257547247E-06 -1.64484958000007E-07 
359 124.013013962 27.2689292707 2.51578988166 0.000167715453727 -3.4660038213E-06 8.46904858752E-08 0.00016775128546101 -2.31259708099999E-06 -6.47500850000033E-08 
360 124.029856915 27.2685729168 2.51579797569 0.00016758860805 -3.4230294968E-06 9.33022350287E-08 0.000167623588388924 -2.30677904399998E-06 -3.78844590000031E-08 
361 124.04669791 27.2682172953 2.51580603776 0.000169793322354 -3.7434841874E-06 7.44663785342E-08 0.000169834600523899 -2.295649884E-06 -2.2403290000049E-09 
362 124.063540043 27.2678615518 2.51581402784 0.000169043815706 -3.66818611146E-06 7.76930261625E-08 0.000169083627989225 -2.30277390500001E-06 -5.58047520000091E-08 
363 124.080379353 27.2675075614 2.51582195341 0.000167847912725 -3.45245952899E-06 7.66399246393E-08 0.000167883433240498 -2.293500279E-06 -1.92446469999793E-08 
364 124.097220202 27.2671550175 2.51582980501 0.000167585210038 -3.4255486205E-06 8.60664506785E-08 0.000167620238677392 -2.344427524E-06 -9.21141479999835E-08 
365 124.114055347 27.2668024603 2.51583757501 0.000170752307172 -3.88508618772E-06 6.0268961548E-08 0.000170796510302742 -2.33183130800001E-06 -1.21461076999993E-07 
366 124.13089696 27.2664507769 2.51584521522 0.00016804811922 -3.43971430037E-06 7.33402973072E-08 0.000168083334648759 -2.32725302799999E-06 -2.5267697000025E-08 
367 124.147733589 27.2661000633 2.51585273634 0.000167609106132 -3.37510271584E-06 8.21675904294E-08 0.000167643104624746 -2.37337746999999E-06 -8.49115500000004E-08 
368 124.164576446 27.2657517283 2.5158601195 0.000170785971068 -3.84292370005E-06 5.74615468761E-08 0.000170829210845316 -2.35100430999999E-06 -1.04102951999991E-07 
369 124.181416229 27.2654036766 2.5158673945 0.000167755456609 -3.38344429576E-06 7.00976682009E-08 0.000167789587969813 -2.374385015E-06 -2.80662120000013E-08 
370 124.198254116 27.2650551637 2.51587559445 0.00016771170971 -3.35228845985E-06 9.0727556336E-08 0.000167745234338442 -2.373506084E-06 -2.73727260000122E-08 
371 124.215100439 27.2647093106 2.51588386976 0.000169787280019 -3.63980648732E-06 7.46723931835E-08 0.000169826306040854 -2.37747384899999E-06 -3.8029787000017E-08 
372 124.231943432 27.2643630278 2.51589205104 0.000169121880623 -3.56645342205E-06 8.03177441393E-08 0.000169159500313792 -2.36982944800001E-06 -4.58283509999929E-08 
373 124.248787509 27.2640178509 2.51590022748 0.00016840714876 -3.44483706462E-06 8.10426906719E-08 0.00016844239734637 -2.38596877300001E-06 5.47856750000039E-08 
374 124.265631882 27.2636744121 2.51590836051 0.00016844629498 -3.41909008748E-06 8.01563172145E-08 0.000168481010486496 -2.42031448800001E-06 7.28515220000151E-08 
375 124.282479361 27.2633320553 2.51591644443 0.000168384478805 -3.41700904316E-06 7.99978110369E-08 0.000168419164743453 -2.518098275E-06 5.9874541999996E-08 
376 124.299327887 27.2629914675 2.51592440909 0.000170819647171 -3.73040947821E-06 6.30502351191E-08 0.000170860386836248 -2.38578125299999E-06 -3.10243439999877E-08 
377 124.316181575 27.2626521933 2.51593228345 0.000167702366483 -3.25166774824E-06 9.4614396558E-08 0.000167733914337642 -2.44328813699999E-06 -1.6443458999998E-08 
378 124.333029209 27.2623143126 2.51594018112 0.000167831462593 -3.28321191262E-06 7.78901327536E-08 0.0001678635915958 -2.48325437999998E-06 2.47764450000086E-08 
379 124.349887637 27.2619768998 2.51594800173 0.000170992797286 -3.68165651673E-06 6.09534408583E-08 0.000171032438542284 -2.44832406099999E-06 -5.10434619999936E-08 
380 124.366740203 27.2616411297 2.51595580263 0.000167943185735 -3.29916092754E-06 7.51125460352E-08 0.000167975604596445 -2.42919417399999E-06 4.39300499999857E-09 
381 124.383593681 27.2613048745 2.51596359756 0.000167729630472 -3.23147678685E-06 8.55795686196E-08 0.000167760778206231 -2.42868595300001E-06 -7.6010444999985E-08 
382 124.400451736 27.2609704757 2.51597129226 0.000167795255837 -3.21596060999E-06 8.86803901988E-08 0.00016782609495624 -2.37923951199999E-06 -8.96609579999934E-08 
383 124.417310919 27.2606382703 2.51597887222 0.000167881862176 -3.18712843292E-06 8.74984671914E-08 0.000167912135032913 -2.34330879300001E-06 -9.89551020000095E-08 
384 124.434167879 27.2603047293 2.5159863641 0.000167901340081 -3.22093282866E-06 7.7352889395E-08 0.000167932249412529 -2.382698954E-06 -1.05242379000008E-07 
385 124.451033913 27.2599747061 2.51599508747 0.000168515214888 -3.31586532458E-06 9.09410933683E-08 0.000168547859321565 -2.34061411900002E-06 -4.49293249999989E-08 
386 124.467894696 27.2596424006 2.51600409916 0.000167862457363 -3.21715175047E-06 9.25926856984E-08 0.000167893309070779 -2.390510508E-06 -1.57340506000002E-07 
387 124.484756662 27.2593131644 2.51601305618 0.00016784538532 -3.18061691258E-06 1.04948578748E-07 0.000167875551261546 -2.36944876500002E-06 -2.07337224000006E-07 
388 124.501624307 27.2589837505 2.51602194101 0.000167865917671 -3.15701499835E-06 1.0066202549E-07 0.000167895631843327 -2.374871233E-06 -2.06170222999993E-07 
389 124.518486101 27.2586555407 2.51603072008 0.000167880585744 -3.17659721478E-06 9.00518278597E-08 0.000167910660617321 -2.34199769099999E-06 -1.75864379999994E-07 
390 124.535351044 27.258328179 2.51603935487 0.000171082186828 -3.61618240836E-06 6.65624375257E-08 0.000171120413322372 -2.322210887E-06 -2.39283842000003E-07 
391 124.55221857 27.2580030179 2.51604772391 0.000168653466243 -3.2432334914E-06 8.2222110982E-08 0.000168684667352235 -2.24942865E-06 -1.58465039999992E-08 
392 124.569084248 27.257677774 2.51605581816 0.000169371964263 -3.36445235598E-06 7.83064251361E-08 0.000169405395279663 -2.17227084899999E-06 -1.45916609999984E-07 
393 124.585952299 27.2573538573 2.51606367833 0.000167849398201 -3.10469049019E-06 9.34730699301E-08 0.000167878135314556 -2.118004813E-06 -2.59724144000012E-07 
394 124.602816426 27.2570321045 2.51607137583 0.000168107251359 -3.14976404038E-06 7.30993298466E-08 0.000168136772648044 -2.04276793700002E-06 -8.64529570000045E-08 
395 124.619680886 27.2567097684 2.51607899717 0.000169949424376 -3.41729881341E-06 6.80788812406E-08 0.000169983791614518 -2.042445798E-06 -2.85192561999998E-07 
396 124.636546733 27.2563904753 2.51608655697 0.00016791198949 -3.123776861E-06 7.40748935319E-08 0.000167941060147473 -2.01235865100001E-06 -2.0886447899999E-07 
397 124.653409021 27.2560712151 2.51609410474 0.000169389353168 -3.31244698087E-06 7.35153228049E-08 0.000169421753845772 -1.97214038999999E-06 -2.11965459000007E-07 
398 124.670264237 27.2557529316 2.51610162917 0.000167843383293 -3.03991685488E-06 8.26382128793E-08 0.000167870930297058 -1.96895903299999E-06 -3.08123803999981E-07 
399 124.687124328 27.2554358826 2.51610910185 0.000168245343664 -3.11301954973E-06 7.17565404016E-08 0.000168274156376835 -1.97211862599999E-06 -1.57627509000008E-07 
400 124.703980983 27.2551207728 2.51611659057 0.00016926776533 -3.27494144787E-06 7.31068303882E-08 0.00016929945943773 -1.971433441E-06 -3.05334634999999E-07 
401 124.720833244 27.2548068156 2.51612417707 0.000169915272086 -3.33379454349E-06 6.84799279974E-08 0.00016994798781868 -1.97146618999999E-06 -3.96362922000016E-07 
402 124.737686654 27.2544937742 2.51613183685 0.00016979982931 -3.32152383651E-06 6.91911957209E-08 0.000169832327139809 -1.99249092100001E-06 -4.26579436000007E-07 
403 124.754537404 27.2541814914 2.51613955789 0.000170836021165 -3.4731070417E-06 5.81930193568E-08 0.000170871331669297 -1.97455855300001E-06 -4.43952086E-07 
404 124.771381289 27.2538697849 2.51614735592 0.00016843746273 -3.13228616884E-06 7.72409537799E-08 0.000168466602131487 -1.99469135799999E-06 -2.8084906399998E-07 
405 124.788223269 27.2535582309 2.51615521126 0.000168512282743 -3.10186021672E-06 7.71121771951E-08 0.000168540846438923 -1.98324374099998E-06 -2.90787201000009E-07 
406 124.805066584 27.2532484688 2.51616313093 0.000169197302328 -3.20687066461E-06 7.66850441697E-08 0.000169227707586932 -1.96060690100001E-06 -4.3660456100001E-07 
407 124.821906366 27.2529391814 2.51617112687 0.000170761382519 -3.44774091277E-06 6.11003500611E-08 0.000170796195538585 -1.95986907200002E-06 -5.22053331999982E-07 
408 124.838748411 27.252631745 2.51617921804 0.000169737587059 -3.27198204702E-06 7.40724480688E-08 0.000169769136811893 -1.94905762E-06 -5.29857995999994E-07 
409 124.855584485 27.2523242349 2.51618735595 0.000167554357172 -2.96682306479E-06 9.48116172188E-08 0.000167580648153845 -1.95218353299999E-06 -5.41554585999988E-07 
410 124.872419397 27.2520167601 2.51619555214 0.000167601925848 -2.972035721E-06 8.5781579484E-08 0.000167628296843835 -1.986289037E-06 -5.13928989999998E-07 
411 124.889248382 27.2517114367 2.51620386611 0.000167945738331 -3.00111349961E-06 8.02896228348E-08 0.000167972569642206 -1.950004918E-06 -4.28547491999995E-07 
412 124.906081854 27.2514061307 2.51621235817 0.000170624749471 -3.40792415401E-06 6.7378955167E-08 0.00017065879297301 -1.988362499E-06 -5.93302347000015E-07 
413 124.922912306 27.2511033117 2.51622107677 0.000167520012229 -2.93362071463E-06 1.0144255597E-07 0.000167545727842562 -1.967090462E-06 -5.45386103000011E-07 
414 124.939744772 27.2507996115 2.51622999445 0.000167615028315 -2.90024338238E-06 8.84000520777E-08 0.000167640141205156 -1.97526851499998E-06 -4.97869148999996E-07 
415 124.956571715 27.2504979417 2.51623906191 0.00016826157544 -2.99393921464E-06 8.89675526182E-08 0.000168288232971878 -2.01277430200001E-06 -4.69972813000008E-07 
416 124.973401558 27.2501977006 2.51624825104 0.000169718186841 -3.19731285777E-06 8.58282152068E-08 0.00016974832288005 -2.030606131E-06 -5.50256982999997E-07 
417 124.990229885 27.2498982396 2.51625756242 0.000167520077834 -2.87182155238E-06 1.0170339279E-07 0.000167544722925308 -2.062223608E-06 -5.08265327000011E-07 
418 125.007057654 27.249600123 2.51626699134 0.000167715495687 -2.87845062932E-06 9.08837968309E-08 0.000167740219480678 -2.057104233E-06 -3.50605604999994E-07 
419 125.023889074 27.2493030438 2.51627651928 0.000168906473829 -3.06881318367E-06 9.30741904738E-08 0.000168934375360694 -2.10325896300001E-06 -3.90037327000013E-07 
420 125.04071228 27.2490060848 2.51628616212 0.000167451519152 -2.88009961372E-06 1.13351695573E-07 0.000167476323964626 -2.14876117800002E-06 -3.23672285999999E-07 
421 125.05753779 27.2487094107 2.51629730873 0.00016751081911 -2.84884137941E-06 1.238723935E-07 0.000167535088147164 -2.14351922900002E-06 -2.52104427000017E-07 
422 125.074366413 27.2484138804 2.51630941043 0.000167930966598 -2.89847605337E-06 1.1707970011E-07 0.0001679560192837 -2.14423340299998E-06 -2.15304670000001E-07 
423 125.091192222 27.2481188623 2.51632138965 0.000170618289697 -3.29245174167E-06 1.01318959116E-07 0.000170650084333797 -2.140874054E-06 -4.20902241999997E-07 
424 125.108018558 27.2478250244 2.51633321036 0.000167568420893 -2.79171875736E-06 1.2990814413E-07 0.000167591724886164 -2.129083681E-06 -3.86643781000005E-07 
425 125.124848863 27.247532759 2.51634485886 0.000167577819769 -2.82977982932E-06 1.13540577598E-07 0.000167601748868789 -2.16065948500002E-06 -3.3699510699998E-07 
426 125.141676454 27.247240566 2.51635632212 0.000168951715496 -3.03762730276E-06 1.12073097462E-07 0.000168979057604932 -2.171344599E-06 -4.25006848000001E-07 
427 125.158505421 27.2469492645 2.51636759452 0.00016758409208 -2.80268533472E-06 1.23933065326E-07 0.000167607572390892 -2.219737904E-06 -3.58133594000011E-07 
428 125.175331749 27.2466589909 2.51637864873 0.000167741908268 -2.83516022942E-06 1.05202007064E-07 0.000167765899366882 -2.226258703E-06 -2.84725427000018E-07 
429 125.192162695 27.2463696348 2.51638952926 0.000169562752099 -3.07741064097E-06 1.01793952042E-07 0.000169590706460138 -2.21420578299999E-06 -3.93444823999989E-07 
430 125.208990439 27.246079955 2.51640027266 0.000167723378287 -2.8228985061E-06 1.02443428478E-07 0.000167747163536782 -2.247122566E-06 -2.6675218500001E-07 
431 125.225818652 27.2457922505 2.5164108669 0.000167629049892 -2.74494391799E-06 1.21276820525E-07 0.000167651566628155 -2.24367104399999E-06 -3.10284676000006E-07 
432 125.242651991 27.2455057474 2.51642128761 0.000169146082723 -2.96260931905E-06 1.01911610284E-07 0.000169172056618372 -2.274915709E-06 -3.08958702999987E-07 
433 125.259487022 27.2452213413 2.51643287129 0.000168040497165 -2.78015912485E-06 1.22710985349E-07 0.000168063538669772 -2.31661733199998E-06 -1.61497176999996E-07 
434 125.27632378 27.244937247 2.51644536774 0.000167831016887 -2.75076900396E-06 1.19158275338E-07 0.000167853600372861 -2.351771387E-06 -1.97728287E-07 
435 125.29316211 27.2446552722 2.51645760666 0.000167938416659 -2.71597506632E-06 1.16485537106E-07 0.000167960417597043 -2.35625311599999E-06 -1.89014603999997E-07 
436 125.309997092 27.2443730573 2.51646958535 0.000168350091364 -2.82291554947E-06 1.17535869594E-07 0.000168373798226289 -2.44506597800001E-06 -2.25061738999999E-07 
437 125.326836034 27.2440934921 2.51648127291 0.000169739978456 -2.99855964291E-06 1.08750927205E-07 0.000169766496909548 -2.49694020300001E-06 -3.29985946000003E-07 
438 125.343678824 27.2438145713 2.51649267341 0.00016794652317 -2.69812719208E-06 1.07967691636E-07 0.000167968229711033 -2.43904789000001E-06 -2.17175701000002E-07 
439 125.360524202 27.2435373211 2.51650380775 0.000167710165001 -2.67313487561E-06 1.22094976071E-07 0.000167731511654516 -2.49190241099998E-06 -3.29638065000009E-07 
440 125.377370423 27.2432622709 2.51651468219 0.000169799781351 -2.96043241666E-06 1.00280051212E-07 0.000169825616333431 -2.470319778E-06 -3.86962123999997E-07 
441 125.394213934 27.2429864414 2.51652528799 0.000169799712954 -2.95946288432E-06 9.73781981879E-08 0.000169825529359805 -2.431566413E-06 -4.09757809999989E-07 
442 125.411064721 27.2427137013 2.51653559248 0.000167763217181 -2.62221341809E-06 1.13724380892E-07 0.000167783747649658 -2.42886010300001E-06 -3.78687269E-07 
443 125.42791166 27.2424400915 2.51654565669 0.000168079444777 -2.67665843949E-06 9.60465374041E-08 0.000168100783703954 -2.416340566E-06 -2.70059181000021E-07 
444 125.444763062 27.2421674156 2.51655552181 0.000167859856636 -2.58781024817E-06 1.04406683775E-07 0.000167879835395722 -2.44252814800001E-06 -3.9985397999999E-07 
445 125.461620427 27.2418978435 2.5165652259 0.000167769190646 -2.61122447462E-06 1.08352296126E-07 0.000167789545453496 -2.481906188E-06 -4.50098229000005E-07 
446 125.478476399 27.2416259573 2.51657478204 0.000167808336563 -2.59267376628E-06 1.01599012552E-07 0.000167828394795573 -2.471590886E-06 -4.40206651000012E-07 
447 125.495328931 27.2413568253 2.51658421186 0.000168103409446 -2.61922255896E-06 8.97618163483E-08 0.000168123837249114 -2.444009595E-06 -2.90150476E-07 
448 125.512186059 27.2410877937 2.51659347662 0.000167935796394 -2.56724143484E-06 9.28859974E-08 0.000167955443695286 -2.399555493E-06 -4.07301281999984E-07 
449 125.529050022 27.2408217446 2.51660254342 0.000167958463615 -2.54694266046E-06 9.59337127363E-08 0.000167977800974129 -2.39373378200001E-06 -4.31136691E-07 
450 125.545906924 27.2405548056 2.51661138504 0.000168016074891 -2.58572565989E-06 8.23680201618E-08 0.000168035990738464 -2.40648895499999E-06 -3.2485579999999E-07 
451 125.56276557 27.2402899641 2.51662038414 0.000167844356672 -2.55492396789E-06 1.14312869286E-07 0.00016786383997321 -2.32472736900002E-06 -4.86571643999994E-07 
452 125.57962663 27.240026703 2.51663051024 0.000167856413507 -2.51172720737E-06 1.15719397679E-07 0.000167875244512037 -2.200814545E-06 -5.11902127000024E-07 
453 125.59648867 27.2397640531 2.51664040342 0.00016810052227 -2.50696360745E-06 9.83404556023E-08 0.000168119243767098 -2.10925444300001E-06 -3.98289259999991E-07 
454 125.613350108 27.2395027357 2.5166500633 0.000168650268528 -2.60158515995E-06 9.52954510771E-08 0.000168670360173725 -2.110076419E-06 -2.35548076000017E-07 
455 125.630208327 27.2392421577 2.51665947876 0.000167910652365 -2.46680349806E-06 1.04752179845E-07 0.000167928804170568 -2.05356534599998E-06 -5.06610658999982E-07 
456 125.647066777 27.2389835563 2.51666868273 0.000168176580215 -2.55972675891E-06 8.67692595745E-08 0.000168196081591686 -2.128067326E-06 -3.11574897000005E-07 
457 125.663925281 27.2387264796 2.51667770875 0.000167838402843 -2.45201672007E-06 1.01153237216E-07 0.0001678563436003 -2.08703103E-06 -5.57732579999987E-07 
458 125.680778103 27.2384705831 2.51668654451 0.000168136121911 -2.52714570726E-06 8.2906293139E-08 0.000168155133225691 -2.13557969599998E-06 -3.67492536E-07 
459 125.697628593 27.2382148332 2.51669516778 0.000167844303301 -2.41361369875E-06 1.00757518696E-07 0.000167861686616579 -2.10319888E-06 -5.98820435999991E-07 
460 125.714481397 27.2379620943 2.51670356324 0.000167984239273 -2.45773747438E-06 7.73313380227E-08 0.00016800223539512 -2.14758484300002E-06 -4.56480032000014E-07 
461 125.731323141 27.2377079312 2.51671174081 0.000170918287278 -2.88499664598E-06 6.00388686187E-08 0.000170942644581035 -2.17562411199999E-06 -6.75961203000009E-07 
462 125.748165693 27.2374571516 2.51671969718 0.000167749659031 -2.42901464962E-06 9.09813069396E-08 0.000167767268842236 -2.18393403700001E-06 -6.2783097000001E-07 
463 125.765009565 27.2372054477 2.51672754199 0.000167858971953 -2.40303466613E-06 7.48716027681E-08 0.000167876188443989 -2.179312061E-06 -5.43434000999999E-07 
464 125.781848202 27.236955579 2.51673537159 0.000169835024848 -2.68123677611E-06 7.08336205198E-08 0.000169856203045906 -2.15159728500001E-06 -7.16672773000014E-07 
465 125.79868918 27.2367075142 2.51674314892 0.000167817639154 -2.41777752505E-06 7.20524474554E-08 0.000167835070384404 -2.199747953E-06 -5.61269781999986E-07 
466 125.815522319 27.2364592736 2.51675090638 0.000167652245153 -2.37155038801E-06 8.41056698393E-08 0.000167669038972161 -2.16835533500001E-06 -6.86948387999982E-07 
467 125.832350017 27.2362121607 2.51675865326 0.000167531537231 -2.39477613411E-06 9.3933005856E-08 0.000167548678726882 -2.18558087699999E-06 -7.66995436000012E-07 
468 125.849187474 27.2359662274 2.51676640419 0.000169742145917 -2.6744545751E-06 6.95811819718E-08 0.00016976322820129 -2.15659680500002E-06 -7.95484016999977E-07 
469 125.866020631 27.2357218899 2.51677416449 0.000169669501532 -2.66124752339E-06 7.08612522047E-08 0.000169690385731824 -2.18367679500001E-06 -8.45947872000016E-07 
470 125.882847101 27.2354773067 2.51678194118 0.000167610406957 -2.33239616872E-06 9.71083020246E-08 0.000167626662623227 -2.15778000899999E-06 -8.17423162000004E-07 
471 125.899675284 27.2352348301 2.51678978952 0.000167605201912 -2.31802077145E-06 9.499603574E-08 0.000167621257460103 -2.17064858699999E-06 -7.88926874000016E-07 
472 125.916501573 27.2349925275 2.51679771662 0.000167511975921 -2.31456011217E-06 8.63017611247E-08 0.000167527987851178 -2.182336168E-06 -7.58676738999998E-07 
473 125.933326095 27.234751416 2.51680574924 0.000167741413924 -2.34747001618E-06 7.44289659376E-08 0.000167757855554876 -2.21642983899999E-06 -6.67529058999991E-07 
474 125.950147991 27.2345121876 2.51681382067 0.0001707925585 -2.73793781568E-06 6.14364484114E-08 0.000170814513777067 -2.200258086E-06 -8.16816605999997E-07 
475 125.966971626 27.2342727397 2.51682186742 0.000167513146806 -2.27468759589E-06 9.22555488621E-08 0.000167528615667872 -2.24816707E-06 -7.78272507000009E-07 
476 125.983798209 27.2340367009 2.51683235912 0.000167860628252 -2.30332317408E-06 1.07987850594E-07 0.000167876464926375 -2.284679028E-06 -6.54621355000002E-07 
