0 0.00478456100000813 20.5664336311 2.86740691744 0.000132917872405 -3.56638355706E-06 1.24416205686E-06 0.000132971530169325 2.2261498304E-05 -1.1828651485E-05 
1 0.018039879000014 20.5660735897 2.86808950238 0.000131142339003 -3.60973116097E-06 -1.93880914143E-06 0.000131206334523601 1.9807691437E-05 -1.878198754E-06 
2 0.0312296920000108 20.5656936127 2.8680129942 0.000131503476667 -2.94012295703E-06 -1.97520955795E-06 0.000131551169327028 1.3688324472E-05 -4.8904987987E-05 
3 0.0443577450000134 20.5653370886 2.86757551022 0.000131134479346 -2.77194304241E-06 -1.19693155487E-06 0.000131169234147051 1.9072535371E-05 8.690294737E-06 
4 0.0574581609999996 20.5649600359 2.86785448368 0.000133898496245 -4.87747508915E-06 -8.83092005779E-07 0.00013399021199852 1.9612265688E-05 -4.4390868287E-05 
5 0.070543022999999 20.5645751189 2.86777407982 0.000134519595677 -3.6156237709E-06 4.8990907538E-06 0.000134657326004084 3.3873140618E-05 -4.2483826544E-05 
6 0.0836427549999996 20.5641570543 2.86769894064 0.000133445727106 -3.7514967722E-06 -7.35438913696E-07 0.000133500474460867 1.4482157537E-05 -3.6674966934E-05 
7 0.0967220039999859 20.5637531788 2.86760153404 0.000128977289136 -4.68720503784E-06 -6.5645799481E-08 0.000129062447339685 1.2643342494E-05 4.03723628299999E-06 
8 0.109847265000013 20.5633502775 2.8678467266 0.000129559531916 -3.6779814462E-06 -7.87111998387E-07 0.000129614117298655 2.0214188939E-05 -1.1711123783E-05 
9 0.122841217999991 20.562949511 2.86737379685 0.000127817688891 -5.64546745434E-06 -2.99620994142E-06 0.000127977381479024 1.8496753602E-05 -1.7601801236E-05 
10 0.135858743999989 20.5625231329 2.86727606124 0.000132435563836 -3.92224621548E-06 -4.12248551717E-07 0.000132494273584946 2.5635860323E-05 8.594340534E-06 
11 0.148886121000004 20.5621266896 2.86753549396 0.000132923281912 -7.31212995352E-06 8.03504614012E-06 0.000133366517856575 -1.3327410186E-05 8.76288297099999E-06 
12 0.161871606999995 20.5616979948 2.86778800717 0.000135908100576 -4.09071322706E-06 1.61580321416E-05 0.000136926358819517 1.4142972293E-05 -2.6420822419E-05 
13 0.174859301999987 20.5612862462 2.8680167426 0.000131612561205 -4.34068593519E-06 -9.10857590906E-07 0.000131687271529479 1.6514432366E-05 -2.7418736021E-05 
14 0.187843587999993 20.5608562905 2.86788817902 0.000129303413726 -3.9996791034E-06 -1.03128418148E-06 0.00012936936956324 1.5037607115E-05 -2.968644205E-05 
15 0.200803048000012 20.5604828581 2.86777338544 0.000128394760848 -3.72218801972E-06 -1.17127805592E-06 0.000128454043101623 1.0106781511E-05 -2.3354888893E-05 
16 0.213734300999988 20.5600664882 2.8676368406 0.000130347846379 -3.72956942909E-06 -1.53936644112E-06 0.000130410277174806 1.4776764054E-05 -2.3040262166E-05 
17 0.226721128999998 20.5596366859 2.867870311 0.00012997363118 -1.52586165628E-06 -6.92780832704E-07 0.000129984433688003 2.2129436531E-05 -2.1332346E-05 
18 0.239642067999995 20.5592292835 2.86771020128 0.000125650793685 -4.16805159375E-06 -2.2440602208E-06 0.000125739931660683 1.6426935418E-05 -4.29985585300001E-06 
19 0.252607468999997 20.5588211931 2.86793231666 0.000131303041228 -5.22679733755E-06 -1.32754295438E-06 0.000131413737548345 2.2960883583E-05 -5.241163495E-06 
20 0.265536343999997 20.5584070237 2.86778321889 0.000127882604547 -4.30017374006E-06 -1.17792238111E-06 0.000127960304552056 1.1510633346E-05 -2.1774772648E-05 
21 0.278451044000008 20.5579832191 2.86803195343 0.000127253252304 -4.24634642257E-06 -1.93226070006E-06 0.000127338742381488 1.5190199355E-05 -6.571098869E-06 
22 0.291406708000011 20.5575510143 2.86822686332 0.000129979612623 -3.27720807689E-06 -9.54598003182E-07 0.000130024424812233 3.0581243948E-05 -4.50195077333E-05 
23 0.304333044000003 20.5571196055 2.86773297968 0.000128065329982 -4.05900286834E-06 -1.37463650707E-06 0.000128137012112856 1.4411323828E-05 -7.87464414599999E-06 
24 0.317208619000013 20.5567282392 2.8679549812 0.000126654800976 -4.12387956532E-06 -1.99610266488E-06 0.000126737640102647 1.6267294106E-05 -2.6087572991E-05 
25 0.330119413000006 20.5562877702 2.8671059965 0.000129625707611 -6.72056392971E-06 -1.79423974645E-06 0.000129812208013937 1.451223844E-05 -1.366080743E-05 
26 0.342965391000007 20.5558859352 2.86767979519 0.000129614277374 -4.237287322E-06 -1.72073285128E-06 0.000129694936002062 1.7024731941E-05 -2.0037849753E-05 
27 0.355876800000004 20.5554443026 2.86753542937 0.000127792429441 -4.29185757086E-06 -1.20898400682E-06 0.000127870194753 1.0190555357E-05 -2.3591061198E-05 
28 0.36878857100001 20.5550101354 2.86742264792 0.000129366819304 -5.05682791411E-06 -1.53781025281E-06 0.000129474747753222 1.219337637E-05 -2.1003288159E-05 
29 0.38168349 20.5546112949 2.86765709639 0.000128406506549 -4.79815208186E-06 -1.88207972144E-06 0.000128509903943614 1.4438849905E-05 -7.558590132E-06 
30 0.394616457000012 20.5541749942 2.86752799941 0.000130272079172 -4.27305112527E-06 -1.2183269239E-06 0.000130347834267427 1.1808989813E-05 -2.1016786358E-05 
31 0.407542414000005 20.5537491075 2.86739288516 0.000129226640371 -3.35849423005E-06 -1.51243218108E-06 0.000129279122506967 1.2929563898E-05 -2.0915890011E-05 
32 0.42045281099999 20.5533310972 2.86760489484 0.000127806897046 -4.8128578585E-06 -1.22064607367E-06 0.000127903309222749 1.4005660422E-05 -7.54044042599999E-06 
33 0.433398036 20.5529178443 2.86819845173 0.000127630776475 -4.36752327514E-06 -1.33166841924E-06 0.000127712425800895 1.7155718946E-05 -1.9953516777E-05 
34 0.446239885000011 20.5525002158 2.86805916862 0.000127979558852 -4.21339000737E-06 -1.33015462547E-06 0.000128055806001268 1.2336822165E-05 -2.3449051344E-05 
35 0.459100097999993 20.5520528376 2.86757300659 0.000127572716123 -3.638046515E-06 -1.41621704727E-06 0.000127632436912291 1.5111258507E-05 -6.972561053E-06 
36 0.472024223000005 20.5516177137 2.86745628493 0.00012963979651 -4.4258670232E-06 -1.81992636361E-06 0.000129728089749407 1.3000038152E-05 -2.0242322109E-05 
37 0.484905113999986 20.5512309211 2.86802925993 0.000128364157521 -5.02055443862E-06 -1.14032509217E-06 0.000128467362564439 2.4390991363E-05 3.352058251E-06 
38 0.497775649999994 20.5508037515 2.86828681118 0.00012990613592 -3.46448255623E-06 -9.84883370529E-07 0.000129956057128175 1.2809591958E-05 -1.9741219273E-05 
39 0.510609297999991 20.5503967839 2.86777280831 0.000130225677286 -5.27628533046E-06 -1.25700400714E-06 0.00013033858319991 1.0733642484E-05 -1.1104770758E-05 
40 0.523452303999989 20.5499576006 2.86800095839 0.000130976816266 -4.11500224289E-06 1.75335955184E-06 0.000131053172080475 6.0463108557E-05 -4.79155862001E-05 
41 0.536337220999997 20.5495339989 2.86786347733 0.000129994784669 -4.5300353967E-06 -1.23870462098E-06 0.000130079589678677 1.1460008983E-05 -1.9310944438E-05 
42 0.54918527800001 20.5491005927 2.86737574818 0.000126365572292 -4.50331919457E-06 -1.17700606073E-06 0.00012645126763983 1.0295897051E-05 -1.1262400003E-05 
43 0.562014344000005 20.5486905792 2.86727911703 0.000129472574543 -4.32500520522E-06 -1.10057195745E-06 0.000129549467337583 7.414027745E-06 -2.0192960628E-05 
44 0.574854154000008 20.5482949909 2.86748889408 0.000126121352515 -3.71435722748E-06 -1.40151220925E-06 0.000126183819272912 1.3032187704E-05 -1.8123626538E-05 
45 0.58770560100001 20.5478741869 2.86809293029 0.000129294460004 -3.69794941326E-06 -1.07588560583E-06 0.000129351806123555 1.0137802704E-05 -1.7533321537E-05 
46 0.600555281999988 20.5474734944 2.86797267965 0.000127922888037 -3.81268865602E-06 -1.10728381891E-06 0.000127984483262504 1.1776537825E-05 -1.0813784325E-05 
47 0.613363112000002 20.5470853195 2.86820751974 0.000127669052415 -4.08087502349E-06 -1.13420281209E-06 0.000127739292707923 1.3932215803E-05 -1.1011669745E-05 
48 0.626170201999997 20.5466765561 2.86809759925 0.000127618735473 -3.87437643006E-06 -1.5354046928E-06 0.000127686764795808 1.1408140678E-05 -2.0482039035E-05 
49 0.638964904999995 20.5462813079 2.86794947336 0.000127719133486 -4.88496979604E-06 -1.17078100994E-06 0.000127817881051503 1.1051125177E-05 -9.45942590799999E-06 
50 0.651749999000003 20.5458824023 2.86821031821 0.000126063805403 -4.24711821689E-06 -1.15310627604E-06 0.000126140598935939 1.2931952913E-05 -1.129995729E-05 
51 0.664506087000007 20.5454853754 2.86769093689 0.0001277611658 -3.29845326463E-06 -1.2022543156E-06 0.000127809392049072 1.3336031401E-05 -1.5631454674E-05 
52 0.677279757000008 20.5451148709 2.86794561829 0.000128560234287 -3.84195138123E-06 -9.58037138395E-07 0.000128621196797039 1.2252252529E-05 -1.5699675605E-05 
53 0.690095879000012 20.544696485 2.86781467925 0.000126392635726 -3.48355125334E-06 -1.44292163336E-06 0.000126448865229942 1.489172199E-05 -1.7879538621E-05 
54 0.702836759999997 20.5443402932 2.86804374279 0.00012855803971 -2.50396757606E-06 -4.72121986146E-07 0.000128583289454228 2.4494603868E-05 7.9759395141E-06 
55 0.715601617999994 20.5439438283 2.86830015728 0.000132639283629 -5.95669411219E-06 2.15097291294E-05 0.000134504015603924 8.42479881600001E-06 -1.3976433597E-05 
56 0.728001245999991 20.5438529598 2.86857622375 0.000122431286304 8.30719942781E-08 5.22077008619E-06 0.000122542577120367 1.184258311E-05 -4.925055692E-06 
57 0.740581797000004 20.5436005839 2.86868423247 0.000126763366502 -4.56185202239E-06 -6.91988311739E-07 0.000126847311475719 6.33336561800001E-06 -1.5811575276E-05 
58 0.75325742199999 20.543239216 2.86863836137 0.000129747231429 -4.26938421117E-06 -7.66693224093E-07 0.000129819719316955 9.58496854300001E-06 -3.5268736153E-05 
59 0.765961592999986 20.5428639862 2.86894365685 0.000125855050513 -4.03950413952E-06 -1.29867557234E-06 0.000125926557530829 1.5877255213E-05 -3.51275975009E-05 
60 0.778659261000001 20.5425073752 2.86855821604 0.000108918681261 1.46144837484E-05 4.90694638937E-05 0.000120352293495731 2.3985421065E-05 -2.7924208259E-05 
61 0.791365404000004 20.5421335987 2.86885271216 0.000128138525523 -3.02534342727E-06 -3.05707226903E-06 0.000128210686438064 7.68163346722E-05 1.13489970216E-05 
62 0.804035104999997 20.5417758416 2.86914204585 0.000127767550122 -3.07597617051E-06 -1.14196797041E-06 0.000127809673281895 1.418041953E-05 -2.4942599911E-05 
63 0.816723900999989 20.5414128213 2.86869716769 0.00012832759184 -3.71448282912E-06 -9.88056353365E-07 0.000128385141139849 1.5497525769E-05 -1.6711566178E-05 
64 0.829403262999989 20.5410611131 2.86862707128 0.000125981794852 -3.90987143412E-06 -1.18411554893E-06 0.000126048014099374 3.090476643E-06 -1.8625516772E-05 
65 0.842106946000001 20.5406841669 2.86855859345 0.000126135340262 -2.96764605031E-06 -1.20488017861E-06 0.000126175998994798 9.997875307E-06 -1.5402108243E-05 
66 0.854739357 20.540337229 2.86955580193 0.000126143348406 -3.99778413379E-06 -1.16350719765E-06 0.000126212045281173 2.4807095748E-05 -2.1126398552E-05 
67 0.867386196000012 20.5399724349 2.86945567637 0.000128822236994 -3.98161357958E-06 -1.27299716711E-06 0.000128890040393441 1.2952673468E-05 -1.4950287284E-05 
68 0.880015775000004 20.5396032966 2.86897784539 0.000124170517233 -3.84444020961E-06 -1.86184530309E-06 0.000124243967814814 -1.34975056000021E-07 -1.1158459877E-05 
69 0.892729382999988 20.5391904851 2.86890950644 0.000126755919467 -5.4649690109E-06 -1.86074038959E-06 0.000126887317573555 1.0015095863E-05 -2.799114157E-05 
70 0.905381580000011 20.5388198838 2.86878766077 0.000125382840773 -3.7135689921E-06 -1.46857364341E-06 0.000125446419094021 1.5452036253E-05 -2.0880037714E-05 
71 0.918041377999998 20.5384567492 2.86907142627 0.000120444474174 8.15094012604E-06 -3.10319228196E-05 0.000124644652584342 0.0001517579579861 -3.08154137954E-05 
72 0.930722717999998 20.5380624123 2.86897434841 0.0001265643713 -3.62596217987E-06 -1.13759672307E-06 0.000126621411343416 4.506382111E-06 -1.7815293511E-05 
73 0.943379238000006 20.5376897228 2.86925422258 0.000126907623203 -4.94230698518E-06 -7.77561574131E-07 0.000127006203893243 3.7744775458E-05 -2.4258368791E-05 
74 0.956002312999999 20.5372973548 2.86914845495 0.000129350303798 -1.07878125631E-05 -6.60406312094E-07 0.000129801055962687 1.2943420926E-05 -2.0655451294E-05 
75 0.969107223000009 20.535680382 2.86875524574 0.000129051957543 -1.30924065153E-05 -1.026580172E-06 0.000129718436318403 6.81123851000001E-06 -2.1335681146E-05 
76 0.981974790999999 20.5347472685 2.86941725578 0.000125440711719 -6.88815848827E-06 2.97232449492E-07 0.000125630041116995 2.42568329400001E-06 -2.37900456E-05 
77 0.994747302000007 20.5339674479 2.86899450944 0.000127512813798 -8.12073880226E-06 -8.09703279806E-07 0.000127773705044423 1.5995632925E-05 -2.067212678E-05 
78 1.007544346 20.5332384359 2.86927252371 0.000121379548296 -6.70239128588E-06 1.31208284897E-05 0.000122270490854278 2.009148056E-05 -2.1163579521E-05 
79 1.02025720899999 20.5325518631 2.86920084742 0.000128579295014 -6.36213069008E-06 -1.69985448973E-06 0.000128747820635928 1.023336512E-05 -1.8453207638E-05 
80 1.03301680499999 20.5318650119 2.86912541634 0.000126499103226 -6.9753434015E-06 1.11327299965E-05 0.00012717946457556 7.69588319554E-05 1.1414296691E-05 
81 1.04579943600001 20.5311784096 2.86905513384 0.000124208434541 -4.24022807449E-06 7.87895272886E-08 0.000124280814903344 1.1608702585E-05 -1.6551295865E-05 
82 1.05852209400001 20.530533647 2.86899581914 0.000128992910421 -6.80699390013E-06 -9.10742225012E-07 0.000129175599693738 1.6047876136E-05 -1.3546023222E-05 
83 1.07132798399999 20.5298953702 2.86858465409 0.000127436592513 -7.78746834957E-06 -1.19947377816E-06 0.000127679945613884 -6.07153654799999E-06 -1.0282053208E-05 
84 1.08399734299999 20.5292849642 2.86813657678 0.000128273902785 -4.9345988666E-06 -1.09899152249E-06 0.000128373487075939 8.707546344E-06 -1.57775527E-05 
85 1.09672735300001 20.5286721034 2.86840956229 0.000133603018402 -1.08275607126E-05 1.7217116904E-05 0.000135142264712399 -3.40137257600002E-06 -1.3469378435E-05 
86 1.10940344799999 20.5280766316 2.8690863869 0.000125122205331 -5.00671941154E-06 -1.26264323102E-06 0.000125228701878154 1.8555408349E-05 -1.6990152921E-05 
87 1.12212453199999 20.5274427732 2.86867946127 0.00011848815244 7.643143641E-06 6.16447773309E-05 0.000133783177139496 6.344398542E-06 -7.85708462199999E-06 
88 1.134766512 20.5268711609 2.86894190056 0.000131804109994 -5.50309476894E-06 1.1085500216E-05 0.000132383895464612 2.2536796126E-05 -9.36984965900002E-06 
89 1.147425986 20.5262795431 2.86923465051 0.000130648046059 -5.02944931313E-06 -1.01726080785E-06 0.000130748774827832 1.6118653803E-05 -7.65992517099999E-06 
90 1.16011092799999 20.5256587291 2.86808021946 0.000129314555452 -6.33183126939E-06 -1.07940712552E-06 0.000129473979851996 1.4743153952E-05 -6.09168604399999E-06 
91 1.17266048100001 20.5250884142 2.86763686067 0.000123659438447 -3.08201031022E-06 -6.99836360936E-07 0.000123699819221823 5.635939428E-06 -1.9556306117E-05 
92 1.18531422000001 20.5244920421 2.86830241047 0.000127407660516 -7.73711612345E-06 -3.10193085075E-06 0.00012768005677893 0.0001014584767337 8.52342714134E-05 
93 1.19793272999999 20.5239099904 2.86822773651 0.000126737226972 -7.35418053546E-06 -1.3049825581E-06 0.000126957125248555 2.16408455300002E-06 -1.4606294548E-05 
94 1.21055374900001 20.5233503618 2.86812750569 0.000125385733598 -6.00343183175E-06 -1.28634479946E-06 0.000125535963240062 8.35902594899999E-06 -1.4648512351E-05 
95 1.223148818 20.5227866616 2.86842330661 0.000126017508039 -7.45387758182E-06 -1.4362536244E-06 0.000126245932401158 8.19158256E-06 -1.6367488195E-05 
96 1.23576578500001 20.5222168438 2.86837278924 0.000128570705583 -7.03003619187E-06 -1.25798022549E-06 0.000128768902523929 7.72799557200002E-06 -1.9730021436E-05 
97 1.248343646 20.5216540811 2.86829076205 0.000125916176511 -5.77889909107E-06 -1.2960484972E-06 0.000126055380383231 1.0464811919E-05 -1.3077060119E-05 
98 1.260886532 20.5210899879 2.86785011144 0.000132282195134 -6.53044937668E-06 8.65663128189E-07 0.000132446122220254 1.2503551086E-05 -2.0670726459E-05 
99 1.273479501 20.5205288653 2.86848682674 0.000125738510552 -4.93834668573E-06 -1.49494953729E-06 0.000125844329144952 1.6986122672E-05 -1.2231971762E-05 
100 1.28603819200001 20.5199879787 2.86768459756 0.000127600794661 -4.60473259441E-06 4.43231058862E-06 0.000127760759772078 1.8991821964E-05 -9.31213558600001E-06 
101 1.29867519300001 20.5194037375 2.86725238489 0.000127783904859 -8.30429831839E-06 -9.88292456424E-07 0.000128057270131587 7.08916631E-06 -1.4990270154E-05 
102 1.31124869499999 20.5188409899 2.86753175972 0.000125646929545 -7.33812545998E-06 -9.60501128526E-07 0.000125864695414443 7.06569758899999E-06 -9.973070561E-06 
103 1.32381151499999 20.5183209423 2.86782979353 0.000126136582129 -7.54369139301E-06 -1.18186781307E-07 0.000126362014067259 7.933953069E-06 -1.8775168695E-05 
104 1.33640682800001 20.5177656666 2.86739560654 0.000124584078382 -4.33409414639E-06 -4.1941796057E-07 0.000124660149485663 1.7749966532E-05 -1.548968963E-05 
105 1.348980345 20.5171993166 2.86770257317 0.000123840930157 -7.46318529098E-06 -5.71318444121E-05 0.000136588150155007 1.91869759905E-05 -2.181329289E-05 
106 1.36154956300001 20.5166412581 2.8679635004 0.000123935524535 -4.79678598306E-06 -1.155860755E-06 0.000124033702724775 5.41566072500001E-06 -1.5965388571E-05 
107 1.37406263099999 20.5161112544 2.86751047105 0.000126861263212 -6.54373554131E-06 -1.1546244821E-06 0.000127035167320997 4.80990659299999E-06 -1.3393902146E-05 
108 1.38660996999999 20.5155462358 2.86741608136 0.000126097947523 -3.52013889139E-06 -7.26650870565E-07 0.00012614916475671 1.0046343744E-05 -1.6568542495E-05 
109 1.39913551500001 20.5150065874 2.868080255 0.000127542297 -7.42595404627E-06 -1.74457684736E-06 0.000127770207270357 2.8830689806E-05 -1.4056884211E-05 
110 1.41166524299999 20.5144553811 2.86722158679 0.000126401129588 -6.09185948422E-06 -3.94139266937E-06 0.00012660920538915 5.986173709E-05 -5.65534706351E-05 
111 1.424220999 20.5139020121 2.86715056123 0.00012532202172 -5.78957076088E-06 -2.96006394321E-06 0.000125490598198157 1.02975213599999E-06 -1.8640745166E-05 
112 1.43675751999999 20.5133639348 2.86708039832 0.000125555357485 -7.14572964598E-06 -8.37025353737E-07 0.000125761320988619 5.12117634300001E-06 -1.9637441232E-05 
113 1.4492257 20.5128435841 2.86664038257 0.000125160307762 -7.63178360753E-06 -2.11603799177E-07 0.000125392948510985 -9.54876678599999E-06 -1.0933396583E-05 
114 1.461704817 20.5123066584 2.86690354106 0.00012589325052 -5.77945080464E-06 -1.3101562544E-06 0.000126032650878674 7.51998682599998E-06 -1.1247329975E-05 
115 1.47422982200001 20.5117462547 2.86681233805 0.000125986908613 -6.4963686013E-06 -1.04939182036E-06 0.000126158650793582 6.75447056599999E-06 -1.3023021588E-05 
116 1.48667883900001 20.5112219878 2.86781696591 0.000127547741691 -4.92049373971E-06 -1.43601727967E-06 0.000127650694532948 1.8641902938E-05 -1.355369585E-05 
117 1.49920179200001 20.5106785641 2.86697894359 0.000125481552548 -6.36600160023E-06 -1.33305925289E-06 0.000125650002201362 1.95652887900001E-06 -1.2036506382E-05 
118 1.51165224100001 20.5101396869 2.86687655538 0.00012398774325 -5.77008697433E-06 -4.38338395997E-06 0.000124199309317161 2.0159530272E-05 -8.12037989199999E-06 
119 1.52417632699999 20.5096015564 2.86680213062 0.000123438221952 -4.77883409181E-06 1.95245930902E-06 0.000123546120907545 1.545315258E-06 -1.7903151226E-05 
120 1.53660814899999 20.5090630502 2.86668619039 0.000123651475767 -5.00589072556E-06 -1.34385453249E-06 0.000123760059576253 5.19057357500002E-06 -1.3959928351E-05 
121 1.54905753200001 20.5085214299 2.86695971198 0.000124501330845 -4.50375122265E-06 -1.02027641193E-06 0.000124586942017245 1.0710538922E-05 -1.2322846828E-05 
122 1.56146123100001 20.5079462791 2.86649020547 0.000123123786156 -4.57706568739E-06 -2.18328355014E-07 0.000123209025298335 1.2630438747E-05 -1.7097199534E-05 
123 1.57383737800001 20.5073923097 2.86674879142 0.000121786098474 -5.40980421474E-06 1.06239531811E-05 0.000122368248105278 7.1774477346E-05 1.6878351144E-05 
124 1.586191834 20.506852779 2.86662035543 0.00012609132328 -7.90168198065E-06 -1.86652728425E-06 0.000126352452721455 3.16066070599999E-06 -2.0501740453E-05 
125 1.598583069 20.5063150442 2.86651805296 0.000123348635525 -5.16011729869E-06 -1.66582452896E-06 0.000123467759628888 6.969659961E-06 -1.7489945222E-05 
126 1.61096071099999 20.5057845695 2.86641498499 0.00012340750505 -4.65161386685E-06 -1.54397853121E-06 0.000123504792149685 7.57890140000114E-08 -1.9130444601E-05 
127 1.623265882 20.5052423733 2.86630115678 0.000123009877464 -5.88055480438E-06 -1.28100596776E-06 0.00012315702113483 1.11590719600001E-06 -1.8097020144E-05 
128 1.63559215000001 20.5047216805 2.8665500682 0.000128390918983 -7.08548798875E-06 1.52006027225E-05 0.00012948162240436 1.7925512744E-05 -2.4108067655E-05 
129 1.64791187399999 20.5041583283 2.86570172239 0.000122495849078 -5.81180792657E-06 -1.01785279916E-06 0.000122637866000009 -1.2420961363E-05 -1.1705695756E-05 
130 1.66022836100001 20.5036201998 2.86594628598 0.000122732839835 -4.63162829897E-06 -2.958694476E-08 0.000122820205300475 4.1689685565E-05 -1.42582077334E-05 
131 1.672576561 20.503124237 2.86655264196 0.000121646533571 -3.54285424342E-06 -3.41186692148E-07 0.000121698592244896 4.02916750199999E-06 -1.9637421224E-05 
132 1.68492263900001 20.502564757 2.86571012842 0.000125323548587 -6.12001461639E-06 -3.07843896607E-05 0.00012919413708108 3.2452320542E-05 -5.81717254092E-05 
133 1.697230185 20.5020487678 2.86561171862 0.000122953231202 -5.33833387942E-06 -1.27689698798E-06 0.00012307568946603 8.37346396700002E-06 -1.8954553272E-05 
134 1.70957123900001 20.5015316347 2.86622179968 0.000123360606824 -4.98415112588E-06 3.46025092555E-07 0.000123461738250341 5.4225659492E-05 -4.20634398001E-05 
135 1.72191676099999 20.5009819022 2.86610825472 0.000122860166106 -5.62112275141E-06 -1.37495185338E-06 0.000122996373642394 7.28969164600001E-06 -1.2053465952E-05 
136 1.73420102 20.500478432 2.8659919802 0.00012209214046 -3.28782872254E-06 -1.1432336513E-06 0.000122141751923716 7.42651482999999E-06 -3.161443974E-06 
137 1.7465048 20.4999778019 2.86623694725 0.000122619412163 -3.65132538494E-06 -1.3950000824E-06 0.00012268169562529 1.1339447857E-05 -1.5057445978E-05 
138 1.75880700600001 20.4994628981 2.86576876427 0.000121832520304 -2.39972586971E-06 -4.58160510155E-07 0.000121857012924687 5.13772284999999E-06 -1.2797674989E-05 
139 1.77114158000001 20.4989417876 2.86492920678 0.000121709088694 -3.17772610148E-06 -1.71450038552E-07 0.000121750686277391 3.40316443700001E-06 -2.1529878353E-05 
140 1.783391389 20.4984158076 2.86518632844 0.00012281004403 -5.26974288018E-06 -1.55590093888E-06 0.000122932900121999 1.5428992283E-05 -1.0260482797E-05 
141 1.79572911 20.4978817283 2.86581486175 0.000121595422315 -3.51304768634E-06 -1.48257749076E-06 0.000121655194167885 3.89214772900001E-06 -1.5736328197E-05 
142 1.808007772 20.4973676707 2.86568465435 0.00012289539089 -3.10997919011E-06 -1.16563969963E-06 0.00012294026105584 5.40704540700002E-06 -8.75550542500001E-06 
143 1.820349099 20.4968298531 2.86554646413 0.000124579658944 -6.56204408155E-06 -1.19780446766E-06 0.000124758112284029 2.54941276100001E-06 -1.7501370053E-05 
144 1.83268180799999 20.4963097466 2.86580784772 0.000123568043793 -5.29346687569E-06 -1.04468680245E-06 0.000123685785799776 1.628381161E-05 -1.3710712436E-05 
145 1.84498740199999 20.4957688526 2.86567824733 0.000121797909846 -7.70957882094E-06 -4.69117781534E-05 0.000130747402949215 2.2242794081E-05 -1.6551986318E-05 
146 1.857284303 20.4952744764 2.86551797007 0.000122513494171 -2.37915880493E-06 -1.07578123795E-06 0.000122541315301733 9.000798901E-06 -1.1688520347E-05 
147 1.86957067700001 20.4947739011 2.86575578488 0.000122820108604 -3.80425186519E-06 -1.44784388972E-06 0.000122887540709712 1.1250257594E-05 -9.110864196E-06 
148 1.881941017 20.4942217657 2.86458532414 0.000124972655172 -5.0580763984E-06 4.67643812468E-06 0.00012516236555421 4.2112438035E-05 -1.51400895008E-05 
149 1.89402078699999 20.4935350798 2.86496293163 0.000113720260704 -1.16541747774E-05 4.70258816023E-06 0.000114412550971179 6.19560813000004E-07 -1.5426279457E-05 
150 1.90597025299999 20.4922031467 2.86568497408 0.000124547399013 -1.24053967369E-05 1.98320932643E-06 0.00012517939761932 9.04103142600001E-06 -1.8253598191E-05 
151 1.91837721100001 20.4912519842 2.86571176565 0.000123328401377 -8.57281535297E-06 2.65184003791E-06 0.000123654437869691 4.5576142974E-05 -3.87197931547E-05 
152 1.930698495 20.4904691714 2.86573952598 0.000121423403088 -7.23175986749E-06 3.79546574055E-07 0.000121639159911 -7.44115624800001E-06 -8.561158274E-06 
153 1.942915124 20.4897417204 2.86535493502 0.000121667324093 -6.04805658475E-06 5.17872954358E-08 0.000121817566148431 -5.35532651499998E-06 -1.2355325749E-05 
154 1.95518098100001 20.4889934937 2.86499015415 0.000121862091095 -8.7017856898E-06 -2.61272336714E-06 0.00012220031359874 -7.127588355E-06 -1.0754010991E-05 
155 1.96747395 20.4882791632 2.86570870297 0.000121612735673 -6.19690326951E-06 -2.32327736838E-07 0.000121770739770192 -2.61709239000001E-06 1.0107306429E-05 
156 1.979732985 20.4875638387 2.86569420757 0.000121355309775 -7.50754155596E-06 4.67125833322E-07 0.000121588209121382 1.070693394E-06 -8.11768405999999E-06 
157 1.99197850499999 20.4868719249 2.86529997154 0.000122432168633 -8.4869550976E-06 -1.14509728628E-07 0.000122726025909283 -1.3249277342E-05 5.69686744199999E-06 
158 2.00422724500001 20.4861813945 2.86421465738 0.000121736493566 -7.79959456102E-06 7.04858588311E-08 0.000121986116051448 4.41097250999999E-06 -1.5866001182E-05 
159 2.01652984500001 20.4855054943 2.86492866034 0.000124147182554 -8.19448909771E-06 -3.86192224385E-07 0.000124417931714455 -1.77526955899999E-06 -1.0645026283E-05 
160 2.028733391 20.484871749 2.86450453044 0.000123966667794 -7.42957379281E-06 -1.38805209929E-06 0.000124196859780435 2.248188103E-06 -1.7548000794E-05 
161 2.041010016 20.4842064204 2.86446772257 0.000124856729608 -4.70490975302E-06 -2.66529037516E-06 0.00012497376875558 1.2278055501E-05 -1.7926627316E-05 
162 2.05330173999999 20.4835043313 2.86484875494 0.000119439647953 -3.55209642192E-06 -0.00034769986962 0.000367659688062061 0.0001173102203278 9.424740927581E-05 
163 2.06563129 20.4828593664 2.86517642347 0.000123756180111 -3.51204890585E-06 -3.86212598495E-05 0.000129690124202061 0.000103757688684 -2.18018585755E-05 
164 2.07794965799999 20.4821839084 2.86512395156 0.000121374105517 -4.9217446546E-06 -1.18721076868E-06 0.000121479654798267 -8.47058156999995E-07 8.299734655E-06 
165 2.090257122 20.4815161299 2.86511309608 0.00012162705306 -5.5233230606E-06 -6.10443487684E-07 0.000121753931250467 3.63910158900001E-06 -5.13427710499999E-06 
166 2.10257771799999 20.480855415 2.86545028439 0.000125716952163 -7.77997984315E-06 -1.65338117407E-05 0.000127037974945253 -1.2685836545E-05 5.834710483E-06 
167 2.11485053000001 20.4802072443 2.86433734452 0.000124760759487 -5.11881888598E-06 -4.08993396077E-07 0.000124866395359835 1.917122126E-06 1.0962138800001E-07 
168 2.127188303 20.4795554102 2.86468650049 0.000121803371718 -8.1000551397E-06 2.67077748233E-07 0.000122072697953568 3.589209953E-06 -7.65710236899999E-06 
169 2.13996891299999 20.478787329 2.86433976633 0.000136098514699 -9.34180760876E-06 -4.66459751019E-06 0.000136498474506513 9.044972429E-06 -1.5174813996E-05 
170 2.152909024 20.47798972 2.86475117398 0.000123470463069 -5.86041465081E-06 1.53619358777E-06 0.000123619009869404 8.05537277616E-05 9.01125867097E-05 
171 2.16539281799999 20.4772933519 2.86476879317 0.000126860937245 -8.5212386023E-06 1.04436865228E-06 0.000127151089699928 3.65824371999999E-06 -4.72526441099999E-06 
172 2.17791490900001 20.4766003419 2.8640353516 0.000124757662255 -5.26741250561E-06 3.78021027016E-07 0.000124869383059795 4.976198857E-06 -3.35289035E-06 
173 2.19032105299999 20.4759568483 2.8644231045 0.000122162453884 -6.79667007255E-06 1.23294339863E-07 0.000122351440794662 1.07564739499998E-06 -5.957802238E-06 
174 2.20277576699999 20.4752896556 2.86442217223 0.000127028368655 -7.42447329635E-06 3.11530294178E-07 0.000127245535473756 3.44475347999998E-07 -4.641246661E-06 
175 2.215168691 20.4746770843 2.86442679337 0.000122623157141 -5.42267167121E-06 -7.27689529018E-07 0.000122745157001532 -2.92249196999999E-06 -5.957740577E-06 
176 2.227614139 20.4739972302 2.86368910624 0.000124067972192 -4.67941820515E-06 2.31285586503E-07 0.000124156402056423 3.476798986E-05 3.70212356198E-05 
177 2.24005088300001 20.4733744026 2.86376423934 0.00012324663686 -5.37499123601E-06 -1.63943289836E-07 0.000123363896280436 -5.50174090000214E-08 -6.003421039E-06 
178 2.252474366 20.4727681351 2.86410082821 0.000126084079469 -1.39576908961E-05 -5.93115060237E-05 0.000140035234771452 2.0419781993E-05 -3.2141037514E-05 
179 2.26487519200001 20.4721685128 2.86373074932 0.000125084272921 -6.11932377463E-06 1.46303243932E-06 0.000125242412622691 7.0705447400001E-07 -4.42127805800001E-06 
180 2.27722292600001 20.4715748516 2.8637265254 0.000121206336331 -5.99716167432E-06 -3.72269170322E-08 0.000121354617962296 3.11773198599999E-06 -3.79891009599999E-06 
181 2.289657576 20.4709690965 2.86337340816 0.000124618729888 -6.002765201E-06 -1.10345991112E-07 0.000124763268653857 -1.0988726927E-05 -1.4949507679E-05 
182 2.302049845 20.4703824286 2.86337760236 0.000125603659672 -6.01293972424E-06 -2.67838705901E-07 0.000125747789263666 -4.813361968E-06 -1.2011447715E-05 
183 2.314489667 20.469793708 2.86337685398 0.00010353760914 1.38241040371E-05 2.55760164493E-05 0.000107541968441492 2.6270238473E-05 -8.68164347399999E-06 
184 2.32689726000001 20.4692703508 2.86373350095 0.000123686409702 -6.04550030069E-06 -7.71468398374E-07 0.000123836469516643 -7.24332763200001E-06 -1.3016424841E-05 
185 2.33922393099999 20.4687161119 2.8629834237 0.000127207443199 -5.80559809273E-06 8.40999603627E-06 0.000127617266103655 1.4041643566E-05 1.1193749007E-05 
186 2.351656074 20.4681363366 2.86334399961 0.000123547482853 -6.96908582053E-06 1.38954833061E-06 0.000123751684922062 -9.66384134000003E-07 -1.0211254132E-05 
187 2.36408413699999 20.4676458846 2.86291582886 0.000127299368863 -3.52015439403E-07 -5.95815887212E-06 0.000127439212509075 1.504998337E-06 -1.5738908893E-05 
188 2.37673952399999 20.4677114919 2.86277378672 0.000127602856913 -1.2635922115E-06 -6.09448558342E-06 0.000127754563566876 2.5221980627E-05 -1.9265876135E-05 
189 2.38917589299999 20.467339704 2.86214091387 0.000124873619669 -3.80531855396E-06 -3.65776302258E-06 0.000124985121389966 -6.55579488599998E-06 2.11792401099999E-06 
190 2.40156433000001 20.4669278231 2.86122843809 0.000122899247286 -2.25471959751E-06 -3.37337869404E-06 0.000122966208479168 -1.716558233E-06 -9.05345178399999E-06 
191 2.413972312 20.4664728669 2.86144358 0.000123584176523 -5.80942706109E-06 -1.37240730667E-06 0.000123728257206919 -2.83316566299999E-06 -1.48000503599998E-06 
192 2.42633500900001 20.4660310099 2.86167840929 0.000125570559672 -3.8263634997E-06 -3.04220436881E-06 0.000125665673600203 -1.677547954E-06 -7.259893631E-06 
193 2.43880227400001 20.4655359435 2.86153311814 0.000126058494873 -2.81878104724E-06 -4.33978079162E-06 0.000126164667611649 6.277038993E-06 -1.1047763316E-05 
194 2.451139904 20.4651256609 2.86067097438 0.00012434712602 -4.36436709709E-06 8.29450707536E-07 0.000124426457950342 -8.75495022699999E-06 -4.27598681900001E-06 
195 2.46352490699999 20.4646373558 2.85988219258 0.000121731907302 -4.14445199886E-06 -1.05481059048E-06 0.000121807004573363 3.1337879836E-05 6.62393187490001E-06 
