0 118.444386594 34.072623394 2.51339619599 0.000177380492354 -1.10752966386E-05 3.60662249092E-08 0.00017772591978705 -2.98196185699999E-06 6.85682113999993E-07 
1 118.462136546 34.071516898 2.51339979763 0.000177585974159 -1.1046465848E-05 3.59742339723E-08 0.000177929210417732 -2.976561547E-06 6.77857203999982E-07 
2 118.479905311 34.0704129661 2.51340339135 0.000177758398204 -1.10224937764E-05 3.58480583689E-08 0.00017809981691789 -2.96909277599998E-06 6.68215981000013E-07 
3 118.497689779 34.069311362 2.51340694276 0.000177900498668 -1.09988020971E-05 3.51422752101E-08 0.000178240181521658 -2.96253975300002E-06 6.62221530000007E-07 
4 118.515487756 34.0682127389 2.51341041984 0.0001780319271 -1.09679714125E-05 3.42886584508E-08 0.000178369461062025 -2.95330800699999E-06 6.5819674299999E-07 
5 118.533296416 34.0671171593 2.51341380982 0.000178141388337 -1.0943975461E-05 3.35542660607E-08 0.00017847724214424 -2.932746451E-06 6.59903621000015E-07 
6 118.551113433 34.0660242836 2.51341715201 0.000178200976079 -1.09130057176E-05 3.34705645581E-08 0.000178534822064435 -2.946424221E-06 6.49576168999989E-07 
7 118.56893819 34.0649339197 2.51342050784 0.000178280524568 -1.08941260663E-05 3.36069563694E-08 0.000178613069377404 -2.95281477300001E-06 6.44119064999995E-07 
8 118.586770733 34.063844641 2.51342387029 0.000178360793465 -1.08919047786E-05 3.3654805244E-08 0.000178693053496258 -2.93914427200001E-06 6.40909247000005E-07 
9 118.604612032 34.0627537627 2.51342724329 0.000178466315044 -1.09342653571E-05 3.38035609249E-08 0.000178800964502333 -2.93930357800001E-06 6.36983226000006E-07 
10 118.622462372 34.0616590409 2.51343063494 0.000178553001217 -1.09676110478E-05 3.40072138303E-08 0.000178889529856234 -2.92363298799999E-06 6.35922440000004E-07 
11 118.640321952 34.0605605433 2.51343404089 0.000178637219928 -1.10006234128E-05 3.40786589865E-08 0.000178975616273362 -2.92149349499999E-06 1.691155015E-06 
12 118.658189466 34.0594590625 2.51343744394 0.000178711856555 -1.10276770144E-05 3.39637726825E-08 0.000179051775995679 -2.92102273600001E-06 1.68710301E-06 
13 118.676065969 34.0583539713 2.51344083075 0.000178805900528 -1.10670947499E-05 3.3821339064E-08 0.000179148072257882 -2.91941384899998E-06 6.81812706999994E-07 
14 118.693949467 34.0572467768 2.51344420828 0.000178856575616 -1.10725268509E-05 3.37497712777E-08 0.000179198986132715 -2.92361708E-06 6.6934646699999E-07 
15 118.711834122 34.0561406054 2.51344758083 0.000178838159758 -1.10520691252E-05 3.36627312527E-08 0.000179179342421931 -2.92596867799999E-06 6.56211562000017E-07 
16 118.729717429 34.0550364624 2.51345094104 0.000178823448403 -1.10291508475E-05 3.35436879392E-08 0.000179163246767679 -2.92962071599999E-06 6.5244736900002E-07 
17 118.747599257 34.0539347904 2.51345428916 0.000178811355832 -1.10021964408E-05 3.3441788605E-08 0.000179149519729619 -2.932867382E-06 6.46348495999996E-07 
18 118.76548008 34.0528359264 2.51345762396 0.000178806346463 -1.09761813895E-05 3.31635611743E-08 0.000179142923927135 -2.93377799099999E-06 6.44109911000009E-07 
19 118.783360609 34.0517395369 2.51346091074 0.000178804678138 -1.09521754825E-05 3.25340552902E-08 0.000179139789355403 -2.92952940199998E-06 6.41700497000015E-07 
20 118.801241373 34.0506452473 2.51346414882 0.000178811368276 -1.09345253595E-05 3.22661656336E-08 0.000179145388750808 -2.92692435099998E-06 6.4206869299999E-07 
21 118.8191228 34.0495525847 2.51346735963 0.000178817082838 -1.09185821421E-05 3.19286586291E-08 0.00017915012020684 -2.925622228E-06 6.43370870999994E-07 
22 118.837004749 34.0484616112 2.51347054102 0.000178821813083 -1.08994563717E-05 3.16145565579E-08 0.000179153677000976 -2.92604530500001E-06 6.45150498000013E-07 
23 118.854886836 34.0473726297 2.51347367684 0.000178818906585 -1.08802934208E-05 3.1093909378E-08 0.000179149610951319 -2.91822742199999E-06 6.42346745000007E-07 
24 118.872768726 34.0462858381 2.51347673702 0.000178817615313 -1.0856042652E-05 3.00316855196E-08 0.000179146850684549 -2.91768146800002E-06 6.39986094999985E-07 
25 118.890650118 34.0452016662 2.5134796809 0.000178809484271 -1.08273165508E-05 2.89946033805E-08 0.000179136995870868 -2.91671396300002E-06 6.35555274999995E-07 
26 118.908530442 34.0441203976 2.51348256077 0.000178796943932 -1.07980033466E-05 2.86696846935E-08 0.000179122708939003 -2.915430946E-06 6.21803269999988E-07 
27 118.926410898 34.0430413769 2.51348542709 0.000178801565198 -1.07798417333E-05 2.86546593E-08 0.000179126227912439 -2.91354416700001E-06 6.18238677000012E-07 
28 118.944290617 34.041964543 2.51348829044 0.000178788995929 -1.07548372146E-05 2.8577808385E-08 0.000179112178272455 -2.913602009E-06 6.16155129E-07 
29 118.962168679 34.0408905172 2.51349115169 0.000178770767408 -1.07245627419E-05 2.87398527826E-08 0.000179092167197869 -2.91443241E-06 6.26579506999994E-07 
30 118.980044435 34.0398197917 2.51349404206 0.000178745040093 -1.06907992698E-05 2.90664817058E-08 0.000179064467138893 -2.913121677E-06 6.26016981999998E-07 
31 118.99791775 34.0387521925 2.51349696616 0.000178721203723 -1.06612057898E-05 2.9422626009E-08 0.000179038908717579 -2.914885869E-06 6.23573631000011E-07 
32 119.015788645 34.0376874818 2.5134999253 0.000178696014786 -1.06338791658E-05 2.97227800582E-08 0.000179012139169261 -2.913305023E-06 6.22961673000003E-07 
33 119.033657218 34.0366252045 2.51350290909 0.000178675515557 -1.06113946188E-05 2.99523527675E-08 0.000178990341785413 -2.91387710799998E-06 6.23136702999991E-07 
34 119.051523728 34.0355652497 2.5135059148 0.000178654509873 -1.0587851274E-05 3.01730083813E-08 0.000178967978708406 -2.912330387E-06 6.23957839999994E-07 
35 119.069388022 34.0345075919 2.51350894545 0.000178631139883 -1.0565632552E-05 3.03978886423E-08 0.000178943336425684 -2.90830341100003E-06 6.24556162999999E-07 
36 119.087250072 34.0334520949 2.51351197556 0.000178610093371 -1.05444359419E-05 3.01560378566E-08 0.000178921076155708 -2.90362133099998E-06 6.14748390999987E-07 
37 119.105110045 34.0323987126 2.51351496995 0.000178589366896 -1.05230376371E-05 2.97524128419E-08 0.000178899125695549 -2.899645971E-06 6.18608504999996E-07 
38 119.122967934 34.0313475388 2.51351792805 0.000178568789563 -1.05000475269E-05 2.93634415145E-08 0.000178877232945598 -2.89662459400001E-06 6.20344912000007E-07 
39 119.140823706 34.0302987502 2.51352082807 0.000178546592146 -1.04757119013E-05 2.84130158761E-08 0.000178853646633466 -2.892857929E-06 6.34825228999997E-07 
40 119.158677381 34.02925239 2.51352359525 0.000178527732505 -1.04511852337E-05 2.70519450842E-08 0.000178833384126045 -2.88692164100002E-06 6.40853729999991E-07 
41 119.176529379 34.028208614 2.51352626049 0.000178512275729 -1.04241564305E-05 2.62652016641E-08 0.000178816375964549 -2.875524903E-06 6.47231722999996E-07 
42 119.194379713 34.0271676015 2.51352885285 0.000178492225472 -1.03951502924E-05 2.5665217412E-08 0.000178794670955966 -2.865551074E-06 6.49425662999992E-07 
43 119.212228046 34.0261295358 2.5135313992 0.000178475479927 -1.0366083416E-05 2.51953888961E-08 0.000178776265917398 -2.85553444899999E-06 6.50724315999989E-07 
44 119.230074874 34.0250943313 2.5135338989 0.000178461074127 -1.03379871078E-05 2.48023065923E-08 0.000178760257247404 -2.844666311E-06 6.51983518999997E-07 
45 119.247920343 34.0240626725 2.51353635946 0.000178449935007 -1.02864785367E-05 2.43854398599E-08 0.000178746165103865 -2.81929439300001E-06 6.45518491000017E-07 
46 119.265765112 34.0230375732 2.51353877767 0.000178445557843 -1.0215303308E-05 2.40503492376E-08 0.000178737713183293 -2.80551122500001E-06 6.45536826000012E-07 
47 119.283609633 34.022019554 2.51354117667 0.000178445788423 -1.01460185736E-05 2.393889333E-08 0.000178733996967204 -2.79291654800001E-06 6.47453698999996E-07 
48 119.301454183 34.0210082015 2.51354356966 0.000178445147571 -1.00821310258E-05 2.40315690706E-08 0.000178729741887504 -2.78310907399998E-06 6.51529675999978E-07 
49 119.31929861 34.0200029038 2.51354599246 0.00017844288458 -1.00246638483E-05 2.44183273666E-08 0.000178724250001944 -2.77469938700001E-06 6.55640168000004E-07 
50 119.337142601 34.019003108 2.51354844814 0.000178437278102 -9.97212770201E-06 2.46322577979E-08 0.000178715713226632 -2.76848346100002E-06 6.68595816999987E-07 
51 119.354986104 34.018008351 2.51355091476 0.00017843300937 -9.92360412991E-06 2.46936671212E-08 0.000178708750097859 -2.762579596E-06 6.70058163000002E-07 
52 119.372829117 34.0170183284 2.51355337769 0.0001784271948 -9.87757119996E-06 2.45613506524E-08 0.000178700394124544 -2.75504589600001E-06 6.69893007000015E-07 
53 119.390671523 34.0160326527 2.51355582834 0.000178421054187 -9.83666786495E-06 2.44621547763E-08 0.000178692006565159 -2.74626889800001E-06 6.70530041000001E-07 
54 119.408513322 34.0150509347 2.51355827531 0.000178414915061 -9.79804844558E-06 2.44882302706E-08 0.000178683754911405 -2.74729356099999E-06 6.72278711000008E-07 
55 119.426354546 34.014072958 2.51356073357 0.000178409772539 -9.7619591432E-06 2.47192262787E-08 0.000178676644793804 -2.74460489400001E-06 6.75207743000024E-07 
56 119.444195295 34.0130984185 2.5135632134 0.000178405364044 -9.72937554708E-06 2.48293685717E-08 0.000178670465619547 -2.739146538E-06 6.78071558E-07 
57 119.462035646 34.0121269868 2.51356569103 0.00017840174263 -9.69960544856E-06 2.47129375644E-08 0.000178665230892885 -2.73415016699999E-06 6.79620292000013E-07 
58 119.479875627 34.0111584658 2.51356815412 0.000178398193164 -9.67066723306E-06 2.44869833463E-08 0.000178660117901351 -2.729391667E-06 6.82329760000018E-07 
59 119.49771523 34.0101928273 2.51357057161 0.000178393829518 -9.64233149132E-06 2.37911193149E-08 0.000178654228980741 -2.72598885999999E-06 6.86122223000018E-07 
60 119.515554218 34.0092300563 2.51357290156 0.000178383839649 -9.61314450736E-06 2.2809450059E-08 0.000178642680553978 -2.719730993E-06 6.85120073999976E-07 
61 119.533391553 34.0082702314 2.51357514155 0.000178363205878 -9.58404117E-06 2.2040767329E-08 0.000178620512657481 -2.71926932800002E-06 6.84091464999998E-07 
62 119.551226694 34.0073131412 2.5135773319 0.000178340349559 -9.557850943E-06 2.18265563043E-08 0.000178596285716903 -2.718417017E-06 6.80346934000002E-07 
63 119.569059509 34.0063586768 2.51357951913 0.000178316589673 -9.53159224287E-06 2.1877302834E-08 0.000178571156354854 -2.71565543299998E-06 6.7680113900002E-07 
64 119.58688999 34.0054068549 2.51358170754 0.000178293420139 -9.50521684877E-06 2.19016340818E-08 0.000178546613778827 -2.71520844199999E-06 6.73242053000011E-07 
65 119.604718229 34.0044575429 2.51358389946 0.000178271424285 -9.48134028687E-06 2.19646791711E-08 0.000178523379456824 -2.724721385E-06 6.71475788000003E-07 
66 119.622544283 34.0035105232 2.51358610369 0.000178249758479 -9.45937121375E-06 2.21129691676E-08 0.000178500578684117 -2.72300218700001E-06 6.70672180000007E-07 
67 119.640368154 34.0025656592 2.51358831947 0.0001782273916 -9.43763955265E-06 2.21766709523E-08 0.000178477092784117 -2.72052430200001E-06 6.68518099999996E-07 
68 119.65818981 34.0016229782 2.51359053404 0.000178205574222 -9.41600423525E-06 2.20919206188E-08 0.000178454163043634 -2.71836859399999E-06 6.67043459000002E-07 
69 119.676009211 34.0006824833 2.513592739 0.000178182018749 -9.39377597018E-06 2.20161111837E-08 0.000178429468746494 -2.718193134E-06 6.63990397999997E-07 
70 119.693826159 33.9997442274 2.51359493593 0.000178156800108 -9.37126516964E-06 2.19063190253E-08 0.000178403101193585 -2.71857902300001E-06 6.63462905000007E-07 
71 119.711640491 33.9988082022 2.51359711392 0.000178128906425 -9.34925221719E-06 2.17083723317E-08 0.000178374090866472 -2.72072989800001E-06 6.58238092000006E-07 
72 119.729451893 33.9978743736 2.51359928155 0.000178099275208 -9.32721550454E-06 2.16600786758E-08 0.00017834334651969 -2.722261454E-06 6.57185779000003E-07 
73 119.747260312 33.996942837 2.51360144478 0.000178065905357 -9.3017236232E-06 2.15940492279E-08 0.000178308690700351 -2.72693901699999E-06 6.55223399999982E-07 
74 119.765065032 33.9960142635 2.51360359738 0.000178029831498 -9.26963350601E-06 2.14102395293E-08 0.000178270994463318 -2.734148716E-06 6.52760825999986E-07 
75 119.782866468 33.995088843 2.51360571234 0.000178001229109 -9.23978890576E-06 2.08397273068E-08 0.000178240881106529 -2.732186001E-06 6.51566478000011E-07 
76 119.800665766 33.9941659826 2.51360777915 0.000177984932221 -9.21770195362E-06 2.0549073346E-08 0.000178223462398429 -2.728841712E-06 6.50312204999987E-07 
77 119.818463435 33.9932453174 2.51360982771 0.000177968712619 -9.19566132105E-06 2.04356402659E-08 0.000178206125809443 -2.72559642899999E-06 6.51259557000002E-07 
78 119.836259529 33.9923268375 2.513611869 0.000177953397772 -9.17376471082E-06 2.03015097484E-08 0.000178189702703945 -2.72358266300001E-06 6.52215497999999E-07 
79 119.854054127 33.9914105704 2.51361387785 0.000177938673227 -9.15172268802E-06 1.98054556827E-08 0.00017817386410526 -2.72126081299998E-06 6.50353668999999E-07 
80 119.871847291 33.9904964928 2.51361581711 0.000177924983507 -9.12950100094E-06 1.88953031568E-08 0.000178159052258157 -2.717751925E-06 6.47687046000003E-07 
81 119.88963919 33.9895846674 2.51361766057 0.000177913541011 -9.10748850195E-06 1.80847132556E-08 0.000178146497997976 -2.71538551599999E-06 6.46711915999981E-07 
82 119.907429879 33.9886749242 2.51361944394 0.000177900070552 -9.0874487995E-06 1.76500849478E-08 0.000178132021657016 -2.716671522E-06 6.34677490000008E-07 
83 119.925219271 33.9877671438 2.51362120683 0.000177888140315 -9.06834120529E-06 1.76056523324E-08 0.000178119133129778 -2.71514782600001E-06 6.31857554000021E-07 
84 119.943007528 33.9868612343 2.51362296562 0.000177877041749 -9.04971158137E-06 1.75391696308E-08 0.00017810710139886 -2.71484872699999E-06 6.29882576999992E-07 
85 119.960794774 33.9859572121 2.51362472304 0.000177868166184 -9.03101740104E-06 1.77076897255E-08 0.000178097288386205 -2.71307987299998E-06 6.41020959000007E-07 
86 119.97858117 33.9850549753 2.51362651013 0.000177859599244 -9.01412092864E-06 1.80313445133E-08 0.000178087876466878 -2.71120127799999E-06 6.40220526000016E-07 
87 119.996366678 33.9841543558 2.5136283304 0.000177854395757 -8.99519221527E-06 1.83858463059E-08 0.000178081722563312 -2.71904221700001E-06 6.40168282000009E-07 
88 120.014159864 33.9832611677 2.5136301655 0.000178034391217 -8.84841452295E-06 1.83544726601E-08 0.000178254142258923 -2.81403026999998E-06 7.44133862999981E-07 
89 120.031973185 33.9823846819 2.51363200568 0.000178222112645 -8.68735277103E-06 1.84372424157E-08 0.000178433718432776 -2.82863123299997E-06 7.59375249999989E-07 
90 120.049802561 33.9815224494 2.51363385326 0.000178356638243 -8.56370867919E-06 1.84984634264E-08 0.000178562112033543 -2.814123126E-06 7.4086393899998E-07 
91 120.067642874 33.9806707328 2.51363570277 0.000178443268606 -8.47561906607E-06 1.84517469066E-08 0.000178644441754601 -2.788884525E-06 7.15116033000004E-07 
92 120.085490052 33.9798264059 2.51363752679 0.000178496192225 -8.4146579774E-06 1.79839318427E-08 0.0001786944247343 -2.76819292999999E-06 6.82822022999994E-07 
93 120.103341173 33.9789871658 2.51363929743 0.000178522598447 -8.37254621664E-06 1.74557205269E-08 0.000178718823829838 -2.74906790500001E-06 6.66821858999987E-07 
94 120.121194056 33.9781515074 2.51364102134 0.000178532488601 -8.34245612741E-06 1.69611208142E-08 0.000178727296035003 -2.73435891600001E-06 6.55644616999983E-07 
95 120.139047117 33.9773184331 2.51364268621 0.000178527940204 -8.31662728934E-06 1.61529103974E-08 0.000178721548739567 -2.72088119200001E-06 6.55984833999981E-07 
96 120.156899326 33.9764882114 2.51364423521 0.000178513237338 -8.29138032693E-06 1.48234355826E-08 0.000178705688528242 -2.70655703699999E-06 6.5587056100001E-07 
97 120.174749792 33.9756597434 2.51364567168 0.00017849522856 -8.27913502664E-06 1.39454530239E-08 0.000178687131293643 -2.68987472499998E-06 6.56110191000017E-07 
98 120.192598275 33.9748322105 2.51364703172 0.000178473493473 -8.27225821744E-06 1.33642499259E-08 0.000178665100976873 -2.675198743E-06 6.54808368999991E-07 
99 120.210444456 33.9740051956 2.51364834796 0.000178449860977 -8.26854239551E-06 1.28435401996E-08 0.000178641321762389 -2.66191879899998E-06 6.52376237000017E-07 
100 120.228288224 33.9731784322 2.51364960077 0.000178424883986 -8.26726128559E-06 1.22568052769E-08 0.000178616312202472 -2.647737166E-06 6.51141746000006E-07 
101 120.246129378 33.9723517048 2.5136508033 0.000178397852423 -8.26762345799E-06 1.18264335918E-08 0.000178589326351398 -2.638138676E-06 6.52066309000005E-07 
102 120.26396791 33.9715248528 2.51365197862 0.000178372654362 -8.269547787E-06 1.16873515121E-08 0.000178564244408955 -2.632434479E-06 6.58051869000014E-07 
103 120.281803945 33.9706978476 2.51365314141 0.000178347536264 -8.270644621E-06 1.15768029557E-08 0.000178539204064284 -2.62258011299999E-06 6.6135474599999E-07 
104 120.299637506 33.9698708223 2.51365429709 0.000178323463027 -8.26963362557E-06 1.16012094424E-08 0.000178515109839002 -2.614797877E-06 6.63257977999996E-07 
105 120.317468595 33.9690438359 2.51365547814 0.000178297931592 -8.27003662201E-06 1.19916157995E-08 0.000178489624515023 -2.601826031E-06 6.66322135000014E-07 
106 120.335297012 33.9682168688 2.51365669283 0.0001782707117 -8.269253987E-06 1.21893637399E-08 0.00017846239760831 -2.595247117E-06 6.75711252000008E-07 
107 120.353122682 33.967389963 2.51365791188 0.000178242983724 -8.26832479164E-06 1.22174948907E-08 0.000178434656361822 -2.588425604E-06 6.75300655000004E-07 
108 120.370945611 33.9665632621 2.51365913083 0.000178215733308 -8.26553776648E-06 1.21390386047E-08 0.000178407306073584 -2.57745732600001E-06 6.73801810999999E-07 
109 120.388765749 33.9657368722 2.51366033645 0.000178187598766 -8.2618164807E-06 1.20277490526E-08 0.000178379029345438 -2.570234077E-06 6.74723963999983E-07 
110 120.406583189 33.9649109087 2.51366153989 0.000178161679958 -8.25759499157E-06 1.20314331375E-08 0.000178352942855611 -2.57227108E-06 6.75945731999986E-07 
111 120.424398031 33.9640854366 2.51366274127 0.000178135353707 -8.25139034333E-06 1.20948464898E-08 0.000178326357640146 -2.57088001400001E-06 6.78342576000007E-07 
112 120.442210817 33.9632608689 2.51366396245 0.000178118619744 -8.24122347891E-06 1.22695638199E-08 0.000178309171425587 -2.56487571900001E-06 6.80099801999998E-07 
113 120.460021299 33.9624370694 2.51366518995 0.000178098412271 -8.2334889651E-06 1.22334414459E-08 0.000178288628194977 -2.55835344500002E-06 6.82330560000004E-07 
114 120.477829666 33.9616140361 2.51366640509 0.00017807105289 -8.22680063354E-06 1.19764050292E-08 0.000178260989196884 -2.54990709499999E-06 6.83304751000009E-07 
115 120.495636319 33.9607920169 2.51366757586 0.000178029177791 -8.21928832281E-06 1.13676707402E-08 0.000178218812067349 -2.55702491399999E-06 7.05239462999981E-07 
116 120.513440854 33.9599709653 2.51366866361 0.000178028801661 -8.20664744165E-06 1.03644960758E-08 0.000178217853736673 -2.53626958599998E-06 6.85962500000001E-07 
117 120.531242886 33.9591510635 2.51366965662 0.000178010923193 -8.19183985181E-06 9.56528561128E-09 0.000178199312870944 -2.53226479799998E-06 6.85388888999993E-07 
118 120.549041543 33.9583322369 2.51367059768 0.000177971764801 -8.18340424913E-06 9.26814334076E-09 0.000178159808198666 -2.53089927400001E-06 6.81298861999997E-07 
119 120.566836777 33.9575144846 2.51367151476 0.000177935474372 -8.17173137147E-06 9.12964377809E-09 0.000178123020176917 -2.52880844599999E-06 6.77517182000006E-07 
120 120.584628612 33.9566980151 2.51367242429 0.000177907426527 -8.15732427813E-06 9.06302151381E-09 0.000178094341389548 -2.52583606900002E-06 6.75983025E-07 
121 120.602415588 33.9558818399 2.51367333005 0.000177840979794 -8.1636913516E-06 9.11758738856E-09 0.000178028256278897 -2.54501666699998E-06 6.94241255000004E-07 
122 120.620199579 33.9550660516 2.51367424476 0.000177835677506 -8.15143208362E-06 9.21145763641E-09 0.000178022397815227 -2.53743555099999E-06 6.73736198000021E-07 
123 120.637980889 33.9542513027 2.51367517356 0.000177807386657 -8.13948411696E-06 9.33339840946E-09 0.000177993589880632 -2.526403981E-06 6.7223244000001E-07 
124 120.655759285 33.9534378836 2.51367610798 0.000177749646355 -8.12940176307E-06 9.33945657531E-09 0.000177935449080779 -2.52558459300001E-06 6.76146482999983E-07 
125 120.673534893 33.9526258832 2.51367705143 0.00017774819443 -8.11164665795E-06 9.54124126751E-09 0.000177933188376041 -2.51483402500001E-06 6.68310680999998E-07 
126 120.691307622 33.9518154154 2.51367800913 0.000177709554166 -8.09804564266E-06 9.53491155188E-09 0.00017789396863307 -2.51348647100001E-06 6.67865583999996E-07 
127 120.70907742 33.9510065178 2.51367894595 0.000177664812174 -8.08254624765E-06 9.24574401009E-09 0.000177848567956427 -2.51437250599999E-06 6.62850654999987E-07 
128 120.726843906 33.9501992458 2.51367987243 0.000177640400278 -8.06549152189E-06 9.25722556234E-09 0.000177823406924156 -2.51358582600001E-06 6.6218513300001E-07 
129 120.744607143 33.9493936791 2.51368079914 0.0001776189828 -8.0450081216E-06 9.2479627422E-09 0.000177801083495315 -2.50948641999999E-06 6.6481325300001E-07 
130 120.762367116 33.9485900043 2.51368171499 0.000177595538446 -8.02673830569E-06 8.96218787897E-09 0.000177776837310358 -2.51112943599999E-06 6.62024270000006E-07 
131 120.78012439 33.9477880165 2.51368258323 0.00017756521031 -8.01083862615E-06 8.39422441714E-09 0.000177745822787462 -2.509154309E-06 6.58295892999995E-07 
132 120.797879316 33.9469877649 2.51368340243 0.000177533693927 -7.9948405705E-06 8.04444518754E-09 0.000177713617992056 -2.50640594299999E-06 6.57626277999991E-07 
133 120.815631942 33.9461892221 2.51368420277 0.000177505155011 -7.97782325918E-06 8.04663309053E-09 0.000177684343103668 -2.49880224000002E-06 6.59095537000018E-07 
134 120.833382493 33.9453924105 2.51368501159 0.000177492788595 -7.96035834814E-06 8.05722902689E-09 0.000177671205807748 -2.49378483000001E-06 6.58028961999987E-07 
135 120.851131044 33.9445973167 2.51368579795 0.000177481575916 -7.94124637994E-06 7.57480007801E-09 0.000177659149049722 -2.48919463100001E-06 6.54911124000002E-07 
136 120.868877755 33.9438042542 2.51368652395 0.000177454913583 -7.91941719301E-06 6.90614431291E-09 0.000177631538784985 -2.49212011099999E-06 6.68384154999994E-07 
137 120.886622565 33.9430135594 2.51368717362 0.000177447055174 -7.8946745377E-06 6.27598160024E-09 0.000177622586726375 -2.47996562900002E-06 6.51530637000002E-07 
138 120.90436577 33.9422250703 2.51368777456 0.000177424036027 -7.8743948958E-06 5.81137209594E-09 0.000177598689997582 -2.47721841699998E-06 6.42460595000018E-07 
139 120.92210725 33.9414384597 2.51368833723 0.000177411250543 -7.85801401253E-06 5.53426181584E-09 0.000177585191483075 -2.474215683E-06 6.38612425999985E-07 
140 120.939847375 33.9406533851 2.51368889084 0.000177394557705 -7.84404851504E-06 5.51958653773E-09 0.000177567897523524 -2.47313132700002E-06 6.34645673999978E-07 
141 120.957585609 33.9398688153 2.51368944732 0.000177365128488 -7.84586983702E-06 5.75652971208E-09 0.000177538577526694 -2.47673373699999E-06 6.54447465000001E-07 
142 120.975323356 33.9390846213 2.51369004222 0.000177382586341 -7.83753970115E-06 6.0794071397E-09 0.000177555650438246 -2.47059646999999E-06 6.45881747000004E-07 
143 120.993059864 33.938301033 2.51369066476 0.000177364903628 -7.83252623174E-06 6.39591570069E-09 0.000177537763720985 -2.47141327899998E-06 6.43876092000013E-07 
144 121.010795032 33.9375178991 2.5136913214 0.000177350881592 -7.82872191601E-06 6.70304936069E-09 0.000177523587540441 -2.46398502300001E-06 6.38561169999998E-07 
145 121.02852869 33.9367351918 2.51369199823 0.000177338147909 -7.82299998297E-06 6.81579861474E-09 0.000177510613989651 -2.463075264E-06 6.4146002700001E-07 
146 121.046260343 33.9359529319 2.51369268773 0.000177288230478 -7.82455435877E-06 6.97099775485E-09 0.000177460813605507 -2.47327653099999E-06 6.55673342999996E-07 
147 121.063989865 33.9351708256 2.51369339081 0.000177290024879 -7.81855379252E-06 7.03655285563E-09 0.000177462341792607 -2.46107801300002E-06 6.39572395000001E-07 
148 121.081717546 33.9343892775 2.51369408427 0.000177256952912 -7.81279379516E-06 6.75197403675E-09 0.000177429048208352 -2.46579383299998E-06 6.53785199999999E-07 
149 121.099443427 33.9336086972 2.51369473326 0.000177258885415 -7.79910060878E-06 6.28491312319E-09 0.00017743037639698 -2.44890700200001E-06 6.35782381000016E-07 
150 121.117167449 33.9328293031 2.51369533675 0.000177223099536 -7.7895461384E-06 5.79742911399E-09 0.000177394205293745 -2.44069219899998E-06 6.39525319999989E-07 
151 121.134888847 33.932050699 2.51369589392 0.000177190795943 -7.78202859637E-06 5.30146417207E-09 0.000177361602845977 -2.43618241699999E-06 6.51779871999991E-07 
152 121.152608617 33.9312733714 2.51369637091 0.000177182258899 -7.76630828137E-06 4.31302911104E-09 0.000177352384904956 -2.43134612400002E-06 6.72666244999989E-07 
153 121.170326648 33.9304976327 2.5136967437 0.000177177815424 -7.74962790507E-06 3.26421471027E-09 0.000177347215996596 -2.41320084699999E-06 6.64458347000022E-07 
154 121.188043032 33.9297233127 2.5136970259 0.00017716489607 -7.73477394561E-06 2.52781303417E-09 0.00017733366046488 -2.39992010300002E-06 6.63692768999993E-07 
155 121.205757703 33.9289505368 2.5136972554 0.000177148038124 -7.71807037624E-06 2.05805670219E-09 0.000177316090713027 -2.389150147E-06 6.65395537999985E-07 
156 121.223470721 33.9281794793 2.51369742238 0.000177131999299 -7.70059520406E-06 1.34991607585E-09 0.000177299307229273 -2.37742035799998E-06 6.65125900000015E-07 
157 121.241182187 33.9274101713 2.51369752892 0.00017711485088 -7.68356107876E-06 8.39998640449E-10 0.00017728143589728 -2.36865468800001E-06 6.70652598000005E-07 
158 121.258892257 33.9266425481 2.51369760654 0.000177089615938 -7.66915990353E-06 8.82942552641E-10 0.000177255601004521 -2.37034769300001E-06 6.90688148000004E-07 
159 121.276601191 33.925876713 2.51369767884 0.000177067088235 -7.65131884058E-06 5.01910623395E-10 0.000177232323282954 -2.36236452899998E-06 6.93704106000001E-07 
160 121.294309028 33.9251127092 2.51369771708 0.000177060611727 -7.63148082128E-06 2.88484228662E-10 0.000177224997460145 -2.34522226999999E-06 6.83637132999998E-07 
161 121.312015998 33.9243506048 2.51369776184 0.000177060208069 -7.61230976566E-06 6.08008232671E-10 0.000177223769686167 -2.33347322099999E-06 6.81762008999996E-07 
162 121.329721985 33.9235904026 2.5136978364 0.000177055472817 -7.5925383761E-06 7.91277080157E-10 0.000177218190641001 -2.32441285799998E-06 6.90396431000001E-07 
163 121.347441163 33.9228472057 2.51369788192 0.000177322835766 -7.31819723615E-06 3.57030010016E-10 0.000177473784247168 -2.40187967E-06 8.16034958999996E-07 
164 121.365179901 33.9221201622 2.51369792017 0.000177445899043 -7.23264931668E-06 4.33418888239E-10 0.000177593238338357 -2.31650999E-06 7.90573170000012E-07 
165 121.382926703 33.9213992832 2.5136979674 0.000177499913791 -7.18585259309E-06 5.64278891051E-10 0.000177645309179895 -2.27813223399999E-06 7.52128241999995E-07 
166 121.400677243 33.9206823997 2.51369803607 0.000177523840496 -7.15048059449E-06 8.24868793754E-10 0.00017766778919619 -2.27085724600001E-06 7.39726880000019E-07 
167 121.418458067 33.9199771426 2.51369810169 0.000177991649157 -6.89518267159E-06 6.03802276089E-10 0.000178125154635913 -2.50694620500001E-06 9.41610812999996E-07 
168 121.436266873 33.9192990991 2.51369816435 0.000178151666984 -6.69032292113E-06 6.55178307865E-10 0.000178277247203327 -2.48149427800002E-06 8.1707703399999E-07 
169 121.454087608 33.9186363603 2.51369823363 0.000178266466171 -6.57182680686E-06 7.35490019423E-10 0.000178387560858981 -2.438457596E-06 7.83934922000002E-07 
170 121.471919591 33.917984502 2.51369830271 0.000178381034172 -6.46538756171E-06 5.84774246268E-10 0.000178498164105229 -2.42363346899998E-06 7.80123074999983E-07 
171 121.48976212 33.9173428561 2.51369834374 0.00017848477171 -6.36538330607E-06 1.96842527273E-10 0.000178598241416434 -2.437420897E-06 8.03627010999991E-07 
172 121.50761729 33.9167120498 2.51369832363 0.000178612100057 -6.24713266954E-06 -5.80469730972E-10 0.00017872131645022 -2.447463187E-06 8.15513091999997E-07 
173 121.525489351 33.9160951189 2.51369821261 0.000178826153104 -6.08275752906E-06 -1.6073669317E-09 0.000178929575463969 -2.474215632E-06 8.41436613000001E-07 
174 121.543386526 33.9154983199 2.51369801565 0.000179150988946 -5.8322166395E-06 -2.32786271791E-09 0.000179245897014907 -2.55886886600001E-06 9.11419154000007E-07 
175 121.561325525 33.9149328982 2.51369774336 0.000179674425702 -5.46780074175E-06 -3.1402352849E-09 0.000179757603750595 -2.64962545899999E-06 1.04203313E-06 
176 121.579322818 33.9144030161 2.51369740066 0.000180265129735 -5.12933931549E-06 -3.62789357502E-09 0.000180338091188056 -2.728518134E-06 1.15257624099999E-06 
177 121.597366382 33.9139044966 2.51369703183 0.000180495922253 -4.889550896E-06 -3.70297827753E-09 0.00018056213797925 -2.68647692699999E-06 8.81001232999997E-07 
178 121.615411142 33.9134168896 2.51369668428 0.000180387352065 -4.88785310119E-06 -3.2022517278E-09 0.000180453561625188 -2.56015969700001E-06 6.91077578000024E-07 
179 121.633439719 33.91292367 2.51369639911 0.000180176437305 -4.98464188532E-06 -2.46935616495E-09 0.000180245375032885 -2.49298092199997E-06 6.37743226999992E-07 
180 121.6514485 33.9124195989 2.51369618222 0.000179986532819 -5.09992456129E-06 -1.90581145179E-09 0.000180058771600741 -2.44754214199998E-06 5.94512132000004E-07 
181 121.669437484 33.9119037606 2.51369601856 0.000179801420663 -5.21486773162E-06 -1.37504368827E-09 0.000179877029438953 -2.43020967100001E-06 5.87388638000009E-07 
182 121.687407429 33.9113766873 2.51369590086 0.000179607205747 -5.32456964693E-06 -1.11102629852E-09 0.00017968611354082 -2.43148702799999E-06 6.03532537999979E-07 
183 121.705359317 33.9108392797 2.51369577868 0.00017942105213 -5.42305761933E-06 -1.36353585174E-09 0.000179502990234809 -2.42318600800001E-06 5.92113742999988E-07 
184 121.7232941 33.9102925828 2.51369564558 0.000179268935355 -5.51001214192E-06 -1.32944515814E-09 0.000179353593270073 -2.419617867E-06 5.94853185E-07 
185 121.74121757 33.9097408352 2.5136955041 0.000179271822812 -5.42586171403E-06 -1.70947813024E-09 0.000179353913903765 -2.58188376899999E-06 6.88280991000017E-07 
186 121.759144848 33.9092046634 2.5136953373 0.00017926295262 -5.32986241473E-06 -1.5770852027E-09 0.0001793421691011 -2.52793903100001E-06 6.80522999999998E-07 
187 121.777066073 33.9086715026 2.51369517384 0.000179153754347 -5.34028444579E-06 -1.61481679987E-09 0.000179233329314597 -2.48837607600002E-06 6.62035009E-07 
188 121.7949782 33.9081363987 2.51369501349 0.000179069175806 -5.36488917426E-06 -1.57417335966E-09 0.000179149523477374 -2.456741341E-06 6.34741845000015E-07 
189 121.812881276 33.9075987577 2.51369486485 0.000178992048624 -5.38693887511E-06 -1.33727060984E-09 0.000179073092849956 -2.44147700500001E-06 6.33990678999981E-07 
190 121.830776345 33.9070592331 2.51369475351 0.000178920701914 -5.40148954568E-06 -9.44102785291E-10 0.000179002216923707 -2.433708389E-06 6.38594147000008E-07 
191 121.848664514 33.9065186164 2.51369464828 0.000178860156605 -5.40780550258E-06 -1.24901042362E-09 0.000178941889960621 -2.428584947E-06 6.44022147000003E-07 
192 121.866546709 33.9059778606 2.51369450959 0.000178805715876 -5.40488099893E-06 -1.57444871454E-09 0.00017888738572359 -2.423428064E-06 6.49739700999996E-07 
193 121.884423961 33.905437541 2.5136943232 0.0001787615831 -5.39845462841E-06 -2.04086916349E-09 0.000178843079007711 -2.417674485E-06 6.53494308999991E-07 
194 121.902297088 33.9048979764 2.51369410136 0.000178722209798 -5.38924065003E-06 -2.38751407401E-09 0.000178803445703836 -2.413257952E-06 6.48111813000005E-07 
195 121.920166495 33.9043595031 2.51369385177 0.000178686201974 -5.37779072825E-06 -2.53603062492E-09 0.00017876710943415 -2.40801121799999E-06 6.43301659999999E-07 
196 121.938030881 33.9038218961 2.5136936077 0.000178601089701 -5.37522997406E-06 -2.35511043189E-09 0.000178681958644977 -2.40436891099999E-06 6.42696664000005E-07 
197 121.955885275 33.9032846146 2.51369338477 0.00017849738634 -5.37126678441E-06 -2.03151058847E-09 0.000178578182993353 -2.39700750000001E-06 6.53321563000005E-07 
198 121.973731263 33.9027477639 2.51369320846 0.000178421710508 -5.36789352819E-06 -1.54316781171E-09 0.000178502439938259 -2.38702353200001E-06 6.51344925999984E-07 
199 121.991566895 33.9022085804 2.51369308907 0.000178269828356 -5.4306869667E-06 -7.87954757896E-10 0.000178352527494367 -2.33984728200001E-06 6.31343505999999E-07 
200 122.00938447 33.9016607438 2.51369304963 0.000178095441593 -5.52716639391E-06 -1.38784653459E-11 0.000178181188357671 -2.308940281E-06 5.76588361999978E-07 
201 122.027182358 33.901102839 2.5136930646 0.000177897548258 -5.62699120063E-06 2.87139390644E-10 0.000177986518327265 -2.31266101900001E-06 5.68422612E-07 
202 122.04496177 33.9005355853 2.51369310501 0.000177714315538 -5.70722998532E-06 4.68240535244E-10 0.00017780593471947 -2.33846233499999E-06 5.71965976999987E-07 
203 122.062724366 33.8999627206 2.51369315865 0.000177544334919 -5.75750988724E-06 5.40255849569E-10 0.000177637664312002 -2.33413198700002E-06 5.65812681000002E-07 
204 122.080470027 33.8993834869 2.5136931904 0.000177378899127 -5.82750449603E-06 7.63062450146E-11 0.000177474600053539 -2.29696040300001E-06 5.73790502999996E-07 
205 122.098200828 33.8987971328 2.51369317099 0.000177234576423 -5.8977450474E-06 -4.24491830334E-10 0.000177332677407929 -2.27775088999999E-06 5.91717774999981E-07 
206 122.11591794 33.8982039356 2.51369309013 0.000177124605245 -5.96297069572E-06 -1.0755036307E-09 0.000177224949721736 -2.24327080799999E-06 5.98314978999978E-07 
207 122.133622532 33.8976035468 2.51369294625 0.000176996304661 -6.04393651605E-06 -1.72049656707E-09 0.000177099466501793 -2.22865694199999E-06 6.17830617999983E-07 
208 122.151317872 33.8969945337 2.51369272409 0.00017694958088 -6.1321946472E-06 -2.69317581397E-09 0.000177055804739783 -2.23372559600001E-06 6.6488340800001E-07 
209 122.169011992 33.8963785071 2.51369240964 0.000176932895233 -6.18227119672E-06 -3.5815438163E-09 0.000177040870720602 -2.25526110700001E-06 6.94644675999979E-07 
210 122.186705854 33.8957592756 2.5136920149 0.000176931878787 -6.20146070181E-06 -4.23100853829E-09 0.000177040526049363 -2.245659225E-06 6.79643617000012E-07 
211 122.204398529 33.8951385682 2.51369157259 0.000176916259201 -6.21342813194E-06 -4.68054582833E-09 0.000177025335702926 -2.242185115E-06 6.8092711600002E-07 
212 122.222089917 33.8945167486 2.5136910742 0.000176900300863 -6.22486714754E-06 -5.23760865068E-09 0.000177009789118729 -2.244832639E-06 7.04437771000005E-07 
213 122.239780216 33.8938937858 2.51369051916 0.000176911542699 -6.23386947683E-06 -5.80582090294E-09 0.000177021340810937 -2.22727306799998E-06 6.81661927999977E-07 
214 122.25746991 33.8932701496 2.51368994172 0.000176905315584 -6.23487700459E-06 -5.67808399891E-09 0.000177015153038879 -2.231172653E-06 6.91812529000013E-07 
215 122.275158337 33.8926468949 2.51368937814 0.00017687465077 -6.22701878644E-06 -5.6077019443E-09 0.000176984230595334 -2.23855559399998E-06 7.17991189000004E-07 
216 122.292844522 33.8920250052 2.51368880545 0.000176866276718 -6.20687510735E-06 -5.7647361614E-09 0.00017697515410904 -2.21992233899999E-06 6.97578538000001E-07 
217 122.310528462 33.891405111 2.51368823942 0.000176815968862 -6.18787963883E-06 -5.63328688549E-09 0.000176924211827455 -2.214529795E-06 7.04235656999989E-07 
218 122.328209794 33.8907871196 2.51368766152 0.000176812821746 -6.17179924052E-06 -5.7468259332E-09 0.000176920504952575 -2.20232226199999E-06 7.00681809000009E-07 
219 122.345888601 33.8901706443 2.51368709077 0.000176788680244 -6.15495400878E-06 -5.69303445609E-09 0.000176895791226575 -2.19578878300002E-06 7.05240907000011E-07 
220 122.363565139 33.8895558604 2.51368650885 0.000176760451994 -6.13912104325E-06 -6.01428977154E-09 0.000176867029806232 -2.19177448100002E-06 7.05170955999995E-07 
221 122.381239508 33.888942081 2.51368588963 0.000176730431571 -6.13682263465E-06 -6.31567760821E-09 0.00017683694770949 -2.188644023E-06 7.12975933000011E-07 
222 122.398912028 33.8883287042 2.5136852504 0.000176712850049 -6.13089158028E-06 -6.49020451973E-09 0.000176819171036775 -2.195285297E-06 7.10520478999999E-07 
223 122.41658356 33.8877163883 2.51368459121 0.000176716589647 -6.11358381426E-06 -6.76685990195E-09 0.000176822309139177 -2.19760735899999E-06 7.06141243000019E-07 
224 122.434254789 33.8871062998 2.51368390928 0.00017670331668 -6.09163098327E-06 -6.73913104526E-09 0.000176808286398473 -2.205529166E-06 7.23240865999997E-07 
225 122.451923622 33.8864978485 2.51368323895 0.000176655521931 -6.06764284492E-06 -6.62922724942E-09 0.000176759694960005 -2.175013765E-06 7.26831408999988E-07 
226 122.469586408 33.8858921109 2.51368258012 0.000176605406516 -6.04188651016E-06 -6.65630587643E-09 0.000176708726574523 -2.18966517799999E-06 7.15007023000002E-07 
227 122.487243434 33.8852889422 2.51368189677 0.000176554172089 -6.02567984388E-06 -7.02637952216E-09 0.000176656968583136 -2.20161892600001E-06 7.27211369000002E-07 
228 122.504896573 33.8846873193 2.51368117085 0.000176510269043 -6.01196763044E-06 -7.46495848618E-09 0.000176612623807437 -2.195108023E-06 7.29452753999994E-07 
229 122.522546151 33.8840869639 2.51368036626 0.000176480554747 -5.99168326414E-06 -8.96514466011E-09 0.000176582237364126 -2.17979449399999E-06 7.16901548000016E-07 
230 122.540192051 33.8834880402 2.51367945172 0.000176439257359 -5.97856333865E-06 -9.28397064658E-09 0.000176540518984118 -2.18203819299999E-06 7.14457976000026E-07 
231 122.557833631 33.8828903902 2.51367850833 0.000176396481824 -5.96551142597E-06 -9.62888959035E-09 0.000176497326379675 -2.18613245399999E-06 7.11886062999991E-07 
232 122.575471221 33.8822940374 2.51367752321 0.000176351440682 -5.95298028743E-06 -9.99047705587E-09 0.000176451887790211 -2.185723393E-06 7.08360095000023E-07 
233 122.593105146 33.8816989861 2.51367652859 0.000176305101907 -5.94636389712E-06 -9.94189890857E-09 0.000176405352245548 -2.19390020600002E-06 7.15238119000005E-07 
234 122.610735482 33.8811051709 2.51367553624 0.000176298038465 -5.93186625602E-06 -9.90544350837E-09 0.000176397804697235 -2.20743283000001E-06 7.01263976999987E-07 
235 122.628362679 33.880512459 2.5136745477 0.000176268430899 -5.92350679696E-06 -9.87407382015E-09 0.000176367932918279 -2.21334575799999E-06 7.04858927000026E-07 
236 122.645986649 33.8799206685 2.51367356017 0.000176213761985 -5.91679049682E-06 -9.91619964467E-09 0.000176313069342634 -2.21571898599999E-06 7.07561100000005E-07 
237 122.663607656 33.8793297989 2.51367256662 0.000176205785278 -5.90327551224E-06 -9.94939930596E-09 0.000176304644085743 -2.19485456799998E-06 7.13754102000006E-07 
238 122.681225696 33.8787399668 2.51367158183 0.00017618016636 -5.89292299818E-06 -9.66558459622E-09 0.000176278693135397 -2.19222179599998E-06 7.10271457999998E-07 
239 122.698840837 33.8781512052 2.5136706054 0.000176137885949 -5.88157697716E-06 -9.93592399148E-09 0.000176236057357862 -2.203409349E-06 7.00666259E-07 
240 122.71645294 33.8775633225 2.51366959629 0.000176094568664 -5.8718223445E-06 -1.01276013179E-08 0.000176192438864935 -2.194494024E-06 7.00604575999984E-07 
241 122.734062043 33.87697644 2.51366859008 0.000176059393278 -5.86902916543E-06 -1.00167644612E-08 0.000176157189933019 -2.20678376899999E-06 7.12016825000014E-07 
242 122.751668224 33.8763906971 2.51366758902 0.000176025657527 -5.85431739246E-06 -1.00346019171E-08 0.00017612298328338 -2.21363882000001E-06 7.05649267000014E-07 
243 122.769272185 33.8758058829 2.51366657849 0.000176022930323 -5.85077969736E-06 -1.03151785152E-08 0.000176120140043567 -2.21217488300001E-06 6.97983118999997E-07 
244 122.786874536 33.8752215546 2.51366552116 0.000176017300271 -5.83461865448E-06 -1.08373000674E-08 0.000176113976977927 -2.19104532500001E-06 6.96983744000006E-07 
245 122.804475364 33.8746383933 2.51366441632 0.000176000519848 -5.82223569785E-06 -1.12054981353E-08 0.000176096795941467 -2.18481074199997E-06 7.02500457999987E-07 
246 122.822074682 33.8740567417 2.51366329141 0.000175961691461 -5.80769469266E-06 -1.12402281436E-08 0.000176057508518671 -2.18759542399999E-06 7.05092841999999E-07 
247 122.839672744 33.8734766636 2.51366215872 0.000175987102971 -5.79526741677E-06 -1.16224640774E-08 0.000176082496778183 -2.18714612799998E-06 6.87504085999994E-07 
248 122.857269701 33.8728981546 2.51366096574 0.000175951294818 -5.77711220713E-06 -1.22882408384E-08 0.000176046111358886 -2.18145818200002E-06 6.92481725000004E-07 
249 122.874865715 33.8723212153 2.51365970621 0.000175949724912 -5.76120336632E-06 -1.29392078875E-08 0.000176044020995488 -2.17958248999999E-06 7.08731836000011E-07 
250 122.892461019 33.87174587 2.51365838761 0.000175956307443 -5.74756371163E-06 -1.33944287142E-08 0.00017605015420898 -2.172316232E-06 6.91515765000001E-07 
251 122.910055766 33.8711720196 2.51365702608 0.000175944346628 -5.72946187035E-06 -1.37626519259E-08 0.000176037609711925 -2.14480028E-06 6.92161502000005E-07 
252 122.927650042 33.8705995593 2.51365564115 0.000175925451887 -5.72364025819E-06 -1.38570809277E-08 0.000176018535590628 -2.16136111799999E-06 6.92236624000016E-07 
253 122.945243988 33.8700283491 2.51365425261 0.00017593736698 -5.70733772667E-06 -1.38992646976E-08 0.000176029915062671 -2.14866737300001E-06 6.86300131000009E-07 
254 122.962837855 33.8694583917 2.51365287656 0.000175955060817 -5.69347534939E-06 -1.36361105782E-08 0.000176047150714267 -2.13764502799999E-06 6.73915029999984E-07 
255 122.980431659 33.8688895038 2.51365153157 0.000175935019562 -5.68646177479E-06 -1.32706394608E-08 0.000176026893206428 -2.12739434999999E-06 6.93186326999987E-07 
256 122.998025484 33.8683217127 2.51365021028 0.000175936425196 -5.66647219324E-06 -1.35878855906E-08 0.000176027653516415 -2.10956379600001E-06 7.00042931000026E-07 
257 123.015619067 33.8677551733 2.51364886193 0.000175940501438 -5.66150634179E-06 -1.33501271533E-08 0.000176031567846619 -2.12668641500001E-06 6.84324154000011E-07 
258 123.033211979 33.8671897254 2.51364753093 0.000175932558287 -5.64670004814E-06 -1.33304370643E-08 0.000176023153205886 -2.116008916E-06 6.72676493000001E-07 
259 123.050804424 33.8666254891 2.51364618606 0.000175904313962 -5.63509956578E-06 -1.36323471172E-08 0.00017599455162987 -2.10660453900001E-06 6.84922959000008E-07 
260 123.068396312 33.8660623641 2.51364479545 0.000175913277337 -5.63353068024E-06 -1.43188425872E-08 0.000176003460239845 -2.11256624600001E-06 6.76997388000008E-07 
261 123.085988474 33.8654988571 2.51364331431 0.000175930238684 -5.63669392476E-06 -1.52601188054E-08 0.000176020514243885 -2.09676217999998E-06 6.73568483999999E-07 
262 123.103580924 33.8649344612 2.51364175204 0.000175916351719 -5.65391582973E-06 -1.60562730078E-08 0.000176007186853652 -2.08167109E-06 6.58614405E-07 
263 123.121170434 33.8643671875 2.51364010455 0.000175885075625 -5.68884566926E-06 -1.69355448463E-08 0.000175977052707088 -2.07742625999999E-06 6.48529398999991E-07 
264 123.138756024 33.8637967704 2.51363837743 0.000175841574157 -5.72036382651E-06 -1.76578570371E-08 0.000175934596018291 -2.07075035300002E-06 6.70916616999999E-07 
265 123.156337674 33.8632235504 2.51363657211 0.00017579610995 -5.74626280345E-06 -1.83872210815E-08 0.000175890000136019 -2.05469270200001E-06 7.02665832000017E-07 
266 123.173915572 33.8626478817 2.51363469303 0.000175756140075 -5.77106787569E-06 -1.91164186623E-08 0.00017585086398402 -2.06041751800001E-06 6.83308250000008E-07 
267 123.191490348 33.8620701241 2.51363277239 0.00017574302921 -5.78503753976E-06 -1.93333448055E-08 0.00017583821925003 -2.047151784E-06 6.80172200999987E-07 
268 123.20906227 33.8614905785 2.51363083254 0.000175700961967 -5.80350821883E-06 -1.95985269628E-08 0.000175796783610729 -2.03385239899999E-06 7.08517108999996E-07 
269 123.226631576 33.8609091718 2.51362883179 0.000175691524441 -5.82523053162E-06 -2.0373072509E-08 0.000175788069806262 -2.02403968100002E-06 6.91015893999994E-07 
270 123.244198824 33.8603258394 2.5136267622 0.000175667293755 -5.84387911309E-06 -2.09004992184E-08 0.000175764471538263 -2.04212255399999E-06 7.00319866000023E-07 
271 123.261764339 33.8597406336 2.51362467105 0.000175640388853 -5.85850585558E-06 -2.10023148614E-08 0.000175738068523556 -2.031634609E-06 7.07321814000001E-07 
272 123.279328595 33.8591540966 2.51362256569 0.000175639751306 -5.86524473101E-06 -2.11854015135E-08 0.000175737656133822 -2.02051210799998E-06 7.2614389399998E-07 
273 123.296890925 33.8585676907 2.51362042193 0.00017562090067 -5.86323289104E-06 -2.15773166573E-08 0.000175718748907614 -2.03146766300001E-06 7.21343398999986E-07 
274 123.314451586 33.8579812794 2.51361982254 0.00017559743666 -5.86774809177E-06 -2.51483381838E-09 0.000175695447395644 -2.01034883400001E-06 7.42882616999995E-07 
275 123.332011005 33.8573944463 2.51361951961 0.00017556961165 -5.86853683496E-06 -3.53046994302E-09 0.000175667664275413 -2.00995047799999E-06 7.28751109999986E-07 
276 123.349569241 33.856807151 2.51361910538 0.000175567263732 -5.87593024434E-06 -4.84977050448E-09 0.000175665564850082 -2.02055753599999E-06 7.11793385999992E-07 
277 123.367126449 33.8562195509 2.51361853955 0.000175591446644 -5.87441714598E-06 -6.41948766001E-09 0.000175689683682758 -2.01680982199999E-06 7.05778239000005E-07 
278 123.384683468 33.8556326504 2.51361784162 0.000175573094064 -5.86289215409E-06 -7.4812508344E-09 0.000175670956391732 -2.01455290200001E-06 7.16336599E-07 
279 123.402240834 33.855046915 2.51361706016 0.000175566148291 -5.85033981513E-06 -8.09568218246E-09 0.000175663596021572 -2.03296531299998E-06 7.28773173000013E-07 
280 123.419798721 33.8544625102 2.51361620763 0.000175553645528 -5.83968200997E-06 -8.98319746447E-09 0.000175650745585796 -2.055800149E-06 7.2593679999999E-07 
281 123.437357273 33.8538795462 2.51361526542 0.000175595749487 -5.8251646218E-06 -9.76272830058E-09 0.000175692344386667 -2.04775941499999E-06 7.12523901000018E-07 
282 123.454916642 33.853297998 2.51361425969 0.000175605579678 -5.80687022365E-06 -1.04071100957E-08 0.000175701563636038 -2.034293341E-06 7.22217328999995E-07 
283 123.472476728 33.8527179687 2.51361317555 0.000175605858989 -5.78999829636E-06 -1.14182505857E-08 0.000175701286056514 -2.043905525E-06 7.22585231000011E-07 
284 123.49003759 33.852139627 2.51361196577 0.000175624422351 -5.77343617804E-06 -1.28136623074E-08 0.000175719294488722 -2.06129612099999E-06 7.26491777000002E-07 
285 123.507598934 33.8515630587 2.51361062093 0.000175621819742 -5.75800671595E-06 -1.4124686969E-08 0.000175716187103918 -2.05049877799999E-06 7.36315061000009E-07 
286 123.525160184 33.850988214 2.51360912571 0.000175627319436 -5.73690066668E-06 -1.5875387163E-08 0.000175720993662004 -2.02178381699999E-06 7.23667085000005E-07 
287 123.542720924 33.850414978 2.51360746994 0.000175588825777 -5.72256696167E-06 -1.71592912001E-08 0.000175682053166559 -2.04093171400001E-06 7.40030498000009E-07 
288 123.560280732 33.8498433561 2.51360569284 0.000175563960501 -5.71137118721E-06 -1.83096444969E-08 0.000175656836823614 -2.06316019700002E-06 7.41580724000014E-07 
289 123.577840527 33.8492734145 2.51360588027 0.000175605882634 -5.6923397283E-06 1.21531263184E-08 0.000175698118643732 -2.055249547E-06 7.76958314999994E-07 
290 123.5953999 33.8487052821 2.51360699992 0.000175591736709 -5.66922291595E-06 1.03791259379E-08 0.000175683232542778 -2.05140662100001E-06 7.4099322299999E-07 
291 123.612958048 33.8481389911 2.51360797329 0.000175589044213 -5.64930714036E-06 9.06735978554E-09 0.000175679899820719 -2.065709596E-06 6.93715809999993E-07 
292 123.630514967 33.8475745366 2.51360885711 0.00017557309172 -5.63676757579E-06 8.37390268568E-09 0.000175663552722086 -2.07967103500002E-06 6.73449663000003E-07 
293 123.648070678 33.847011933 2.51360964009 0.000175545707483 -5.62091667031E-06 7.30926519148E-09 0.000175635674546337 -2.073215417E-06 6.90564742999999E-07 
294 123.665625152 33.8464511814 2.5136103069 0.000175509290438 -5.59900442874E-06 6.15161840561E-09 0.000175598576071919 -2.056535595E-06 6.82615871999996E-07 
295 123.683178776 33.8458922418 2.51361155711 0.000175536805469 -5.57817144995E-06 1.56201401309E-08 0.000175625414775241 -2.03982356500001E-06 6.52781960999986E-07 
296 123.700731474 33.8453351525 2.51361295879 0.000175525029328 -5.56064302032E-06 1.22754749198E-08 0.00017561308841337 -2.042665398E-06 6.45252485999981E-07 
297 123.718282732 33.8447799227 2.51361402157 0.000175487662121 -5.54113074434E-06 9.09218167977E-09 0.000175575122865649 -2.02833391299998E-06 6.63575303999999E-07 
298 123.735833261 33.8442265915 2.51361655389 0.000175516873329 -5.52382351408E-06 3.40508905452E-08 0.00017560377731947 -2.01907783000001E-06 7.17547208999996E-07 
299 123.753382775 33.8436753494 2.5136197641 0.000175506422205 -5.50183521308E-06 2.9971643951E-08 0.000175592640290563 -2.036741302E-06 6.70443708000008E-07 
300 123.77093087 33.8431262323 2.51362255866 0.000175468080758 -5.47869824556E-06 2.61817829993E-08 0.000175553593483152 -2.02944693499999E-06 6.50931524000015E-07 
301 123.78847761 33.8425791774 2.51362504475 0.000175469813015 -5.45782000166E-06 2.36343404634E-08 0.000175554674210833 -2.01892335200001E-06 6.41753387999999E-07 
302 123.806023307 33.8420341124 2.51362729709 0.000175447290229 -5.44519709858E-06 2.14794546618E-08 0.000175531770006197 -2.03412813099999E-06 6.38098483999997E-07 
303 123.823568057 33.8414910199 2.51362934993 0.000175453107502 -5.42167557047E-06 1.9665504396E-08 0.000175536856200719 -2.035524547E-06 6.24037819000006E-07 
304 123.841110988 33.8409497908 2.51363327184 0.000175400657808 -5.400763982E-06 4.47611739438E-08 0.000175483791315982 -2.04122131099998E-06 6.94749706000003E-07 
305 123.85865075 33.8404102481 2.51363757178 0.000175395956517 -5.3905239247E-06 4.11590216943E-08 0.000175478776508047 -2.05179797899997E-06 6.40086987999995E-07 
306 123.876186611 33.8398721113 2.5136415148 0.000175337714385 -5.37106101529E-06 3.76198242586E-08 0.000175419964078884 -2.02794552399998E-06 6.31789801999993E-07 
307 123.893719858 33.8393356013 2.51364510599 0.000175299699184 -5.36031340499E-06 3.41099994488E-08 0.000175381637172461 -2.041995219E-06 6.16502548000009E-07 
308 123.911251244 33.838800503 2.51364832931 0.000175308831947 -5.33262344915E-06 3.04249215456E-08 0.000175389920910946 -2.02094599299998E-06 6.10013172000013E-07 
309 123.928780847 33.8382667073 2.51365120725 0.000175317040372 -5.33176384533E-06 2.7065978737E-08 0.000175398098858189 -2.03363676200001E-06 5.83427155000001E-07 
310 123.946309385 33.837734113 2.51365376465 0.000175275698396 -5.32183742062E-06 2.40332411165E-08 0.000175356474016028 -2.016258283E-06 6.16467422999986E-07 
311 123.963837116 33.8372027744 2.51365601951 0.00017527572114 -5.29795289495E-06 2.10421475878E-08 0.00017535577312651 -2.012003892E-06 6.06160259E-07 
312 123.981364284 33.8366725507 2.51365798003 0.000175289981283 -5.3003847356E-06 1.80373892156E-08 0.000175370099908414 -2.02398281500001E-06 5.96627992000015E-07 
313 123.99889118 33.8361434362 2.51365964391 0.000175283157906 -5.2873288373E-06 1.50920951153E-08 0.000175362885239451 -2.01956155900001E-06 5.99758748000002E-07 
314 124.016417691 33.8356154475 2.51366100706 0.000175273762419 -5.27290138294E-06 1.19615866116E-08 0.000175353059353368 -1.98669499299999E-06 6.22596812000002E-07 
315 124.033942246 33.8350873089 2.51366204332 0.000175231810092 -5.2879121694E-06 8.72995690421E-09 0.000175311577938943 -2.01147855499999E-06 6.29754234E-07 
316 124.051468075 33.8345582432 2.51366273976 0.000175275363838 -5.28382230375E-06 5.03468505722E-09 0.000175354988443525 -1.99943777099998E-06 6.19073532000003E-07 
317 124.068994709 33.8340293712 2.51366306291 0.000175267506986 -5.29486377779E-06 1.81760497477E-09 0.00017534746816198 -2.02129599299999E-06 6.34094287999996E-07 
318 124.086521278 33.8335012807 2.51366307363 0.000175221004997 -5.2733213774E-06 -1.28151043359E-09 0.000175300338026344 -1.985438327E-06 6.47691467E-07 
319 124.104047843 33.832972758 2.51366279453 0.000175267442498 -5.2855241583E-06 -4.14636414331E-09 0.000175347121968426 -1.98325104400001E-06 6.45746154000014E-07 
320 124.121575776 33.8324440664 2.51366223302 0.000175285015151 -5.28966742297E-06 -7.00144201624E-09 0.000175364811655452 -1.98848488900001E-06 6.34952319999993E-07 
321 124.139104179 33.8319160366 2.51366141146 0.000175290717871 -5.26579580297E-06 -9.48477941452E-09 0.000175369793485452 -1.98684303500001E-06 6.36058899000002E-07 
322 124.156632719 33.8313889259 2.51366030768 0.000175267379287 -5.26987401715E-06 -1.26937333741E-08 0.000175346588148788 -2.003195944E-06 6.50992276999976E-07 
323 124.174161507 33.830862807 2.51365887537 0.000175302340969 -5.25194933539E-06 -1.59477682692E-08 0.000175380996619829 -1.98167897800001E-06 6.48367697999989E-07 
324 124.191689161 33.830337045 2.51365715619 0.000175263949239 -5.26534478537E-06 -1.84566633372E-08 0.000175343024096221 -1.97896778100001E-06 6.71734380000002E-07 
325 124.209217058 33.8298111654 2.51365520345 0.000175307167351 -5.25296332098E-06 -2.01900670774E-08 0.000175385851641237 -1.98064783899998E-06 6.53808111999987E-07 
326 124.226746531 33.8292859313 2.5136548702 0.000175298747293 -5.24497220493E-06 5.64193549132E-09 0.000175377195118855 -2.00611313500002E-06 7.12575911000004E-07 
327 124.244277369 33.8287616939 2.51365539078 0.000175284249461 -5.23668673903E-06 4.8330705875E-09 0.000175362456131486 -2.02917507399999E-06 7.06520002000013E-07 
328 124.261808374 33.8282397949 2.51365582766 0.000175321551489 -5.20258887793E-06 3.89454597446E-09 0.000175398726799 -1.996265019E-06 6.72739446999979E-07 
329 124.279338416 33.8277202501 2.51365617264 0.000175286196366 -5.19163445626E-06 2.96047416343E-09 0.000175363062568922 -2.033684E-06 6.7044695200002E-07 
330 124.296867874 33.8272022827 2.51365640811 0.000175293738197 -5.18133909966E-06 1.75065656333E-09 0.000175370296598394 -2.02664338399999E-06 6.58258646999983E-07 
331 124.31439768 33.8266856246 2.51365655071 0.00017529955929 -5.16596691677E-06 1.41841644875E-09 0.000175375661662231 -2.01557885200001E-06 6.79611439000002E-07 
332 124.33192705 33.8261703961 2.51365690447 0.000175277138685 -5.14689731842E-06 4.43729722957E-09 0.00017535269007716 -2.02941030600002E-06 6.76452343000017E-07 
333 124.349452426 33.8256568421 2.51365739579 0.000175218512719 -5.12540468395E-06 5.27716453789E-09 0.000175293459662593 -2.03226892100001E-06 6.84918775999978E-07 
334 124.36697461 33.8251446087 2.51365792461 0.000175224771822 -5.1093835436E-06 5.15537555185E-09 0.000175299248392129 -1.99211876499998E-06 6.73328064999996E-07 
335 124.384495118 33.8246338723 2.51365962557 0.000175198192985 -5.0875791987E-06 1.82249199288E-08 0.000175272047456119 -2.00382692800002E-06 6.88389759000022E-07 
336 124.40201337 33.8241246355 2.5136613455 0.000175174750662 -5.07221376913E-06 1.61100549168E-08 0.000175248169409976 -2.04754602400002E-06 6.65602906000008E-07 
337 124.41952958 33.8236168936 2.51366284674 0.000175162165777 -5.06823236846E-06 1.38008714601E-08 0.000175235474403712 -2.065529593E-06 6.59467449000021E-07 
338 124.437045351 33.8231105969 2.5136665149 0.000175148022282 -5.04069660194E-06 3.84968902461E-08 0.000175220546208312 -1.99323685499999E-06 7.14883683999992E-07 
339 124.454559213 33.8226057873 2.51367023099 0.000175155782062 -5.04652363867E-06 3.57165200449E-08 0.000175228469907879 -2.044312134E-06 6.80553310999991E-07 
340 124.472071111 33.8221025133 2.51367364641 0.00017512432871 -5.01858960103E-06 3.24279332793E-08 0.00017519622655549 -2.03722801000002E-06 6.63015780999991E-07 
341 124.489581358 33.8216008078 2.51367671802 0.000175096640083 -5.02158160322E-06 2.88975431883E-08 0.000175168634421866 -2.05712601000001E-06 6.62804770999991E-07 
342 124.507089968 33.8210995459 2.51367943187 0.000175078479656 -5.0115672892E-06 2.5276851877E-08 0.000175150194074314 -2.033000469E-06 6.66167657000015E-07 
343 124.524596783 33.8205993667 2.51368176538 0.000175078856869 -4.9957505801E-06 2.13224987421E-08 0.000175150118758348 -2.040177553E-06 6.50280557000011E-07 
344 124.542101204 33.8201006466 2.51368371787 0.000175003776325 -4.97911052918E-06 1.78202913675E-08 0.000175074594351194 -2.01815172499998E-06 6.8388685100002E-07 
345 124.559603016 33.8196038365 2.51368530881 0.000175033720651 -4.96081903584E-06 1.39741969984E-08 0.000175104007052143 -2.047613176E-06 6.52470662000008E-07 
346 124.577101829 33.8191094734 2.51368653311 0.000174950231088 -4.93573892086E-06 1.05552490444E-08 0.000175019841697599 -2.07267898600001E-06 6.67989593000005E-07 
347 124.594596977 33.8186179632 2.51368742274 0.00017495467895 -4.90126671057E-06 7.34585479804E-09 0.00017502331889159 -2.061234739E-06 6.63895586000004E-07 
348 124.612087903 33.8181294274 2.51368802928 0.000174875055655 -4.87594603965E-06 4.80709235374E-09 0.000174943019189761 -2.08184230600001E-06 6.78638493999991E-07 
349 124.629574833 33.8176430922 2.5136883786 0.000174858375067 -4.85667769762E-06 2.1631312174E-09 0.000174925808999156 -2.09476947999999E-06 6.67670798000004E-07 
350 124.647058461 33.8171583564 2.5136884636 0.00017483365892 -4.84170055435E-06 -5.37816618713E-10 0.000174900687122441 -2.07856942299999E-06 6.82847708999979E-07 
351 124.66453904 33.8166750819 2.5136882694 0.000174784347928 -4.8191579365E-06 -3.32184526693E-09 0.000174850772302749 -2.07618931100001E-06 6.90134741000009E-07 
352 124.682016897 33.8161931415 2.51368785907 0.00017475249043 -4.80255361662E-06 -4.45441890393E-09 0.000174818469998366 -2.066343192E-06 6.9764086299998E-07 
353 124.699492169 33.815712584 2.51368737727 0.0001747438437 -4.79424574068E-06 -5.1930734224E-09 0.000174809598507176 -2.06411399100002E-06 6.93437616000012E-07 
354 124.716964796 33.8152335068 2.51368681932 0.000174717259386 -4.78078221953E-06 -5.81936081731E-09 0.000174782655431969 -2.075953487E-06 6.79630219999977E-07 
355 124.734434698 33.8147559581 2.51368623883 0.000174680786755 -4.76689861594E-06 -5.82822234696E-09 0.000174745817168047 -2.09813706200001E-06 6.78941235999998E-07 
356 124.751902057 33.8142800694 2.51368562725 0.000174654446776 -4.75211406742E-06 -6.25533676529E-09 0.000174719084263482 -2.08735097000001E-06 6.87157146000018E-07 
357 124.769366986 33.8138057939 2.51368497809 0.000174643769246 -4.73864009041E-06 -6.90730337076E-09 0.000174708044731968 -2.09953335699999E-06 6.88823897000013E-07 
358 124.786829708 33.8133329999 2.51368422026 0.00017463543836 -4.72177715279E-06 -8.33696184904E-09 0.000174699260388174 -2.110595141E-06 6.62451035999986E-07 
359 124.80429041 33.8128620326 2.51368326693 0.000174565264944 -4.69095171783E-06 -1.03830139559E-08 0.000174628281961413 -2.07470604200001E-06 6.93719839E-07 
360 124.821749453 33.8123925153 2.51368216716 0.000174596576357 -4.69056992331E-06 -1.14974717599E-08 0.000174659571893392 -2.10472935100001E-06 6.72790217999986E-07 
361 124.839207053 33.8119243144 2.51368095877 0.000174571257167 -4.67994539624E-06 -1.26281267015E-08 0.000174633976869475 -2.10209347299998E-06 6.72115379999998E-07 
362 124.856663471 33.8114575183 2.51367964969 0.000174573014872 -4.66454039724E-06 -1.35838126886E-08 0.000174635321865701 -2.100578626E-06 6.68389860999984E-07 
363 124.874118882 33.8109921815 2.51367826134 0.000174537497993 -4.65125165325E-06 -1.38922112812E-08 0.000174599463173836 -2.10898875500001E-06 6.82171122000011E-07 
364 124.891574139 33.8105275183 2.51367690294 0.000174551414232 -4.65561788095E-06 -1.32132282435E-08 0.000174613490781308 -2.05415118499999E-06 6.86380738999993E-07 
365 124.909030723 33.8100596843 2.5136758445 0.000174586757579 -4.6964312188E-06 -9.14991484053E-09 0.000174649914033367 -2.05800079699998E-06 6.75388792999995E-07 
366 124.926487946 33.8095887524 2.51367494621 0.000174580566719 -4.71950811436E-06 -8.78334640158E-09 0.000174644347489164 -2.07386194999999E-06 6.60217146000004E-07 
367 124.943944918 33.8091164909 2.51367409567 0.000174575315418 -4.71825005104E-06 -8.20591563682E-09 0.000174639064084114 -2.06175791800001E-06 6.78413784999994E-07 
368 124.961400856 33.808645154 2.51367329801 0.000174562456855 -4.70449210875E-06 -7.72369428244E-09 0.000174625839007034 -2.070900702E-06 6.65628415000004E-07 
369 124.978856107 33.8081741734 2.51367256491 0.000174568029418 -4.71356077118E-06 -6.90333285764E-09 0.000174631654054136 -2.06905060799999E-06 6.7391894099998E-07 
370 124.996311518 33.8077030697 2.51367191342 0.000174550998598 -4.71096520994E-06 -6.11599443803E-09 0.00017461455936483 -2.10213599899999E-06 6.59931659999983E-07 
371 125.013766504 33.8072331401 2.51367134187 0.00017454194973 -4.68641289143E-06 -5.43675288542E-09 0.000174604853056543 -2.08363139599999E-06 6.75670680000011E-07 
372 125.031220193 33.8067652613 2.51367080419 0.000174545212946 -4.67440139637E-06 -5.27506723492E-09 0.000174607793121055 -2.079764832E-06 6.60724827999986E-07 
373 125.048672653 33.8062988321 2.51367028309 0.000174531229941 -4.65810829819E-06 -5.07889461944E-09 0.000174593379666673 -2.08205684800001E-06 6.69348540999979E-07 
374 125.066124968 33.8058334889 2.51367150446 0.000174513996364 -4.64545657105E-06 2.47751324505E-08 0.000174575816788852 -2.042501345E-06 6.92527416000006E-07 
375 125.083577196 33.8053690812 2.51367390968 0.000174519647333 -4.63609343164E-06 2.33235226397E-08 0.000174581216662986 -2.04274320199997E-06 6.76299325999986E-07 
376 125.10102856 33.8049055751 2.51367614123 0.000174493315168 -4.63028687338E-06 2.14274652703E-08 0.000174554739420003 -2.03697005800001E-06 6.89935467999999E-07 
377 125.118479059 33.8044431181 2.51367817566 0.000174506845368 -4.61937621679E-06 1.93057610311E-08 0.000174567975555758 -2.04262902300001E-06 6.61378565999999E-07 
378 125.135928785 33.8039818953 2.51367999679 0.000174504814165 -4.603980661E-06 1.71577178702E-08 0.000174565538119857 -2.06356855899999E-06 6.57405294000012E-07 
379 125.153377826 33.8035220051 2.51368160251 0.000174478105602 -4.59839096159E-06 1.47295942877E-08 0.000174538691271761 -2.086978954E-06 6.79531786999999E-07 
380 125.170826259 33.8030633926 2.51368295061 0.000174465646491 -4.57277274544E-06 1.23457976865E-08 0.000174525563194974 -2.04084506499999E-06 6.89809540999997E-07 
381 125.188274219 33.8026061488 2.51368407698 0.000174490361032 -4.56462463011E-06 1.01556548452E-08 0.00017455005584138 -2.073922447E-06 6.68775089999996E-07 
382 125.205721854 33.802150215 2.51368498885 0.00017446365688 -4.55840456686E-06 7.99384768622E-09 0.000174523198137208 -2.089121319E-06 6.90862442E-07 
383 125.223169128 33.8016955793 2.51368565489 0.000174471652799 -4.53827234738E-06 5.33991490874E-09 0.000174530666574183 -2.064829526E-06 6.77741564999979E-07 
384 125.240616186 33.8012421803 2.51368607344 0.000174471012206 -4.52379517742E-06 3.08536868123E-09 0.000174529650296197 -2.07142487699998E-06 6.9178845599999E-07 
385 125.258063058 33.8007899844 2.51368627622 0.000174461994518 -4.5187389302E-06 9.21902500575E-10 0.000174520504622144 -2.09550260699999E-06 6.91483404E-07 
386 125.275510763 33.800339019 2.51368759716 0.000174496145376 -4.50203644155E-06 2.95000930855E-08 0.000174554214940398 -2.14079584499998E-06 7.38008142999992E-07 
387 125.292959237 33.7998894197 2.51369040825 0.000174461749147 -4.48771319662E-06 2.64995096235E-08 0.000174519460769823 -2.15545251400001E-06 7.32231903999997E-07 
388 125.310407432 33.7994411874 2.51369289143 0.000174486998814 -4.47797281138E-06 2.31452968974E-08 0.000174544451448108 -2.16493770200001E-06 7.00098718000019E-07 
389 125.327855612 33.7989942636 2.51369503816 0.000174472091973 -4.46123866086E-06 1.9807750694E-08 0.000174529120550615 -2.16117505299999E-06 7.15265240000003E-07 
390 125.345303164 33.798548657 2.513696835 0.00017446320742 -4.44714294885E-06 1.6055425818E-08 0.000174519878757287 -2.14442710800002E-06 7.17519430000002E-07 
391 125.362749233 33.7981040741 2.51369826167 0.000174445077471 -4.44121978886E-06 1.25303320201E-08 0.000174501603557347 -2.14722217400001E-06 7.32080594000013E-07 
392 125.38019558 33.7976605336 2.51369935348 0.000174534833748 -4.44665070495E-06 9.48406439198E-09 0.000174591468817584 -2.131046316E-06 7.38168128000012E-07 
393 125.397646314 33.7972121502 2.51370016862 0.000174503579277 -4.51861946112E-06 6.84823296916E-09 0.000174562072482017 -2.139980678E-06 7.13376591999994E-07 
394 125.415096604 33.7967594475 2.51370071657 0.000174502116636 -4.53201060722E-06 4.13781212124E-09 0.000174560957398009 -2.168936234E-06 7.26889151999986E-07 
395 125.43254644 33.7963064744 2.51370098789 0.000174493770645 -4.52685456051E-06 1.40041577609E-09 0.000174552480383646 -2.18114217699999E-06 7.2037189299999E-07 
396 125.449995785 33.7958537279 2.51370101732 0.000174471224688 -4.51628338447E-06 -7.96899448814E-10 0.00017452966813804 -2.19800357500002E-06 7.28327232000012E-07 
397 125.467445738 33.7954014169 2.51370080642 0.00017448895406 -4.51997407945E-06 -3.52357514828E-09 0.000174547487140455 -2.211576964E-06 7.31529845000005E-07 
398 125.484896087 33.7949497994 2.51370031706 0.000174506919285 -4.50978256747E-06 -6.30782123596E-09 0.000174565182831331 -2.23021468699999E-06 7.31378323000006E-07 
399 125.50234669 33.7944990607 2.51369953832 0.000174506447125 -4.49938222514E-06 -9.21789455194E-09 0.000174564442580864 -2.242611302E-06 7.15034092000011E-07 
400 125.519797119 33.7940491857 2.51369847656 0.000174524982698 -4.49887507157E-06 -1.2032459502E-08 0.000174582959098037 -2.233834504E-06 7.11682896000003E-07 
401 125.537246634 33.7936001741 2.51369716067 0.000174502534866 -4.49102046198E-06 -1.46767316191E-08 0.000174560316666922 -2.22386895399999E-06 7.19354899000017E-07 
402 125.554694981 33.7931519928 2.51369557894 0.000174485174242 -4.47797845286E-06 -1.69756586131E-08 0.000174542626912334 -2.19946260800001E-06 7.3386285500001E-07 
403 125.572141966 33.7927047587 2.51369376457 0.000174450017279 -4.46476837811E-06 -1.93863009498E-08 0.00017450714329546 -2.24601189199999E-06 7.30069169999997E-07 
404 125.589587701 33.7922584942 2.51369217411 0.000174470249507 -4.46193455436E-06 1.03041376098E-09 0.00017452729535538 -2.334570137E-06 7.41674049000004E-07 
405 125.607032726 33.7918132221 2.51369209413 0.000174443825515 -4.4495921447E-06 -2.71400764341E-09 0.000174500564864208 -2.29318694399999E-06 7.56120603000003E-07 
406 125.624475659 33.7913689901 2.51369162862 0.000174419878795 -4.43897263061E-06 -6.53639289636E-09 0.000174476355531637 -2.301303285E-06 7.52378080000002E-07 
407 125.641916646 33.7909258554 2.51369078494 0.000174402736982 -4.42499034894E-06 -1.02678389211E-08 0.000174458864239767 -2.32314752500001E-06 7.45333320000013E-07 
408 125.659355735 33.7904839416 2.51368959234 0.000174380458287 -4.41271887548E-06 -1.35841115799E-08 0.000174436282076827 -2.31778487199999E-06 7.57426356000004E-07 
409 125.676792836 33.7900432298 2.51368805498 0.000174360684947 -4.40324280619E-06 -1.72557290648E-08 0.00017441627590382 -2.32002726299998E-06 7.57847729999987E-07 
410 125.694228158 33.7896036788 2.51368612168 0.000174337367814 -4.38655270354E-06 -2.19879765904E-08 0.000174392546126278 -2.33145970399999E-06 7.47079584000006E-07 
411 125.711661181 33.7891655414 2.51368371721 0.000174338808544 -4.3814171175E-06 -2.60410636412E-08 0.000174393857858114 -2.34233336900001E-06 7.40322251999983E-07 
412 125.729092113 33.7887287765 2.51368093774 0.000174302024717 -4.35983957564E-06 -2.95476160218E-08 0.000174356545316293 -2.325538513E-06 7.55381628999983E-07 
413 125.746520908 33.7882935115 2.51367786095 0.000174294602762 -4.35006954534E-06 -3.15052436012E-08 0.000174348881985498 -2.366045391E-06 7.42924655000002E-07 
414 125.763947689 33.7878597426 2.51367466054 0.000174263270793 -4.33179976884E-06 -3.23893745734E-08 0.000174317104971897 -2.336850624E-06 7.63956303999997E-07 
415 125.781372491 33.7874274696 2.51367136706 0.000174236573383 -4.31498180595E-06 -3.35789851624E-08 0.000174289998851866 -2.36356946400001E-06 7.50164014999978E-07 
416 125.798795581 33.7869966607 2.5136679443 0.00017422157342 -4.30325960059E-06 -3.46245722646E-08 0.000174274713848543 -2.35686149400001E-06 7.61716059999979E-07 
417 125.816217125 33.7865673579 2.51366443975 0.000174189254588 -4.28302694187E-06 -3.54743011059E-08 0.000174241906532653 -2.36205558300001E-06 7.62039118000008E-07 
418 125.833636997 33.7861403215 2.51366083054 0.000174201141797 -4.257275673E-06 -3.6551900458E-08 0.000174253159327387 -2.36942000499999E-06 7.57441975999981E-07 
419 125.851050352 33.7857178499 2.5136571106 0.000174098228248 -4.20083459738E-06 -3.78681820416E-08 0.000174148906182056 -2.355429567E-06 7.38030174999996E-07 
420 125.868456704 33.7852994998 2.5136532684 0.000174052688149 -4.17144270489E-06 -3.90408795362E-08 0.000174102672898274 -2.36129705000001E-06 7.31948212000011E-07 
421 125.885858676 33.7848844564 2.51364930649 0.000173995284741 -4.13780813874E-06 -4.02864937326E-08 0.000174044483369328 -2.342698036E-06 7.30003142999995E-07 
422 125.903258131 33.784471873 2.51364521077 0.000173995237078 -4.11345217124E-06 -4.16686370762E-08 0.000174043858699093 -2.33074461499999E-06 7.27030864000004E-07 
423 125.920654778 33.7840620618 2.51364098528 0.000173940864031 -4.08299718642E-06 -4.28706320476E-08 0.000173988783787249 -2.33203936599998E-06 7.15550588000006E-07 
424 125.938049033 33.7836551599 2.51363664899 0.000173952135015 -4.05856886066E-06 -4.39039558007E-08 0.00017399948041598 -2.29983151899999E-06 7.21587588999994E-07 
425 125.955441308 33.7832506808 2.51363220759 0.000173925257745 -4.03385553842E-06 -4.49184393494E-08 0.00017397203594209 -2.299356418E-06 7.30235948000018E-07 
426 125.972831331 33.7828489233 2.51362765968 0.000173894421552 -3.99804165657E-06 -4.59763189485E-08 0.000173940381446673 -2.28861580300001E-06 7.26674759999983E-07 
427 125.990218867 33.7824496704 2.51362301538 0.000173873534732 -3.98243852656E-06 -4.69229617596E-08 0.000173919142415613 -2.28473734999998E-06 7.19662464999975E-07 
