0 0.00815100400001256 11.0853032348 2.8756799451 0.000146542755284 -1.27553861825E-06 7.50731624894E-07 0.00014655022935146 -2.0264761963E-05 -3.8238136341E-05 
1 0.0227898500000094 11.0851539366 2.8760739023 0.000144638537124 -1.90812804662E-06 -8.08561319947E-07 0.00014465338276522 -1.478946061E-05 -3.680109626E-05 
2 0.0373818340000014 11.085027041 2.87607736262 0.000147425774347 -1.22784640376E-06 8.07336340678E-07 0.000147433097846348 -2.2084732602E-05 -3.536762371E-05 
3 0.0520419709999942 11.0848948338 2.87610338904 0.000147806290125 -1.44706589886E-06 7.38155164761E-07 0.000147815216649973 -2.2121754504E-05 -1.955013283E-05 
4 0.066729912999989 11.0847557621 2.87648574534 0.000148173923831 -1.72391662069E-06 7.31864162451E-07 0.000148185759157695 -2.301111567E-05 -3.6072005032E-05 
5 0.0813955200000009 11.0846300862 2.87686471511 0.000146669997978 -2.48039711657E-06 2.93252394173E-07 0.000146691263113006 -2.3002455245E-05 -2.8353456541E-05 
6 0.0960265379999896 11.0845000142 2.87685490199 0.000146868248305 -1.49031654212E-06 6.86945899884E-07 0.000146877415889047 -2.256314801E-05 -2.841624614E-05 
7 0.110735971999986 11.0843823636 2.87757835092 0.000146093348831 -1.62809986816E-06 -4.16588982986E-07 0.000146103014439188 -2.6793477347E-05 -3.0967624958E-05 
8 0.12541348100001 11.0842664322 2.87760767822 0.00014566147069 -4.0970345122E-07 3.06163010808E-06 0.000145694219100863 -6.41527099400001E-06 -3.7501908728E-05 
9 0.140095121000002 11.0841511794 2.87795606507 0.000147468698768 -1.18859811025E-06 6.15457165132E-07 0.000147474772992932 -1.7800111744E-05 -3.4613978718E-05 
10 0.154775578999988 11.0840308303 2.87796098259 0.000148000173368 -1.4735699776E-06 6.2006829157E-07 0.000148008807880218 -2.2436693899E-05 -3.4032222241E-05 
11 0.169515221000012 11.0839012123 2.87834175345 0.000147878205706 -1.33487849088E-06 4.96728995841E-07 0.00014788506470603 -2.2035990613E-05 -3.4595105943E-05 
12 0.184214913000005 11.083787694 2.87869800621 0.000144492547018 -3.6558080731E-07 -7.59548980887E-08 0.00014449302945894 -1.6600496298E-05 -3.5247915021E-05 
13 0.198939352999986 11.0836713959 2.87873035684 0.000149890061905 -1.43013306605E-06 7.36838951315E-07 0.00014989869535827 -2.4644785231E-05 -3.35647248E-05 
14 0.213633449000014 11.0835623254 2.87907690285 0.000150205782268 -1.70875145208E-06 -6.2048390734E-07 0.000150216782879098 -2.5723542683E-05 -2.710102309E-05 
15 0.228358245999999 11.0834592842 2.87944025448 0.000147776996512 -1.0349676012E-06 5.9802140369E-07 0.000147781830702027 -1.9633983541E-05 -3.2912133062E-05 
16 0.243105981000014 11.0833389273 2.87945503157 0.000147738754587 -1.2541250854E-06 5.4191231626E-07 0.000147745071341166 -2.0714189899E-05 -3.275989694E-05 
17 0.257844965000004 11.0832258389 2.87981616676 0.000148662114265 -1.18208017071E-06 6.96181866391E-07 0.000148668443862378 -3.2990705238E-05 -2.2622947195E-05 
18 0.272579664999995 11.0831109894 2.88014785361 0.000148493315264 -5.7535214506E-07 6.21855208156E-07 0.000148495731965887 -1.9128309249E-05 -3.1784676484E-05 
19 0.287307247999991 11.08299614 2.88015786157 0.000148308072526 -1.3484644461E-06 4.38903193111E-07 0.000148314852151605 -2.0288130558E-05 -3.2621895153E-05 
20 0.302057119000011 11.0828864418 2.88015525519 0.000148127693432 -1.16580578711E-06 3.99463498379E-07 0.000148132819576569 -2.0672204782E-05 -3.1768499486E-05 
21 0.316796038000007 11.0827688886 2.88085154808 0.000145751570237 -7.11471274539E-07 -3.82652448706E-08 0.000145753311736491 -2.0000817655E-05 -3.2289645904E-05 
22 0.33153650700001 11.0826516876 2.88082600565 0.000147746055713 -1.36359021653E-06 -3.80325778086E-07 0.000147752837552194 -2.246720189E-05 -3.2129180862E-05 
23 0.346286950999996 11.0825445255 2.88082464737 0.000147233000466 -1.7896468248E-06 2.74747831813E-06 0.000147269507703011 -2.141197604E-05 -2.5494077665E-05 
24 0.361058055000001 11.082436034 2.88153248204 0.00014822264304 -9.57271248557E-07 3.89416214041E-07 0.000148226245729271 -1.9535150853E-05 -3.187496717E-05 
25 0.375840420999992 11.082337428 2.88153553835 0.000148393322973 -1.21037490643E-06 3.61841050979E-07 0.00014839870026159 -1.9809926265E-05 -3.1976971365E-05 
26 0.390610116999994 11.0822395904 2.88151251763 0.000148847440152 -7.89600151029E-07 3.69982830406E-08 0.000148849539055634 -1.8440147539E-05 -3.181750243E-05 
27 0.405411562000012 11.0821497975 2.88183399237 0.000148835231672 -8.74332304406E-07 2.91326945089E-07 0.000148838084895048 -2.020271387E-05 -3.1726351477E-05 
28 0.420202541000009 11.082056118 2.8821752038 0.000148965992728 -1.18540129756E-06 2.66517572338E-07 0.000148970947494104 -1.0385654709E-05 -3.093817229E-05 
29 0.435008887999999 11.081968257 2.88215743802 0.000147537285681 3.81164401964E-08 -4.65683748363E-07 0.000147538025540311 -2.0861900151E-05 -8.50462252000001E-06 
30 0.449825852000004 11.0818837156 2.88282856753 0.000148310973782 -8.66390158829E-07 -8.75453986437E-08 0.000148313530199605 -1.8390266377E-05 -3.2257246653E-05 
31 0.464635890000011 11.0817982202 2.88279817506 0.000149053823378 -7.76657897806E-07 2.15303209491E-07 0.000149056002282908 -2.1197916455E-05 -2.6897676677E-05 
32 0.479449004999992 11.0817082867 2.88347698197 0.000146970468546 -1.15801019414E-06 -6.24918569174E-07 0.000146976359103968 -3.3005085862E-05 -2.5442945324E-05 
33 0.494272200000012 11.0816157123 2.88344724747 0.000149275501927 -8.10388017403E-07 2.18779740487E-07 0.000149277861951702 -2.0096271855E-05 -3.216820341E-05 
34 0.509106085000013 11.0815166014 2.8834255091 0.000147224199502 -3.30852693877E-07 -3.34373211009E-07 0.00014722495096944 -2.1267967375E-05 -3.2293490677E-05 
35 0.52392982500001 11.0814215082 2.88375528088 0.000149443191093 -1.23237659185E-06 3.53294595274E-07 0.000149448689968143 -2.0512588765E-05 -3.2160606063E-05 
36 0.538786684000002 11.0813295601 2.88373985679 0.000146572283898 -1.27116715851E-06 -1.18038648785E-06 0.000146582548706459 -1.903769031E-06 -3.1350900755E-05 
37 0.553587238000006 11.0812268358 2.88373112744 0.000149460042547 -1.21534070788E-06 3.69697676479E-07 0.000149465440980714 -4.03308595400001E-06 -3.0715430285E-05 
38 0.568446953000006 11.0811333639 2.88404413361 0.000149650005407 5.08468419276E-07 -3.7555120982E-05 0.000154291185005564 9.325342413E-06 -3.724955759E-05 
39 0.583341901000011 11.0810317818 2.88402514485 0.000149103730283 -6.79161241296E-07 1.84276375596E-07 0.00014910539092226 5.38242499999994E-07 -3.4561348027E-05 
40 0.598239766000006 11.0809337804 2.88468282056 0.000149448418721 -1.12311803693E-06 1.67317390549E-07 0.000149452732485697 3.42309870600001E-06 -2.7140938532E-05 
41 0.613119640999997 11.0808253455 2.88534901859 0.000150434536466 -2.69134646484E-07 2.7002991139E-06 0.000150459010399852 4.58870391100002E-06 -3.126276E-05 
42 0.628061581999987 11.0807179579 2.8853078899 0.000145163591897 -1.4903520913E-06 -1.06743346608E-06 0.000145175166526508 1.123369475E-06 -3.1888780558E-05 
43 0.642941723000007 11.0806050004 2.88562591957 0.000150327797468 -1.13190016484E-06 1.93300364203E-07 0.000150332183030095 2.93969244800001E-06 -3.3304668067E-05 
44 0.657889412000003 11.0804856966 2.88595081355 0.000150511809806 -1.43106002263E-06 -5.41634003905E-08 0.000150518622627035 1.29041257999999E-07 -3.4695464401E-05 
45 0.672782871999999 11.0803623688 2.88590124854 0.000149799421503 -1.49326735471E-06 1.30066577332E-07 0.0001498069205589 1.77630006E-06 -4.0907152398E-05 
46 0.687728700000008 11.0802315134 2.88621688035 0.000149817474671 -1.18094444353E-06 -6.35509146608E-08 0.000149822142506684 3.53691241200001E-06 -4.0791441147E-05 
47 0.702639728000008 11.080103339 2.8861778974 0.000154572904625 -1.41408790403E-06 3.7149952786E-06 0.000154624007446223 2.00522785999988E-07 -2.9721144601E-05 
48 0.717581214000006 11.0799639634 2.88613435759 0.000149599108519 -1.41273589427E-06 -3.49829478689E-07 0.000149606187950401 2.45152978699999E-06 -9.24643938199999E-06 
49 0.732506806999993 11.0798374334 2.88680071334 0.000147274614671 -2.02161441517E-06 -1.64521846191E-06 0.000147297677493987 5.229448521E-06 -3.4538975526E-05 
50 0.747457666000003 11.0796903427 2.8867612265 0.000152251823241 -1.78150002743E-06 1.68004706746E-07 0.000152262338245995 2.63530130300001E-06 -3.511786995E-05 
51 0.762378124999998 11.0795667538 2.88706741079 0.000149732307114 -1.23306890184E-06 3.88158298217E-08 0.000149737389316318 6.15839442300002E-06 -3.4683713122E-05 
52 0.777324521999986 11.0794276292 2.88704423918 0.000149927460606 -1.64304887079E-06 -7.40255423784E-08 0.000149936481661857 4.357069604E-06 -3.8052107771E-05 
53 0.792283907000012 11.0792764071 2.88732410279 0.000147329569785 -1.92402407789E-06 -1.75492600053E-06 0.000147352583170275 6.12419346799999E-06 -3.080977458E-05 
54 0.807239366999994 11.0791256036 2.88800275752 0.000150370055134 -1.23512743834E-06 1.97625750829E-07 0.000150375257528386 5.65142181099999E-06 -4.0384824337E-05 
55 0.822202927000006 11.0789881292 2.887955665 0.000147921499948 -2.0875783107E-06 -1.39079137545E-06 0.00014794276741605 2.48894116599999E-06 -4.3389661672E-05 
56 0.837194893000003 11.0788207468 2.8882688059 0.000150472299403 -1.25579560951E-06 1.61915565581E-07 0.000150477626665526 6.15035088300002E-06 -3.8927834564E-05 
57 0.852174563000005 11.078674734 2.88822305497 0.00015031527006 -1.51968274064E-06 1.74818121922E-07 0.000150323053488873 4.65517804800001E-06 -3.9817016325E-05 
58 0.867145450999999 11.0785229743 2.88855462907 0.000148615543348 -1.62660028495E-06 -1.01372550192E-06 0.00014862790179674 7.708184804E-06 -2.118840311E-05 
59 0.882125854999998 11.0783769021 2.88885038581 0.000150013261434 -1.42738679725E-06 1.74785717509E-07 0.000150020153943334 9.02894352799999E-06 -4.8019695037E-05 
60 0.897117769999994 11.0782242438 2.8888283005 0.000151493112067 -2.01493692614E-06 8.77732529027E-08 0.000151506536752395 5.23588269000022E-07 -3.659912865E-05 
61 0.912122385999993 11.0780749659 2.88913847507 0.000148979844408 -1.37443372778E-06 -1.07599210912E-06 0.000148990069692322 7.408706359E-06 -3.8571370651E-05 
62 0.927094713999992 11.0779048451 2.88944608921 0.000153875087414 -1.87877712078E-06 -6.0378193048E-07 0.000153887741171138 5.104623629E-06 -4.9459795431E-05 
63 0.942109275999997 11.0777453742 2.88941456963 0.000149496139774 -1.92822597948E-06 -2.21417221229E-07 0.000149508738501604 5.38142809400002E-06 -2.0112609075E-05 
64 0.957091343999991 11.0775945547 2.88974579499 0.000150267358499 -1.44498725732E-06 1.4841377892E-07 0.00015027437920381 7.54483856799999E-06 -4.689360698E-05 
65 0.972113014999991 11.0774212378 2.8897062138 0.00015090206484 -1.69886902707E-06 1.93116389086E-07 0.000150911751109337 5.33176070700002E-06 -4.706931944E-05 
66 0.987113443999988 11.0772489189 2.89004564119 0.000149285538386 -1.62683860641E-06 -6.51154963432E-07 0.000149295822372348 8.59193839099998E-06 -4.2981345979E-05 
67 1.002132768 11.0771152037 2.89068950804 0.000149131293726 -1.42035020856E-06 1.337050118E-06 0.000149144050723197 1.3371164718E-05 -3.667853765E-05 
68 1.017129619 11.0769765396 2.89065754258 0.000151159982108 -1.1894567761E-06 1.56043077027E-07 0.000151164742409581 7.25285617600002E-06 -3.7349681481E-05 
69 1.03219822200001 11.0768294351 2.89134546967 0.000150888087744 -1.30543671434E-06 3.23635300015E-07 0.000150894081818551 8.66576080700001E-06 -5.0177050349E-05 
70 1.04722903000001 11.0766687925 2.89132340101 0.000151026114828 -1.606387268E-06 2.61112964828E-07 0.000151034883454371 8.07534809800002E-06 -5.2104188243E-05 
71 1.06229603899999 11.0765199471 2.89164915575 0.000152386250336 -1.68898374236E-06 4.65795709196E-08 0.000152395617152215 9.53021845500002E-06 -5.0762952991E-05 
72 1.07733766300001 11.0763811109 2.89163177799 0.000148822130463 -1.53479356181E-06 -1.97171261173E-07 0.000148830174975809 9.273719815E-06 -5.121909614E-05 
73 1.092419033 11.0762205914 2.89161810888 0.000150583045859 -2.40719120794E-06 -1.59193098278E-06 0.000150610698537452 6.259263625E-06 -2.1238033373E-05 
74 1.10746752099999 11.0760652309 2.89194254526 0.000151372309496 -1.34928388567E-06 2.46183449703E-07 0.000151378523098384 9.76505473700001E-06 -3.6574566357E-05 
75 1.12252456300001 11.0759349389 2.89227947369 0.000157032332603 -3.25229458292E-06 1.52492693945E-05 0.000157804534535163 -1.4194378024E-05 -3.978210671E-05 
76 1.137590042 11.0757752211 2.89261553101 0.000150952836345 -1.99240314817E-06 2.44245065601E-07 0.000150966182062597 1.0707242339E-05 -4.1370203465E-05 
77 1.15268142299999 11.0756221314 2.8929673791 0.00015144545979 -1.4128409504E-06 2.82116631165E-07 0.000151452312627933 1.0653807464E-05 -4.6601812309E-05 
78 1.16776611 11.0754797236 2.89293044086 0.000151395156786 -1.5336822629E-06 2.68517570422E-07 0.000151403163048949 9.85947728499999E-06 -1.6778941031E-05 
79 1.182849113 11.0753307837 2.89328129907 0.000151107548463 -1.60824105879E-06 1.61991944428E-07 0.000151116193318887 9.36116217600001E-06 -3.5857912542E-05 
80 1.19795386300001 11.0751818192 2.893266672 0.000150901681632 -1.48033184614E-06 2.15992243235E-07 0.000150909096990173 9.785090259E-06 -3.4880603604E-05 
81 1.21305029600001 11.0750364512 2.8936072754 0.000152174000964 -1.50127151023E-06 2.95470788173E-07 0.000152181693013731 1.1816997756E-05 -3.6782427901E-05 
82 1.22818319500001 11.0749151087 2.89393071182 0.000151640747118 -1.31965371361E-06 2.16987812943E-07 0.000151646644394593 9.324528539E-06 -4.8364686526E-05 
83 1.24329614600001 11.0747751521 2.89429432267 0.000151897120265 -1.47427380671E-06 2.11512075655E-07 0.00015190442180995 1.1980392559E-05 -4.4697187858E-05 
84 1.25844071 11.0746348329 2.89430019491 0.000153408382183 -1.36160018137E-06 3.37240281419E-07 0.000153414795277596 9.487483137E-06 -4.1219683816E-05 
85 1.27359085699999 11.0744918543 2.89431558347 0.00015319533898 -1.87613730689E-06 4.28984549882E-07 0.000153207427379143 7.98247432900001E-06 -4.1153270692E-05 
86 1.288757565 11.07436427 2.89503742489 0.000151723343039 -1.37194999689E-06 2.70618295978E-07 0.000151729787134848 1.1659992294E-05 -4.398999248E-05 
87 1.30391423200001 11.0742223609 2.89505815237 0.000151520161647 -1.32197397835E-06 2.96410844255E-07 0.000151526218391805 9.854717435E-06 -3.423308964E-05 
88 1.31907443899999 11.0740948087 2.89576957086 0.000151349511574 -5.49156858753E-07 8.65153410976E-08 0.000151350532578674 1.3076767437E-05 -4.6363854216E-05 
