0 0.00900941300000113 11.0852257618 2.58930047688 0.000133849834052 -8.3401395233E-06 1.30740522413E-06 0.000134115790686392 -3.7243949854E-05 -9.125139564E-06 
1 0.0223766670000032 11.0844315722 2.59008974159 0.000132947041288 -7.951155353E-06 9.909489792E-07 0.000133188282662403 -2.7555187565E-05 -1.1562785936E-05 
2 0.0357550839999874 11.0836228671 2.58986394376 0.000134442904219 -7.85302217922E-06 1.34664502494E-06 0.000134678795305756 -3.7477592116E-05 -1.7022747802E-05 
3 0.0491736529999969 11.0828093331 2.59069307481 0.000133521245734 -7.80464213291E-06 1.28859660369E-06 0.000133755358705321 -3.83787477E-05 -9.058620698E-06 
4 0.0625572659999989 11.0819943455 2.59044627486 0.000134105739213 -8.1877967597E-06 1.33681662035E-06 0.000134362109183801 -3.7948557432E-05 -9.161639443E-06 
5 0.0759540619999939 11.0811891223 2.59162414498 0.000132731394222 -8.2767559617E-06 1.39707215988E-06 0.000132996539473722 -3.0733334629E-05 -3.0207674239E-05 
6 0.0893333660000053 11.0803916515 2.59066942156 0.000133455234969 -7.93804864375E-06 1.32986335204E-06 0.000133697722095168 -3.5648538654E-05 -1.5463705009E-05 
7 0.102733827000009 11.079598165 2.59114145223 0.000133974921243 -7.70838062031E-06 1.32417098495E-06 0.000134203025609161 -3.6872399541E-05 -2.8249493522E-05 
8 0.116125788999994 11.0787929452 2.5912696707 0.000133631329734 -7.71339425971E-06 1.27637072365E-06 0.000133859844089656 -3.8121844084E-05 -4.42480370799998E-06 
9 0.129478833999997 11.0780043646 2.59244688525 0.00013359511384 -7.91827316472E-06 1.20427025564E-06 0.000133834987050032 -3.4025158729E-05 -1.755090311E-05 
10 0.142862022999992 11.0772145139 2.59181831442 0.000133121469217 -7.78255955846E-06 1.39588152977E-06 0.00013335607329634 -2.6904670535E-05 -4.44668807115E-05 
11 0.156228631999994 11.0764223157 2.59193880129 0.000133346429089 -7.75015134595E-06 1.31863525291E-06 0.000133577968975438 -2.9285516382E-05 -1.1509952502E-05 
12 0.16960813899999 11.0756232218 2.59275442573 0.000133296560025 -7.86885456071E-06 1.22483037776E-06 0.000133534235295861 -3.3607574876E-05 -2.2059426634E-05 
13 0.182984204000007 11.0748335587 2.59356673888 0.000133137446485 -7.80311391236E-06 1.35343327991E-06 0.000133372785923211 -2.7282550807E-05 -1.9342926901E-05 
14 0.196352880999996 11.0740344556 2.59332006545 0.00013310282622 -7.00335346934E-06 -3.04092672096E-07 0.00013328729039155 -3.0214919615E-05 -1.0992621692E-05 
15 0.209735088999992 11.0732304376 2.59379914983 0.000133569792197 -7.93767536171E-06 1.23845156694E-06 0.000133811172328701 -3.2210544937E-05 -8.03125100600001E-06 
16 0.223098013999987 11.0724268595 2.59461640565 0.000133334448369 -7.67593682733E-06 1.15431446962E-06 0.000133560202043638 -3.488893614E-05 -2.2120977118E-05 
17 0.236466540999999 11.0716464478 2.59505121545 0.000134214353889 -7.80481522907E-06 1.21276836637E-06 0.000134446564618484 -3.0354713125E-05 -2.278268821E-05 
18 0.249882554999999 11.0708459761 2.59480999735 0.000134188541344 -7.54326298034E-06 1.27867130545E-06 0.000134406474712822 -3.3389815602E-05 -1.9573781706E-05 
19 0.263226919999994 11.0700689548 2.59489480053 0.00013314087777 -8.15729127235E-06 1.27229452106E-06 0.000133396602159187 -2.5650187454E-05 -2.4372643422E-05 
20 0.276603270999999 11.0692895215 2.59536581653 0.000135247970591 -7.15116397397E-06 1.19723289096E-06 0.000135442187156594 -3.6389314977E-05 -1.3534558365E-05 
21 0.289983578999994 11.0684938998 2.59547447732 0.000132910316254 -7.52132572328E-06 1.643428197E-06 0.000133133103935921 -2.0300839954E-05 -1.0297993321E-05 
22 0.30330838399999 11.0677215864 2.59554757153 0.000133180912317 -7.32662341349E-06 1.71376096407E-06 0.000133393297406105 -1.7702993211E-05 -2.0481525225E-05 
23 0.316655034000007 11.0669475621 2.59635675577 0.000133464909901 -7.76427182666E-06 1.27958316191E-06 0.000133696684420178 -2.3609487901E-05 -2.6969491176E-05 
24 0.330036938999996 11.0661544558 2.59682347178 0.000133362101439 -7.96928565082E-06 1.17877453014E-06 0.000133605198713985 -3.2888654782E-05 -2.0023177559E-05 
25 0.343414915000011 11.065371747 2.59763386187 0.000133079822994 -7.12647619446E-06 1.60390965974E-06 0.000133280150349785 -1.7046993589E-05 -2.0662118877E-05 
26 0.356756579000006 11.0645983022 2.59737880315 0.000132806450005 -9.50609118132E-06 1.46547879882E-06 0.000133154296065084 -3.2082415685E-05 1.52025250300001E-06 
27 0.370120509999992 11.0638272564 2.59784588439 0.000133865550633 -7.90958675901E-06 1.31116490701E-06 0.000134105430025737 -2.8844561536E-05 -2.8600551937E-05 
28 0.383476451000007 11.0630432431 2.59723288039 0.000134075690325 -7.23524480646E-06 1.66413040504E-06 0.000134281081443142 -2.493255071E-05 -1.2819634438E-05 
29 0.396841940000002 11.0622642004 2.59806768892 0.000133259998863 -7.76517285758E-06 1.21035165026E-06 0.000133491535902439 -3.0625572099E-05 -1.050747395E-05 
30 0.410183638000007 11.0614862021 2.59922597965 0.000133811084881 -7.95105556308E-06 1.23781104972E-06 0.000134052817567525 -3.2374961701E-05 -2.7087989755E-05 
31 0.423512536000004 11.0607131761 2.59932946696 0.00013305935287 -5.64972325735E-06 1.46602625806E-06 0.000133187311678167 -2.1519701635E-05 -3.000048763E-05 
32 0.436858441999988 11.0599487678 2.59942620623 0.000135737882524 -7.86823917976E-06 2.76074904983E-06 0.000135993763368786 -2.9587373752E-05 6.30842313000001E-07 
33 0.450227328000011 11.0591890956 2.60026368331 0.000133272560745 -7.66889183246E-06 1.2983120823E-06 0.000133499336941165 -2.9281830679E-05 -4.97370134800002E-06 
34 0.463569567000008 11.0584166988 2.59999149326 0.00013178787189 -8.95990709426E-06 -2.8221105172E-07 0.000132092402338327 -1.8613500838E-05 -2.797994102E-05 
35 0.476898019000004 11.0576520854 2.60046030733 0.000132796292078 -8.62108462496E-06 1.25549762138E-06 0.000133081758945595 -2.4509077082E-05 -1.4566900309E-05 
36 0.490240433999986 11.0568813599 2.60092166687 0.000133206009328 -7.92807781428E-06 1.30799000776E-06 0.000133448140402109 -2.3364822878E-05 -3.14666959899999E-06 
37 0.503586654999992 11.0561032956 2.60104032739 0.000132913639545 -7.46005069799E-06 1.3280199597E-06 0.000133129454180989 -2.7108207447E-05 -1.235721109E-05 
38 0.516908768000008 11.0553351441 2.60150245721 0.000133260127216 -7.56967915163E-06 1.28112356917E-06 0.000133481095386885 -3.2017458532E-05 -4.273579313E-06 
39 0.530239682000001 11.0545671636 2.60231587946 0.000133170872876 -7.65087717054E-06 1.27684761383E-06 0.000133396580330469 -2.4354641876E-05 -3.9914216263E-05 
40 0.54356047600001 11.0537951197 2.60169741781 0.000132750111909 -7.56901067472E-06 1.29673143306E-06 0.000132972040846396 -2.6010514221E-05 -2.1966367649E-05 
41 0.556917193999993 11.05301343 2.6028733857 0.000133483445145 -8.68399503347E-06 1.37525914334E-06 0.000133772692412282 -3.0567634678E-05 -1.4928506056E-05 
42 0.570236045000001 11.0522499737 2.60369577693 0.000133207351517 -7.16816168532E-06 1.19010087221E-06 0.000133405387373249 -3.085962293E-05 -1.2236272361E-05 
43 0.583563719000011 11.0514846147 2.60378900823 0.00013272275105 -7.75553966071E-06 1.21518366842E-06 0.000132954705494229 -2.7517144116E-05 -1.192438345E-05 
44 0.596895023999991 11.050701772 2.60354026722 0.000132800409148 -7.31151240032E-06 1.37780152295E-06 0.000133008665960128 -2.1214752655E-05 -2.4808765636E-05 
45 0.610206599000009 11.0499416029 2.60364477289 0.000134911527156 -7.85126346463E-06 1.11274416856E-06 0.00013514436983145 -2.9422451198E-05 -1.5132700681E-05 
46 0.62351583200001 11.0491818067 2.6044433074 0.000132996220085 -7.67415948473E-06 1.23457056469E-06 0.000133223164071321 -2.2582592522E-05 -2.3521410546E-05 
47 0.636823889999988 11.0484038935 2.60490119523 0.000133084871992 -7.74915620561E-06 1.17762373086E-06 0.000133315488120013 -3.1041044886E-05 -1.509529765E-06 
48 0.650163238999994 11.0476162911 2.60536436088 0.000133316603579 -7.8585502768E-06 1.15648656895E-06 0.000133553027159542 -3.1007284743E-05 -3.97512646500001E-06 
49 0.66345612500001 11.046857634 2.60543170865 0.000133113781426 -7.61251905152E-06 1.3008664225E-06 0.000133337622242516 -2.2798721697E-05 5.41969736399998E-06 
50 0.676781167000001 11.0460958495 2.60518059489 0.000133325563628 -7.63291824342E-06 1.31028331355E-06 0.000133550305877584 -2.796799118E-05 -2.470760531E-06 
51 0.690114526999992 11.0453144554 2.60565621093 0.000132505308752 -9.15872002633E-06 1.07794779575E-06 0.000132825829458859 -3.1653118429E-05 -2.0781278337E-05 
52 0.703436100000005 11.044544715 2.60609793597 0.000132601431318 -3.41165681405E-06 0.000363783522153 0.000387212125300644 -7.2423691907E-05 -2.45435875799999E-06 
53 0.71674063399999 11.0437708501 2.60657504253 0.0001326240641 -7.76494068419E-06 1.19423844332E-06 0.000132856550036833 -2.8939066399E-05 -2.8583843994E-05 
54 0.730020416000002 11.0430002109 2.60738999943 0.000131291919539 -8.89750866031E-06 1.05744715498E-06 0.000131597309969015 -1.898382073E-05 -1.0107614206E-05 
55 0.743329461000002 11.0422238203 2.60784145201 0.000132591602049 -7.41384620365E-06 1.22093391341E-06 0.000132804324963733 -2.7993934582E-05 -1.4439601245E-05 
56 0.756620816000009 11.0414627421 2.60864409441 0.000132604244807 -7.61800288066E-06 1.14933635501E-06 0.000132827861093904 -2.7354973287E-05 -2.134187031E-05 
57 0.769907875000001 11.040688514 2.60910903156 0.000132548898279 -7.63251234043E-06 1.12678734096E-06 0.000132773247792299 -3.1524602998E-05 -1.2983979981E-05 
58 0.783208666000007 11.0399236175 2.60808544147 0.000131846179593 -6.88622241604E-06 1.61410216797E-06 0.000132035754469164 -2.51032476600001E-06 -1.4595683978E-05 
59 0.79642175699999 11.0391718529 2.6096060746 0.000133013655566 -7.6003991823E-06 1.19643685031E-06 0.000133235993995232 -2.580754018E-05 -1.3367248625E-05 
60 0.809744999999992 11.0384010706 2.6100761816 0.000132330319164 -7.82666942029E-06 1.10688801458E-06 0.000132566192241225 -2.8855906423E-05 -2.645357133E-06 
61 0.823011366999992 11.0376336183 2.60979408779 0.000133248020021 -7.44960379429E-06 1.02327975131E-06 0.000133460025991524 -2.4027583267E-05 -2.3354714848E-05 
62 0.836292302999993 11.0368701056 2.61094759731 0.000132314146444 -7.41063544486E-06 9.46044499186E-07 0.000132524887727156 -2.1554911165E-05 -1.8227862291E-05 
63 0.849585866000012 11.0360952702 2.61104393821 0.000132941277497 -7.94159512954E-06 1.1192616163E-06 0.000133182975422167 -2.998446806E-05 -2.0350533443E-05 
64 0.862870824999987 11.0353170108 2.61185211727 0.000131646551871 -7.66831613949E-06 1.12761295919E-06 0.000131874520673725 -2.9416032098E-05 -1.5547715935E-05 
65 0.876158911999994 11.0345417443 2.61196173986 0.000132734119215 -7.81188222294E-06 1.08861968645E-06 0.000132968255611889 -3.0987033096E-05 -1.3934496798E-05 
66 0.889431527999989 11.0337723302 2.61274604348 0.000132540547851 -7.29598867596E-06 -4.83732469493E-07 0.000132742089302922 -2.2569982941E-05 5.19990907099998E-06 
67 0.902711898000007 11.0329965991 2.61250023437 0.000133070487071 -7.07823596528E-06 1.16256437918E-06 0.000133263676632566 -3.0464067986E-05 -1.6941491513E-05 
68 0.915993528999991 11.032234077 2.61295574348 0.000131732374179 -8.72349084626E-06 1.1049000249E-06 0.000132025522166912 -2.680161757E-05 -2.1659181929E-05 
69 0.929235105000004 11.0314551647 2.61304905529 0.000132571477614 -7.83407431655E-06 1.09578638588E-06 0.000132807266913223 -2.8255631648E-05 -1.1448589202E-05 
70 0.942503584000008 11.0307025067 2.61348420357 0.00013205053391 -6.1083424678E-06 1.41415721979E-06 0.000132199301035453 -1.728482753E-05 -2.1005058057E-05 
71 0.955740977000005 11.029942713 2.61318864184 0.000132329050263 -7.31880162296E-06 1.18193652044E-06 0.000132536558634371 -2.3324154697E-05 -3.1586765284E-05 
72 0.969045064999989 11.0291793306 2.61362580721 0.000132948946486 -7.25661528187E-06 1.60324835192E-06 0.000133156491551724 -1.378089488E-05 -3.99672643143E-05 
73 0.982310465000012 11.028416878 2.61444968612 0.00013253672729 -7.34030847962E-06 1.13035878206E-06 0.000132744649309477 -2.8612463507E-05 -2.1435936384E-05 
74 0.995590630999999 11.0276491795 2.61491249869 0.000131913228432 -9.84184290399E-06 1.54555315792E-06 0.000132288890091586 -2.6698142384E-05 -2.1940769348E-05 
75 1.008881094 11.0268838354 2.61464558295 0.000133168557485 -9.20750893111E-06 2.78111675144E-06 0.000133515458032909 -2.5576748475E-05 4.22776223E-06 
76 1.02214243200001 11.0261211017 2.61509874283 0.000132531580791 -7.76787279975E-06 1.08370098134E-06 0.000132763451908315 -2.5913620505E-05 -2.5779960422E-05 
77 1.035405336 11.0253560857 2.61591248442 0.000131834346922 -7.38440739504E-06 1.19120342161E-06 0.000132046368622987 -1.6534884371E-05 -3.5584785505E-05 
78 1.04865607299999 11.0245959881 2.61738996892 0.000132822015949 -7.57223174098E-06 1.15008244312E-06 0.00013304265971455 -2.4862344521E-05 -1.3282210101E-05 
79 1.06191951400001 11.0238313478 2.61712443583 0.000133874845019 -7.35498335206E-06 1.21003412476E-06 0.00013408219155262 -3.0063850113E-05 -5.86139598900002E-06 
80 1.07518180899999 11.0230692827 2.61756918149 0.000130637213743 -6.73871891242E-06 1.91105254291E-05 0.000132199486115836 -2.9479099049E-05 6.26375933700001E-06 
81 1.08845452200001 11.0223023152 2.61695994698 0.000132508599308 -7.99122958979E-06 1.16861335595E-06 0.000132754488805842 -2.9657082037E-05 -1.4955609511E-05 
82 1.101708075 11.0215453994 2.61811261677 0.00013276875727 -7.44275937096E-06 1.13534874391E-06 0.000132982053642003 -2.7462596217E-05 -8.53249436700001E-06 
83 1.11498357100001 11.0207833453 2.61822489222 0.000132704673982 -7.66737139161E-06 1.09957205549E-06 0.000132930538776577 -2.9553215981E-05 -4.30558459600001E-06 
84 1.12824989699999 11.0200270309 2.61867271146 0.000133432226044 -7.36005878773E-06 1.12696323666E-06 0.000133639812400919 -2.9659633497E-05 -1.1177920047E-05 
85 1.141509888 11.0192668748 2.61983000401 0.000131763842408 -6.99638187343E-06 1.95258973587E-06 0.000131963904656219 -1.8952777922E-05 2.1755546864E-05 
86 1.15475287500001 11.0185104415 2.62028153657 0.00013260624017 -7.88625814153E-06 1.06867169E-06 0.000132844834520126 -2.6335634283E-05 -2.5893188347E-05 
87 1.16802374599999 11.0177540334 2.62072020496 0.000132516880162 -7.75618738862E-06 1.15134798799E-06 0.000132748663167908 -2.5887610966E-05 6.99211767600001E-06 
88 1.18128802499999 11.0169999654 2.62079318878 0.000131348112486 -7.5838833708E-06 1.2028793098E-06 0.000131572371185028 -7.979830933E-06 -4.0496410552E-05 
89 1.19453711400001 11.0162251929 2.62090198484 0.00013285477251 -7.23192675722E-06 1.11504106896E-06 0.000133056133492189 -2.8646644798E-05 -4.89456763800001E-06 
90 1.207805487 11.0154695273 2.62063834345 0.000132703251946 -7.40272570956E-06 1.07665977463E-06 0.000132913929372526 -2.71618983E-05 -2.711096268E-05 
91 1.221031401 11.014705008 2.62108971686 0.000132391583097 -7.93123396655E-06 1.15023268089E-06 0.000132633927719804 -2.5597767793E-05 -9.45135036700001E-06 
92 1.234278899 11.0139419592 2.62188577823 0.00013191888046 -7.29261841237E-06 1.0321164331E-06 0.000132124329967874 -2.7496746818E-05 -1.660809786E-05 
93 1.24748833699999 11.0131883961 2.62228485705 0.000132632829892 -7.59105279878E-06 1.07779287815E-06 0.000132854255804029 -2.5645399973E-05 -7.38044539300002E-06 
94 1.26075461799999 11.0124104021 2.62274665901 0.000133495354557 -7.80071638983E-06 1.04541438042E-06 0.000133727161622912 -3.0523714581E-05 -1.2345097395E-05 
95 1.273978855 11.0116427135 2.62351123868 0.000132397278998 -7.2066846874E-06 1.62291900205E-06 0.000132603203793668 -2.2660476383E-05 -2.9013190304E-05 
96 1.28723157799999 11.0108779697 2.62397562073 0.000132779349412 -7.7790192264E-06 1.09433860828E-06 0.000133011527122232 -3.0575446688E-05 -2.70060475E-05 
97 1.30052864000001 11.0101301985 2.62408165977 0.000132622079855 -7.91740145132E-06 1.08408791957E-06 0.000132862622875754 -2.4342019584E-05 -5.05021570599999E-06 
98 1.31376675199999 11.0093678122 2.62480126149 0.000141829971272 -2.09467702459E-05 0.000695737704607 0.000710355869650254 -2.1449588766E-05 -8.378243894E-06 
99 1.32700205800001 11.0086061825 2.6249731259 0.00013175253369 -7.37409730482E-06 1.09689260024E-06 0.000131963292692218 -1.6626617886E-05 -1.5534073911E-05 
100 1.340249812 11.0078462188 2.62576800432 0.000133293273651 -8.00213599197E-06 1.06391454556E-06 0.000133537496214339 -2.8520189008E-05 -1.7442038031E-05 
101 1.35349996900001 11.0070788181 2.6251313245 0.000132612471313 -7.3978080707E-06 2.12890185298E-06 0.000132835715585424 -1.9349520691E-05 -6.75974963E-06 
102 1.36674109800001 11.0063264862 2.62663428918 0.000132496712887 -7.56283071892E-06 1.12141999274E-06 0.000132717116142355 -2.7486023113E-05 -1.5116328866E-05 
103 1.380007853 11.0055527976 2.62674374097 0.000132763148723 -8.18822808516E-06 1.18756691025E-06 0.000133020716631607 -2.8133044003E-05 1.158221359E-06 
104 1.39324599599999 11.0048069686 2.62718062393 0.000133066880539 -7.56232805774E-06 1.13018824252E-06 0.000133286386504762 -2.4655393703E-05 -2.6120958607E-05 
105 1.40650622999999 11.0040385096 2.62692610169 0.000132672952265 -7.68704257225E-06 1.08260325975E-06 0.000132899868006092 -2.8406408575E-05 -2.0421361838E-05 
106 1.41973164800001 11.0032679353 2.62808961657 0.000132488166922 -5.98195619689E-06 1.2125871793E-06 0.00013262868672335 -1.955935725E-05 -1.3246960031E-05 
107 1.43296847900001 11.0025073846 2.62781415703 0.000132480614326 -7.6042289668E-06 1.1205441835E-06 0.000132703402705586 -2.6716756214E-05 -9.683803058E-06 
108 1.44617777299999 11.0017437599 2.62895252632 0.000132271121622 -7.51489180045E-06 1.04530081114E-06 0.000132488549949421 -2.3742539065E-05 -1.6302290371E-05 
109 1.459424141 11.0009780916 2.62868785807 0.000132200231126 -7.8957988287E-06 1.32194085091E-06 0.000132442411170004 -2.1727922075E-05 -1.7682800446E-05 
110 1.47267398899999 11.0002132995 2.62944906972 0.000132299874988 -7.47281355598E-06 1.32993150377E-06 0.000132517427465551 -1.9166247811E-05 -2.544936226E-05 
111 1.485949955 10.9994450201 2.6295496121 0.000132620866525 -7.44368985815E-06 1.18411725958E-06 0.000132834878289667 -2.6975152136E-05 -8.83901528900001E-06 
112 1.499254157 10.998628333 2.63070907913 0.000131963492602 -8.41420278717E-06 9.87841761699E-07 0.000132235161812613 -1.49667569E-05 1.019719934E-06 
113 1.51256634000001 10.9977832434 2.63115874332 0.000133117224304 -8.39515261763E-06 9.9860713684E-07 0.000133385423529292 -2.7414469937E-05 -6.34932259400001E-06 
114 1.52589177799999 10.9969429573 2.63159557434 0.000133624401016 -8.71668262141E-06 9.69427702263E-07 0.000133911914678557 -3.0091230282E-05 1.2356119188E-05 
115 1.53920952600001 10.9960998525 2.63167895684 0.000133377673598 -8.45944470778E-06 1.03546685155E-06 0.000133649684663972 -2.9565957633E-05 -2.6898504516E-05 
116 1.55251569800001 10.9952603355 2.6306673131 0.000134160453377 -8.64283489097E-06 -4.13838801187E-06 0.000134502238273612 -1.9880157468E-05 -3.4179949703E-05 
117 1.56579992100001 10.9944352016 2.63180623397 0.000133631258468 -7.99289104704E-06 9.59802658694E-07 0.000133873525269842 -2.6356583079E-05 -2.336737921E-05 
118 1.57914321800001 10.9936036303 2.63223877161 0.000132669889176 -1.01377231243E-05 9.92410671028E-07 0.000133060353986667 -2.1954987697E-05 -7.84642324899999E-06 
119 1.59244844899999 10.9927747937 2.63265637704 0.00013238953779 -8.06982814667E-06 1.13554435517E-06 0.000132640119509706 -1.8161481885E-05 -4.26875378800002E-06 
120 1.60573967799999 10.9919569902 2.63380119174 0.000135200665947 -8.42636961694E-06 8.57360108903E-07 0.000135465710952218 -3.3407655858E-05 1.220643105E-06 
121 1.61906649100001 10.9911430831 2.6335156709 0.000133017910681 -8.22699307665E-06 8.9026874817E-07 0.000133275056013741 -3.0538494911E-05 -1.9586217006E-05 
122 1.63236816200001 10.9903415935 2.63358817635 0.000134267891933 -7.71838393305E-06 1.39976122594E-06 0.000134496838573103 -2.9498923842E-05 -2.2507564781E-05 
123 1.645673483 10.9895315988 2.63364448544 0.000132712442953 -7.9530313992E-06 1.03854205787E-06 0.000132954585451559 -2.7666852407E-05 -1.3784652405E-05 
124 1.658973371 10.9887307938 2.6347805199 0.00013140591747 -8.12334508028E-06 1.52979521493E-06 0.000131665652904717 2.53956340900001E-06 -5.99873729499999E-06 
125 1.67224436699999 10.9879360867 2.63481744657 0.000133496955468 -7.37699990302E-06 1.49440912179E-06 0.00013370897690663 -2.9748118896E-05 -4.09729877E-07 
126 1.68554314799999 10.9871573464 2.63489801725 0.000132392473556 -7.68887212859E-06 1.07378039224E-06 0.000132619903533432 -3.3378764074E-05 -1.0713782113E-05 
127 1.698847978 10.9863954866 2.63569188855 0.000133090931437 -7.74205020773E-06 9.48177831096E-07 0.000133319294977834 -4.3266444064E-05 -2.054446126E-06 
128 1.71215111500001 10.9856306812 2.63611681058 0.000132652049187 -7.77539256714E-06 9.10839971346E-07 0.000132882852590305 -4.3113438915E-05 -5.27990631999991E-07 
129 1.72545416099999 10.9848666178 2.63690885179 0.000131803591416 -7.66398844919E-06 9.24830163097E-07 0.000132029461636166 -3.2477414625E-05 -4.30112893699999E-06 
130 1.73871560800001 10.9841073213 2.63697881217 0.000133004034612 -7.34954462992E-06 8.85328361619E-07 0.000133209882650069 -4.9120830402E-05 -1.0152737976E-05 
131 1.752017873 10.9833412718 2.6370913187 0.000140115954318 -1.20580063153E-05 -0.00033583987859 0.000364096553433412 -5.162534309E-05 -7.012212074E-06 
132 1.76527656499999 10.9825875354 2.6374839459 0.000132055734364 -6.90023655093E-06 9.81679026562E-07 0.000132239532427279 -4.1211227262E-05 -1.6573474307E-05 
133 1.77854663799999 10.9818495903 2.63791266382 0.000132617816989 -7.45358053183E-06 9.27733316171E-07 0.000132830350201971 -4.4991513187E-05 -4.915026221E-06 
134 1.79178325699999 10.981111502 2.63726277253 0.000130896206759 -1.42598245485E-05 -1.57602201874E-06 0.000131680079683498 -7.6358727373E-05 -8.07178297499999E-06 
135 1.80501766200001 10.9803828759 2.63911462737 0.000132209887905 -7.42919890945E-06 8.79463106661E-07 0.00013242137633949 -5.027211991E-05 -1.0604245968E-05 
136 1.81827175800001 10.979648666 2.63917744839 0.000132173600695 -7.30874767265E-06 9.18832527591E-07 0.000132378709641836 -5.5887770243E-05 -1.6120523474E-05 
137 1.83152565899999 10.9789100828 2.63890111062 0.000133697842391 -7.22523736152E-06 1.87138744639E-06 0.000133906008849168 -4.2181578495E-05 5.02923834197E-05 
138 1.84477146500001 10.978203121 2.64003885395 0.000132269270433 -6.85683884127E-06 9.66582655391E-07 0.000132450407405198 -5.2395977805E-05 -7.97589148200001E-06 
139 1.858000551 10.977499721 2.6401015535 0.000131279556791 -6.42946544831E-06 1.22714995155E-06 0.000131442633700775 -2.4704244072E-05 -1.6790233606E-05 
140 1.87123848100001 10.9768025263 2.64126146422 0.000131564734124 -7.05972301975E-06 9.40244568411E-07 0.000131757364174011 -4.4682682861E-05 -1.3910917987E-05 
141 1.88445065100001 10.9760799367 2.64095441958 0.000133317642668 -9.17856961988E-06 8.8695872525E-07 0.000133636172807365 -5.2165593292E-05 -1.5956845908E-05 
142 1.897697935 10.9753579121 2.64140317337 0.000132357114143 -6.44429279711E-06 9.12647667865E-07 0.000132517046072132 -5.4258910079E-05 -9.44752592499999E-06 
143 1.910915953 10.9746443966 2.6407664568 0.000131856200695 -9.45563805686E-06 1.02279286797E-06 0.000132198762694789 -4.379949321E-05 -2.486590087E-06 
144 1.924115989 10.9739423814 2.64261826292 0.00013244096064 -7.01418660315E-06 9.36986968741E-07 0.000132629879037604 -5.0234855382E-05 -4.25355880499998E-06 
145 1.93736998399999 10.9732183985 2.64198154444 0.000131677224905 -6.55558510771E-06 9.43926352131E-07 0.000131843688706531 -4.565221992E-05 -1.2223181103E-05 
146 1.950561454 10.9725149094 2.64242277543 0.000130718847633 -6.73985213634E-06 9.30455811555E-07 0.000130895792450852 -4.1519829012E-05 -1.8779323306E-05 
147 1.963748004 10.9717933983 2.64357323523 0.000131984938802 -7.33074570611E-06 9.14300489242E-07 0.000132191527143611 -4.822526021E-05 -3.89382202800002E-06 
148 1.9769488 10.9710589424 2.64363290213 0.000131169986147 -8.33214126575E-06 1.03946616293E-06 0.000131438465959476 -2.8800922605E-05 -2.2729270964E-05 
149 1.99012932799999 10.9703481898 2.64404983678 0.000131725904357 -7.16277933334E-06 9.02173842756E-07 0.000131923588505203 -4.6009861227E-05 -5.14530116399999E-06 
150 2.003336383 10.9696253997 2.64377240855 0.000131667379806 -6.4553286577E-06 9.03855926147E-07 0.0001318286278795 -4.5150836373E-05 -1.4024033764E-05 
151 2.01652561 10.9689092271 2.64313426107 0.00013179030036 -8.921487155E-06 9.0242620694E-07 0.000132095005867348 -4.2219356264E-05 -2.86467902E-06 
152 2.029682028 10.968198625 2.64531146462 0.000133707920463 -6.85996797584E-06 8.93003435347E-07 0.000133886760399619 -4.8542172008E-05 -1.4751131051E-05 
153 2.04290878200001 10.967465887 2.64575546547 0.000131762222509 -6.7420355204E-06 8.84668411735E-07 0.000131937564634445 -4.4071299002E-05 -1.433410143E-05 
154 2.05613404900001 10.9667165409 2.64581460558 0.000130880122508 -7.13898198826E-06 9.57044002345E-07 0.000131078173105823 -1.8596085077E-05 -1.814785132E-06 
155 2.069345287 10.9659714903 2.64590996367 0.000132173624702 -7.57004762286E-06 8.33080346893E-07 0.00013239284992303 -4.0134900525E-05 -1.2180707444E-05 
156 2.082551827 10.9652212023 2.64664413505 0.00013080677265 -7.34460312983E-06 7.37032469215E-07 0.000131014877716633 -1.7257767752E-05 1.9485948393E-05 
157 2.095752823 10.9644623651 2.64707905928 0.000132213017344 -7.52034788077E-06 8.27298100595E-07 0.000132429309480945 -3.4236645207E-05 -1.3416819128E-05 
158 2.10897211 10.9636996799 2.64715299727 0.000131632247931 -7.54676950342E-06 8.46054505121E-07 0.000131851121472408 -3.3229841141E-05 -8.36114844600001E-06 
159 2.12220328500001 10.9629289467 2.64758761437 0.000131940369765 -7.6563212804E-06 8.57141499708E-07 0.000132165105534041 -3.116662794E-05 -8.75958263600001E-06 
160 2.135397275 10.9621659562 2.64869913893 0.000131540169677 -7.21855433377E-06 6.84997867197E-07 0.000131739868632854 -1.391401893E-05 -4.8433254164E-05 
161 2.14862783300001 10.9614042587 2.64948495089 0.000132269816924 -6.89538738209E-06 8.2700557605E-07 0.000132452009325946 -2.3028436944E-05 -7.8387846100001E-07 
162 2.16185702199999 10.960617248 2.64955822441 0.000131528929647 -7.15848503056E-06 7.89465244935E-07 0.000131725952254638 -2.8787741042E-05 -1.6053772878E-05 
163 2.17504545599999 10.9598431597 2.64925341817 0.000131711611947 -8.57224981989E-06 7.26061124443E-07 0.000131992270051727 -2.4256989616E-05 -8.440085289E-06 
164 2.18825434799999 10.9590675415 2.6496641904 0.000131468579939 -7.65157213077E-06 7.19897430754E-07 0.000131693023048149 -2.292531648E-05 -5.304027315E-06 
165 2.20141583500001 10.9582805304 2.65007849679 0.000131539448552 -7.8251282386E-06 7.44835782116E-07 0.000131774101923167 -2.0332977669E-05 -2.0743044054E-05 
166 2.21462758800001 10.9575123741 2.65048361044 0.000132100394603 -7.32503497898E-06 1.11380663137E-06 0.000132308015467407 -1.5521387104E-05 -9.030441165E-06 
167 2.22780186200001 10.9567439868 2.65196147482 0.000132116461682 -7.90399819355E-06 8.16827805065E-07 0.000132355203307154 -2.7422554493E-05 -1.5502015507E-05 
168 2.24098092400001 10.9559541242 2.65204544037 0.000130727125045 -9.41086147238E-06 6.77838785891E-07 0.000131067177438148 -2.9301912404E-05 -1.1865446243E-05 
169 2.25417755300001 10.955187512 2.65247439375 0.000131286244069 -7.66781762647E-06 8.17008877267E-07 0.000131512511999442 -2.5855529472E-05 -8.67360613200001E-06 
170 2.26735884999999 10.9544072816 2.65393923368 0.000132796366159 -7.06048630179E-06 6.81693490525E-07 0.000132985676062755 -1.2981065797E-05 -3.41412839000022E-07 
171 2.28056873400001 10.9536293828 2.65365355797 0.000131901912219 -7.73492053214E-06 9.99280487107E-07 0.000132132289786256 -2.138497424E-05 -8.08977611799998E-06 
172 2.29373013099999 10.9528487563 2.65335675409 0.000131091803647 -6.99709960863E-06 9.35323886428E-07 0.000131281739846519 -1.6782482796E-05 -3.922964103E-06 
173 2.306888923 10.9520702194 2.65379767433 0.000131514233754 -7.7462078039E-06 7.31892595891E-07 0.000131744195629314 -1.8151948161E-05 -5.217723838E-06 
174 2.32006077 10.9512881857 2.65456830164 0.000132080250577 -8.21130699661E-06 5.44970161123E-07 0.000132336371219526 -1.4074661546E-05 -1.3296453867E-05 
175 2.33320975300001 10.9505204293 2.65533591696 0.000131264315077 -7.79204374817E-06 7.55423415129E-07 0.000131497555197591 -1.7170184602E-05 -7.84401251699998E-06 
176 2.34638320299999 10.9497468238 2.65571839524 0.000132290196455 -5.80473161152E-06 1.29591870455E-06 0.000132423828643009 -2.4497899888E-05 1.5931019266E-05 
177 2.35958078799999 10.9489831149 2.65650172112 0.000129922728133 -7.42638800759E-06 6.26939099708E-07 0.000130136311523708 -4.324735171E-06 -2.01274781593E-05 
178 2.372708381 10.9481957976 2.65657227598 0.000132729146523 -7.85259453169E-06 6.60209956459E-07 0.000132962872467429 -1.9629309403E-05 -1.8063252558E-05 
179 2.38593028 10.9473927035 2.65662170616 0.000131720858556 -7.5887136071E-06 7.9633156566E-07 0.000131941681423661 -1.927178943E-05 -5.52509925E-06 
180 2.39910548700001 10.9466025962 2.6573917857 0.000131642246813 -7.90725206156E-06 6.46205872237E-07 0.000131881095548866 -1.7936688886E-05 -1.042880699E-06 
181 2.41228452999999 10.9458090877 2.65847063309 0.000131128907028 -8.45128188268E-06 7.12834359877E-07 0.000131402901629466 -1.9860138297E-05 -1.5296475439E-05 
182 2.42547264999999 10.9449989431 2.65890522709 0.000131536929493 -9.01904433614E-06 8.19562096981E-07 0.000131848316876684 -2.8341501936E-05 3.183194884E-06 
183 2.43868436599999 10.9441927889 2.65931979976 0.000132464658376 -7.72609980283E-06 5.06307956506E-07 0.000132690748300628 -2.5793487886E-05 -3.1782604857E-05 
184 2.45189303999999 10.9433950243 2.6593481612 0.000132106835534 -7.04919006962E-06 4.06675127092E-07 0.00013229539848424 -2.4132986174E-05 -2.32290697000008E-07 
185 2.46507699899999 10.9426032401 2.66008118892 0.000134490213643 -9.11587260337E-06 -5.76639375353E-05 0.000146614618613342 -2.6243716032E-05 4.47676057222E-05 
186 2.47828437000001 10.9418339584 2.66005283455 0.000131921667718 -9.54770501903E-06 4.38226946519E-07 0.000132267445456112 -1.8006402439E-05 -3.9587868496E-05 
187 2.49149361600001 10.9410726418 2.66116225987 0.000132085336605 -6.92935630536E-06 3.93774274118E-07 0.000132267559072668 -2.3016870618E-05 -1.8186504451E-05 
188 2.50471084 10.9403197237 2.66191258682 0.000132336606558 -7.56413339876E-06 4.16045252492E-07 0.00013255325964688 -2.5730240052E-05 -2.0455360737E-05 
189 2.51789938799999 10.9395585022 2.66191949912 0.000131365716501 -7.55958348975E-06 3.36447985658E-07 0.000131583479098277 -2.0228640004E-05 -4.9295058762E-05 
190 2.53111642499999 10.9387992273 2.6619454983 0.000132392952975 -7.44415665309E-06 4.0902804278E-07 0.000132602702723799 -2.5977304166E-05 -1.7140608579E-05 
191 2.544348144 10.9380417775 2.66231928714 0.000131289685677 -9.72973181604E-06 8.01775906143E-07 0.000131652163259785 -2.6749874442E-05 6.59760178300001E-06 
192 2.55754846799999 10.9372822264 2.66307476999 0.000131574057098 -7.56701095954E-06 4.86034796718E-07 0.000131792368466134 -2.5035244664E-05 1.821895173E-06 
193 2.57075692500001 10.9365315123 2.66274621598 0.000131481488313 -7.14457644574E-06 6.11439747903E-07 0.000131676879520119 -2.3167892762E-05 7.02181410400001E-06 
194 2.583980239 10.9357957995 2.66315832945 0.000131757471844 -7.39107358542E-06 5.50960491487E-07 0.000131965764169843 -2.3145148723E-05 4.841745707E-06 
195 2.59717078599999 10.9350488791 2.66352079473 0.000130817021462 -7.62054117703E-06 6.05602018684E-07 0.00013104019423759 -2.2228799704E-05 -3.15360017999999E-06 
196 2.61034839600001 10.9343036386 2.66428165545 0.000131680017725 -7.62796704326E-06 6.07131284338E-07 0.000131902166614752 -2.7995342577E-05 -8.05308903599999E-06 
197 2.62357414799999 10.9335632941 2.66470414382 0.000131335996117 -7.13890774519E-06 5.9591225499E-07 0.000131531224396546 -2.9996886679E-05 -8.736373605E-06 
198 2.63673410000001 10.9328137329 2.66616740659 0.000130465865313 -7.76825195623E-06 4.56017896463E-07 0.000130697726463192 -1.9937202743E-05 -6.8944477343E-05 
199 2.64990394500001 10.9320508081 2.66653771094 0.000131873519762 -7.30568306297E-06 5.22206022626E-07 0.000132076761463042 -3.1051058596E-05 -1.0765055088E-05 
200 2.66310382899999 10.9313073519 2.66621937269 0.000133162550526 -7.27200518061E-06 1.09300219469E-06 0.000133365443709133 -4.7011420701E-05 -5.26579952277E-05 
201 2.67631939 10.9305636675 2.66589733903 0.000131670723968 -7.04075506061E-06 7.18550095618E-07 0.000131860790594933 -3.0196080064E-05 4.65424211700001E-06 
202 2.68955324699999 10.9298356587 2.66631325862 0.000132364824228 -7.11849184984E-06 6.9204079833E-07 0.000132557906363944 -3.0950427502E-05 1.79505499889E-05 
203 2.70279242500001 10.9291064328 2.66775563901 0.000132286649851 -7.21528695882E-06 4.14998208949E-07 0.000132483924753959 -2.9601722403E-05 1.28347087824E-05 
204 2.71606641700001 10.928386195 2.66850553348 0.000132138699312 -7.1245821352E-06 4.53614443251E-07 0.00013233140705264 -3.0602322852E-05 1.29279092386E-05 
205 2.72933296100001 10.9276433579 2.66818263422 0.00013300674852 -7.42088336088E-06 -5.36906223307E-07 0.000133214687365962 -3.9467069697E-05 1.8718034911E-05 
206 2.74256416 10.9269118544 2.66822933647 0.00013326698695 -7.13492494985E-06 4.38944724435E-07 0.000133458568991439 -3.6000052154E-05 -2.4451829905E-05 
207 2.755752495 10.92619295 2.66964978942 0.000131784120363 -7.11733685355E-06 4.25893854346E-07 0.000131976862552918 -3.2857339526E-05 3.31211005999993E-07 
208 2.76898399000001 10.9254791983 2.66857675766 0.000133730880689 -8.03957722964E-06 -1.617916677E-06 0.000133982091737145 -4.7015277286E-05 -9.57364589346E-05 
209 2.782232781 10.924761129 2.66898491703 0.000134276454242 -7.27088086662E-06 5.33819659577E-07 0.000134474223685469 -3.5910185051E-05 -2.1703748243E-05 
210 2.795445941 10.9240404714 2.67043195507 0.000132140945109 -7.20843161633E-06 4.80292818506E-07 0.000132338284490387 -3.5548248174E-05 -7.65878032999996E-07 
211 2.808658455 10.9233057704 2.67080715993 0.000131296973162 -9.2777680407E-06 5.69162232614E-07 0.000131625590547458 -3.8900456897E-05 -9.89384925899999E-06 
212 2.82194032800001 10.9225849391 2.67192197182 0.000135643200347 -3.4273746102E-06 -5.41312265031E-05 0.000146085640566843 1.4603577357E-05 1.7317517936E-06 
213 2.835141548 10.9218683046 2.67193635216 0.000132253207252 -7.01510230986E-06 6.19915172699E-07 0.000132440578312236 -3.9242040189E-05 -2.1299660726E-05 
214 2.84837924999999 10.9211623132 2.67198775095 0.000131414385674 -6.84517053923E-06 5.40102127506E-07 0.000131593650424685 -3.9027585905E-05 -5.45299203500001E-06 
215 2.861541996 10.9204465852 2.67272746756 0.000131132321147 -7.26499888588E-06 4.0734783359E-07 0.000131334046577684 -3.2201533192E-05 -5.139001214E-05 
216 2.87473881 10.9197261144 2.67308215629 0.000130169020187 -7.09565594165E-06 -1.62128920563E-06 0.000130372354156754 -2.3975521817E-05 4.37849905999E-05 
217 2.887938142 10.9190137998 2.67275130268 0.000131231136485 -8.38764101999E-06 5.69810753877E-07 0.000131500145966916 -3.7556374547E-05 2.6707023152E-05 
218 2.901098475 10.9182933371 2.67386793267 0.000131222805367 -7.22773860075E-06 4.80397903063E-07 0.000131422584192412 -3.0417719345E-05 1.8227909238E-05 
219 2.914271786 10.9175681044 2.67427182869 0.000131642020215 -6.83226661456E-06 5.46735587184E-07 0.000131820333307048 -3.8069854004E-05 2.27275774038E-05 
220 2.92743742799999 10.9168583628 2.67501345685 0.000131475883282 -7.12959746486E-06 5.54726902069E-07 0.000131670219741325 -3.5061471018E-05 -1.4327594287E-05 
221 2.94058862899999 10.9161404757 2.67540187368 0.000131554811666 -7.0368803759E-06 5.18141903176E-07 0.000131743897881205 -3.9364663167E-05 1.87794429599999E-06 
222 2.95375564099999 10.9154206271 2.67472408904 0.000131379757369 -7.26032395489E-06 5.62263088542E-07 0.000131581416203231 -3.677586637E-05 -6.30320399400001E-06 
223 2.966934619 10.9147044624 2.67617657722 0.000132340447324 -6.61918808527E-06 6.09045290278E-07 0.000132507277479353 -3.7191657592E-05 -2.6430092619E-05 
224 2.980092587 10.9139895834 2.676182723 0.000130285002284 -7.76348533453E-06 6.83600527675E-07 0.000130517894690202 -2.8607541582E-05 -3.6180781984E-05 
225 2.99323933100001 10.9132688979 2.67624815273 0.000130879692788 -7.65392378116E-06 7.22938969173E-07 0.000131105298040477 -4.1230108137E-05 -1.1151437871E-05 
226 3.00636114599999 10.9125495306 2.67732152438 0.000130904454118 -7.50850823784E-06 6.35504820759E-07 0.000131121156455648 -3.4827281234E-05 -4.410142072E-06 
227 3.01951985700001 10.9118290466 2.67736255035 0.000131230186644 -6.9696552856E-06 5.96142504382E-07 0.000131416488186623 -3.3819968709E-05 -7.439217242E-06 
228 3.032642893 10.9110918777 2.67810146582 0.000131248898937 -7.33247597208E-06 6.61400653151E-07 0.000131455224798712 -3.665688669E-05 9.576237498E-06 
229 3.04580878799999 10.9103655003 2.67921547159 0.000130762402911 -9.04870855709E-06 -1.63968483604E-06 0.00013108536801631 -3.3623350202E-05 -2.2040053891E-05 
230 3.058986205 10.9096414088 2.67854820426 0.000133943168674 -6.73330770338E-06 7.86584251684E-07 0.000134114609874708 -4.0777997137E-05 1.48253899895E-05 
231 3.07209822199999 10.9089149174 2.678962577 0.000131252860681 -7.31507217092E-06 6.72504108216E-07 0.000131458267064446 -3.9096593606E-05 7.16264028200001E-06 
232 3.08521266599999 10.9081965045 2.67897330211 0.000130811136165 -7.38569615687E-06 7.62989933758E-07 0.000131021692883808 -3.5155436001E-05 -1.4618869335E-05 
233 3.098332376 10.9074690864 2.67939146446 0.000130437810231 -6.81461336634E-06 6.27460850961E-07 0.000130617207902751 -3.4276796495E-05 1.33480023711E-05 
234 3.111462776 10.906733562 2.67978564288 0.000132110411049 -7.12706844531E-06 5.92242557955E-07 0.000132303841831624 -3.6330511434E-05 -1.205790136E-05 
235 3.124622722 10.9059983371 2.68192037127 0.000130339424731 -9.5161444907E-06 6.61688718868E-06 0.0001308537574594 -3.1599275226E-05 -2.1012558726E-05 
236 3.13779419100001 10.9052483565 2.68197812052 0.000131673348545 -7.41119754017E-06 6.1421187893E-07 0.000131883182484594 -4.0427327026E-05 -1.8496398582E-05 
237 3.15093427299999 10.9045085811 2.68124227339 0.000130337428067 -3.09985538257E-06 0.000360767145758 0.000383601860940334 -6.2431388897E-05 2.35125849609E-05 
238 3.16409467299999 10.9037611439 2.68201533222 0.000131695197863 -7.54157231577E-06 6.14524792231E-07 0.000131912387947035 -3.8790148079E-05 2.29274922599999E-06 
239 3.17724429899999 10.9030099251 2.68204745706 0.000131709865549 -7.72679465317E-06 7.02372009277E-07 0.000131938187667511 -3.5012520552E-05 -3.4817646417E-05 
240 3.19037488000001 10.9022733843 2.68280323217 0.000131581714708 -7.49662982854E-06 6.13789186745E-07 0.000131796524390628 -2.7784993233E-05 7.90590687499999E-06 
241 3.20350549599999 10.9015532748 2.68318760055 0.000130934526407 -7.24410843044E-06 5.71092438182E-07 0.000131136011297242 -2.9994725116E-05 -3.9496426327E-05 
242 3.21661058000001 10.9008229104 2.68427189836 0.000131042123118 -7.36309082703E-06 4.53467568695E-07 0.000131249604839923 -2.4077627981E-05 -1.576130237E-05 
243 3.22975867900001 10.9000910746 2.68429386415 0.000131693232001 -6.92127984888E-06 7.37994082648E-07 0.000131877049196901 -4.0153664584E-05 -2.12255554400001E-06 
244 3.24289452400001 10.8993755714 2.68436036867 0.000131509893315 -7.24143185815E-06 6.75309567466E-07 0.000131710843965449 -3.7146343191E-05 -6.797460618E-06 
245 3.25600279400001 10.8986459695 2.68546302613 0.000130956358735 -7.02700115484E-06 6.06194638303E-07 0.000131146155530003 -3.4600352737E-05 -1.0029362441E-05 
246 3.26909305199999 10.8979416199 2.68582185767 0.00013136200869 -7.31566935951E-06 7.43884945134E-07 0.000131567662098484 -4.3559250666E-05 -1.06361689000001E-07 
247 3.28222439699999 10.8972436828 2.68587066381 0.000132760361528 -6.67684712846E-06 7.62846300429E-07 0.000132930341965633 -3.7424679061E-05 8.13551031299999E-06 
248 3.29539828099999 10.8965381735 2.68521567554 0.000130631881606 -9.03219602527E-06 1.19479463685E-06 0.00013094921378606 -3.5578368118E-05 8.25624545499999E-06 
249 3.30853230400001 10.8958429113 2.68664576848 0.000131378738159 -7.03011438493E-06 6.20389004236E-07 0.000131568158119785 -3.0771222624E-05 -2.3286372977E-05 
250 3.32169973699999 10.8951425953 2.68671625391 0.000131646819771 -6.36758955776E-06 7.44326930426E-07 0.000131802827644833 -3.4543457426E-05 4.258221805E-06 
251 3.334799366 10.8944227281 2.68744147412 0.000125242914485 -1.8131002902E-05 -2.96178136545E-05 0.000129968210653998 -1.1613074744E-05 -6.75535365835E-05 
252 3.34796605899999 10.8937331354 2.68813860239 0.000133229016567 -6.37114026433E-06 8.84363816409E-07 0.000133384198400851 -3.4887623897E-05 -1.6878708296E-05 
253 3.36113957800001 10.8930577501 2.68821349204 0.000131635457384 -6.65436569057E-06 7.33962642937E-07 0.000131805587607658 -3.2671001082E-05 -5.366249298E-06 
254 3.37429650999999 10.8923786187 2.6886269484 0.000131610108602 -6.934049373E-06 8.34971695781E-07 0.000131795291663512 -3.2326150627E-05 -1.1863082681E-05 
255 3.38748085200001 10.8916984993 2.68972228058 0.000131599146581 -6.48713489563E-06 6.97271042735E-07 0.00013176078508763 -3.0355554321E-05 -2.45836143000007E-07 
256 3.400629041 10.8910241707 2.68903864503 0.000132121702395 -6.11974056128E-06 7.17020537557E-07 0.000132265300010024 -2.7588539713E-05 1.17207958289E-05 
257 3.41379829499999 10.8903606681 2.68945925271 0.000131577923899 -6.439212581E-06 8.23360413322E-07 0.000131737965061726 -3.2874875407E-05 1.28804375412E-05 
258 3.42695035700001 10.8896667217 2.69089895343 0.000130602886529 -6.79822088681E-06 6.48040283232E-07 0.000130781304983325 -2.2239791334E-05 -4.68628320259999E-06 
