0 119.916618678 6.4080120935 2.51338717916 0.000155496632392 9.37138382583E-08 2.5429521042E-08 0.000155496662710802 7.418417323E-06 5.55628318000016E-07 
1 119.932180245 6.4080204214 2.51338974128 0.000155726802348 7.48865485477E-08 2.57799308914E-08 0.000155726822487756 7.437424155E-06 5.47297057999991E-07 
2 119.947763321 6.40802678205 2.51339233168 0.000155924235135 5.62723303918E-08 2.59015245525E-08 0.000155924247440541 7.45321780099998E-06 5.45223376000005E-07 
3 119.963364708 6.40803140326 2.51339492999 0.000156091992386 4.02446626925E-08 2.60805906807E-08 0.000156091999752906 7.466227726E-06 5.43708114999998E-07 
4 119.978981159 6.40803481907 2.51339754891 0.000156230650675 2.97610984462E-08 2.62921361303E-08 0.000156230655722023 7.480597281E-06 5.41606088999986E-07 
5 119.994610519 6.40803717074 2.51340018881 0.000156349102293 1.90994464396E-08 2.65194595523E-08 0.000156349105708659 7.49371969700001E-06 5.40761842000013E-07 
6 120.010251155 6.40803773087 2.51340285288 0.00015645666198 -1.45900743916E-08 2.67433574556E-08 0.000156456664945925 7.48868776599999E-06 5.40242649999992E-07 
7 120.02590136 6.40803385037 2.51340553387 0.000156549816383 -6.50448375462E-08 2.68780036257E-08 0.000156549832203069 7.495817425E-06 5.40245608999981E-07 
8 120.041560678 6.40802512256 2.51340822737 0.00015663992412 -1.10456979168E-07 2.69891137074E-08 0.000156639965390305 7.51627822800002E-06 5.38852263000015E-07 
9 120.057229193 6.40801189464 2.51341093152 0.000156738840121 -1.56100210499E-07 2.70865977717E-08 0.000156738920193537 7.541735627E-06 5.39661272999984E-07 
10 120.07290694 6.40799513055 2.51341364218 0.000156821361503 -1.8317494959E-07 2.70540532589E-08 0.000156821470815187 7.56413812599997E-06 -2.089239914E-06 
11 120.088593123 6.40797544356 2.51341632597 0.000156900613186 -2.09359551194E-07 2.6619647983E-08 0.000156900755123008 7.585130381E-06 -2.09512589100002E-06 
12 120.10428667 6.40795343106 2.51341896131 0.000156968116598 -2.29724144917E-07 2.60506897731E-08 0.000156968286861214 7.60404622100001E-06 -2.10185324399999E-06 
13 120.119986761 6.40792938805 2.51342153937 0.000157031714116 -2.51224929483E-07 2.55428635934E-08 0.000157031917152572 7.624996432E-06 -2.11133673800001E-06 
14 120.135693172 6.40790283138 2.51342404917 0.000157096778374 -2.83964342745E-07 2.43863382444E-08 0.000157097036910093 7.64802171499999E-06 -2.12438597999999E-06 
15 120.15140498 6.40787253363 2.51342639492 0.000157139169745 -3.22443987794E-07 2.26359922621E-08 0.00015713950219681 7.65861577E-06 -2.129853664E-06 
16 120.1671211 6.40783841805 2.51342859197 0.00015718080359 -3.58271994123E-07 2.13305389984E-08 0.000157181213352652 7.660234711E-06 5.48427069000019E-07 
17 120.18284113 6.40780087293 2.51343067392 0.000157216603496 -3.92342362377E-07 2.03252129009E-08 0.000157217094364646 7.65591410400001E-06 5.53479996999998E-07 
18 120.198564301 6.40776034392 2.51343266028 0.000157245120148 -4.17939540898E-07 1.94715475652E-08 0.000157245676770333 7.65264793900001E-06 5.51528218000022E-07 
19 120.214290033 6.40771772515 2.51343456602 0.00015727079292 -4.32116034107E-07 1.86329441487E-08 0.000157271387662025 7.655085826E-06 5.55757522E-07 
20 120.230018411 6.40767438867 2.51343639434 0.000157296217836 -4.34109317598E-07 1.79598792967E-08 0.000157296817892058 7.656229003E-06 5.59386099000013E-07 
21 120.245749203 6.40763088147 2.51343813922 0.000157319496188 -4.36165195838E-07 1.69326817899E-08 0.000157320101727783 7.658858707E-06 5.60887312000006E-07 
22 120.26148225 6.40758716712 2.51343979747 0.000157341269417 -4.38109431715E-07 1.63977411882E-08 0.000157341880217929 7.66033999600001E-06 5.63641507000002E-07 
23 120.277217382 6.40754323193 2.51344143247 0.000157361117861 -4.4100861602E-07 1.63343351592E-08 0.000157361736676593 7.65683086400001E-06 5.65235588000014E-07 
24 120.292954533 6.40749900073 2.51344307874 0.0001573806486 -4.43991901334E-07 1.66711597119E-08 0.000157381275762057 7.65142864300001E-06 5.65981208000001E-07 
25 120.30869356 6.40745441093 2.5134447932 0.00015739677678 -4.49000572884E-07 1.75871894679E-08 0.000157397418185804 7.64431414100001E-06 5.68536461000024E-07 
26 120.324434144 6.40740928407 2.51344659868 0.000157409471537 -4.54697380382E-07 1.85828219567E-08 0.000157410129358268 7.633975789E-06 5.77769952000003E-07 
27 120.340176253 6.40736340475 2.51344851666 0.000157429218424 -4.62353155347E-07 1.97428440526E-08 0.000157429898601923 7.61836977100001E-06 5.79136976000023E-07 
28 120.35591972 6.40731693742 2.51345053279 0.000157440152728 -4.66343188351E-07 2.05424251079E-08 0.000157440844728985 7.605406827E-06 5.82012912000003E-07 
29 120.371664198 6.40727018057 2.51345261711 0.000157449135745 -4.68557394781E-07 2.11035023721E-08 0.00015744983435443 7.59059971299999E-06 5.84666420999988E-07 
30 120.387409461 6.40722327757 2.5134547595 0.000157456026112 -4.69707470565E-07 2.1784605483E-08 0.000157456728210197 7.57577145300001E-06 5.87656096000011E-07 
31 120.4031556 6.40717611754 2.51345699531 0.000157467146754 -4.73493233205E-07 2.30039178917E-08 0.000157467860313995 7.57021315500001E-06 5.89182467999996E-07 
32 120.418903044 6.40712854167 2.5134593835 0.000157482009225 -4.78435503801E-07 2.47148826826E-08 0.000157482737914032 7.567755023E-06 5.92398204999977E-07 
33 120.434652073 6.40708038189 2.51346190636 0.000157498815422 -4.8478127763E-07 2.57474627547E-08 0.000157499563603053 7.56476722400001E-06 5.95714777000002E-07 
34 120.4504028 6.40703159147 2.51346452866 0.000157515615392 -4.90784054978E-07 2.65863711002E-08 0.000157516382221483 7.55928219200002E-06 5.97902169999996E-07 
35 120.466155163 6.40698224355 2.5134672208 0.000157531632676 -4.96117252484E-07 2.72595593616E-08 0.000157532416248142 7.55445664999999E-06 5.9998668699998E-07 
36 120.481909093 6.40693232637 2.51346997045 0.000157547360495 -5.02497727375E-07 2.75902802268E-08 0.000157548164267728 7.551180536E-06 6.03995067999984E-07 
37 120.497664659 6.40688180677 2.51347272737 0.000157563429749 -5.07392033734E-07 2.74884051545E-08 0.000157564249106694 7.542008561E-06 6.07638396999993E-07 
38 120.513421605 6.40683084923 2.51347546745 0.000157574563922 -5.11791452658E-07 2.73160553525E-08 0.000157575397419351 7.52668714499999E-06 6.0909580199998E-07 
39 120.529179367 6.40677945348 2.51347819082 0.000157579956242 -5.15864112388E-07 2.71888589465E-08 0.000157580802968658 7.51223252399999E-06 6.10450585999999E-07 
40 120.544937518 6.40672781142 2.513480915 0.000157582966894 -5.16901805254E-07 2.73034537668E-08 0.000157583817024688 7.50470006000002E-06 6.09214268000011E-07 
41 120.560695919 6.4066760273 2.51348366029 0.000157584880939 -5.19021226919E-07 2.76501964056E-08 0.000157585738086053 7.495760067E-06 6.07161229000002E-07 
42 120.576454487 6.40662403679 2.51348644763 0.000157585758489 -5.20442923158E-07 2.8104209475E-08 0.000157586620400452 7.49385911000001E-06 6.03829164999987E-07 
43 120.59221309 6.40657192406 2.51348927395 0.000157586684218 -5.2196450596E-07 2.8381466643E-08 0.000157587551206549 7.498342754E-06 6.02085709999989E-07 
44 120.607971829 6.40651962528 2.51349212347 0.000157588346844 -5.24073415747E-07 2.86234658613E-08 0.00015758922086638 7.49945729499999E-06 5.99296043000009E-07 
45 120.623731098 6.40646717635 2.51349500313 0.000157600030684 -5.24495854781E-07 2.89784649794E-08 0.00015760090611177 7.49950582999999E-06 5.99599470000006E-07 
46 120.639492097 6.40641475486 2.5134979124 0.000157620485335 -5.23963555151E-07 2.90410022059E-08 0.00015762135889031 7.49541284099999E-06 6.0106684200001E-07 
47 120.655255227 6.40636239293 2.51350079609 0.00015764228415 -5.23516782325E-07 2.86063989628E-08 0.000157643156020732 7.49037301499999E-06 6.02588382000015E-07 
48 120.671020439 6.40631005764 2.51350363615 0.000157661396713 -5.23193084E-07 2.81959442698E-08 0.000157662267329594 7.48442162899998E-06 6.02516906999997E-07 
49 120.686787381 6.40625774835 2.51350644639 0.000157676624783 -5.23089168218E-07 2.80448776949E-08 0.0001576774949438 7.47922417599999E-06 6.02158800999984E-07 
50 120.702555672 6.40620547272 2.51350925006 0.000157688391776 -5.2235790618E-07 2.80437006878E-08 0.0001576892594476 7.47899960699998E-06 5.99363080999997E-07 
51 120.718324922 6.40615327418 2.51351205396 0.000157696695618 -5.21831403126E-07 2.79705481713E-08 0.000157697561487808 7.47905898799999E-06 5.96626221000001E-07 
52 120.734094986 6.4061010852 2.51351484013 0.000157704753456 -5.21748902651E-07 2.7761034296E-08 0.000157705618971583 7.480678549E-06 5.95530794000025E-07 
53 120.749865949 6.40604891082 2.51351759933 0.000157714606021 -5.21962198032E-07 2.73964013204E-08 0.000157715472124514 7.48993238399999E-06 5.9564941500001E-07 
54 120.765637876 6.40599667861 2.51352032041 0.000157723785784 -5.22684868308E-07 2.70338678393E-08 0.000157724654167757 7.50148834399998E-06 5.94310363999991E-07 
55 120.781410688 6.40594440776 2.51352301191 0.000157732697896 -5.22570639235E-07 2.68246956515E-08 0.0001577335658165 7.51127350700001E-06 5.91673073000013E-07 
56 120.797184396 6.40589221231 2.51352568638 0.000157741418801 -5.21308604404E-07 2.66414942004E-08 0.000157742282466632 7.517282041E-06 5.8854429500001E-07 
57 120.812959002 6.4058400872 2.51352833552 0.000157750812261 -5.21504038995E-07 2.6292928627E-08 0.00015775167646268 7.522016504E-06 5.85674116999982E-07 
58 120.828734587 6.40578793731 2.51353093711 0.000157761355111 -5.21271583965E-07 2.57464196974E-08 0.000157762218396552 7.52724943699998E-06 5.86277243999985E-07 
59 120.844511251 6.40573581384 2.5135334899 0.000157772085313 -5.20949977304E-07 2.527715961E-08 0.000157772947401721 7.53196193E-06 5.8563623500001E-07 
60 120.860289042 6.40568376464 2.51353597882 0.000157783701997 -5.20049738625E-07 2.44906006425E-08 0.000157784560928496 7.537497375E-06 5.84765748999996E-07 
61 120.876067941 6.40563185897 2.51353837277 0.000157794190799 -5.18581152467E-07 2.33719632326E-08 0.000157795044670521 7.54211603600001E-06 5.84388002000002E-07 
62 120.891847878 6.40558013284 2.51354065236 0.000157804171797 -5.16400937303E-07 2.23409418639E-08 0.000157805018315587 7.55043978099999E-06 5.80170384000011E-07 
63 120.907628847 6.40552857864 2.51354288788 0.000157815463974 -5.15502575687E-07 2.25381982432E-08 0.000157816307523034 7.55778938299999E-06 5.73730957000002E-07 
64 120.923410969 6.40547698883 2.51354516554 0.000157826984799 -5.1615036492E-07 2.30074068827E-08 0.00015782783047132 7.56395822699998E-06 5.71556898999997E-07 
65 120.939194206 6.40542534231 2.51354748789 0.000157837587214 -5.16848695588E-07 2.34549274907E-08 0.00015783843518055 7.56984942700001E-06 5.70656811000014E-07 
66 120.954978503 6.40537363538 2.5135498424 0.000157848861887 -5.17073453428E-07 2.36346707087E-08 0.00015784971055588 7.57482064000001E-06 5.82731144000001E-07 
67 120.970763984 6.40532194469 2.51355221502 0.000157860291109 -5.16579971451E-07 2.38210067245E-08 0.000157861138128817 7.580112378E-06 5.84535742999991E-07 
68 120.986550509 6.40527031338 2.51355460742 0.000157869924303 -5.16158035364E-07 2.40246941373E-08 0.000157870769921915 7.58813078299999E-06 5.83421290999988E-07 
69 121.002337949 6.40521870526 2.51355702088 0.000157878912651 -5.16010836717E-07 2.42457291199E-08 0.000157879757774393 7.596808525E-06 5.83720866999981E-07 
70 121.018126129 6.40516706973 2.51355945399 0.000157883579391 -5.17056048699E-07 2.43692264775E-08 0.000157884427927934 7.60425317699998E-06 5.8433776599999E-07 
71 121.033914645 6.40511524338 2.51356189299 0.000157886441646 -5.19690989266E-07 2.44168232225E-08 0.000157887298825907 7.61316518600001E-06 5.83364535999983E-07 
72 121.049703392 6.40506313757 2.51356434027 0.000157888204927 -5.22531916486E-07 2.45307079408E-08 0.000157889071491442 7.622710123E-06 5.85157189000011E-07 
73 121.065492258 6.4050107658 2.51356679719 0.000157888600063 -5.2431809042E-07 2.45934753926E-08 0.000157889472556447 7.62982870900001E-06 5.88363061000008E-07 
74 121.081281206 6.40495827448 2.51356923915 0.000157891261026 -5.25696686679E-07 2.41847887737E-08 0.000157892138025587 7.634397803E-06 5.81240793000001E-07 
75 121.097070556 6.40490562883 2.51357163546 0.000157896000398 -5.27174511931E-07 2.37684736735E-08 0.000157896882235184 7.63920502599999E-06 5.81595671999993E-07 
76 121.112860492 6.40485282167 2.51357399269 0.000157902610191 -5.2898459873E-07 2.33930558506E-08 0.000157903497988714 7.64510836200001E-06 5.80742953999996E-07 
77 121.128651078 6.40479978721 2.51357628669 0.000157908892555 -5.32153229338E-07 2.24113161727E-08 0.000157909790821447 7.65181301700001E-06 5.86065297999983E-07 
78 121.144442296 6.40474638506 2.51357846921 0.000157915178716 -5.35458270275E-07 2.11288828799E-08 0.000157916087941967 7.65660297500002E-06 5.9383671899998E-07 
79 121.160234087 6.40469270382 2.51358050847 0.000157920485296 -5.38133103143E-07 1.96537569908E-08 0.000157921403393052 7.65981363100001E-06 5.96607177000009E-07 
80 121.176026408 6.40463875396 2.5135824015 0.000157926114598 -5.40864677226E-07 1.82490864735E-08 0.00015792704182517 7.66315225299999E-06 5.97660005999988E-07 
81 121.191819377 6.40458457236 2.5135841757 0.000157933292843 -5.4276677108E-07 1.72529893229E-08 0.000157934226441472 7.664222449E-06 5.99109315000003E-07 
82 121.207613154 6.40453022428 2.51358584445 0.000157942498675 -5.44032680012E-07 1.61771302919E-08 0.000157943436460522 7.665648918E-06 6.00127499999993E-07 
83 121.223407886 6.40447577365 2.51358741249 0.000157952078225 -5.45039513687E-07 1.50896002035E-08 0.000157953019317024 7.66588770800001E-06 6.02121300000011E-07 
84 121.239203549 6.40442120211 2.51358886677 0.000157961009121 -5.4623147738E-07 1.40149539059E-08 0.00015796195417812 7.66426930899999E-06 6.02614223999996E-07 
85 121.255000096 6.40436653225 2.5135902212 0.000157970146378 -5.47160222796E-07 1.31882894211E-08 0.000157971094523419 7.661907499E-06 6.05447752999999E-07 
86 121.270797577 6.40431178448 2.51359153042 0.000157979347498 -5.47732442925E-07 1.30160194823E-08 0.000157980297556814 7.65880153699998E-06 6.07799810999998E-07 
87 121.286595939 6.40425700643 2.51359283038 0.000157987787932 -5.4769938451E-07 1.30721471864E-08 0.000157988737830085 7.65519862099998E-06 6.08733311999995E-07 
88 121.302394372 6.4042020207 2.51359417539 0.000157972207268 -5.51518567767E-07 1.38563133611E-08 0.000157973170614038 7.642801545E-06 6.06446238000003E-07 
89 121.318190127 6.40414671039 2.51359560325 0.000157944143505 -5.54364818879E-07 1.47392340559E-08 0.000157945117066421 7.63168230500001E-06 6.06918386999994E-07 
90 121.333983467 6.40409119515 2.51359713927 0.000157924081894 -5.5555128444E-07 1.59498367607E-08 0.000157925059866032 7.616557979E-06 6.20583254000006E-07 
91 121.349775294 6.40403565618 2.51359879266 0.000157913787171 -5.55207138365E-07 1.69678518536E-08 0.000157914764102545 7.60187725100002E-06 6.24029938999996E-07 
92 121.365566399 6.40398017032 2.51360052468 0.000157909001943 -5.54296761754E-07 1.76296595188E-08 0.000157909975778414 7.58693348300001E-06 6.27766289000006E-07 
93 121.381357283 6.40392480493 2.51360233179 0.000157909763236 -5.52870955599E-07 1.85740663518E-08 0.000157910732176566 7.581630807E-06 6.3128210799998E-07 
94 121.397148504 6.40386959621 2.51360425322 0.000157915186954 -5.51480710548E-07 2.00140607775E-08 0.000157916151176039 7.57758898800001E-06 6.36100372000003E-07 
95 121.412940318 6.4038144329 2.5136063164 0.000157916495189 -5.51020096724E-07 2.11377935588E-08 0.00015791745794158 7.57707431499999E-06 6.39926050999994E-07 
96 121.428731982 6.40375956924 2.5136084922 0.000157919272592 -5.47084331282E-07 2.23834041156E-08 0.000157920221815538 7.57790518600001E-06 6.42151087000006E-07 
97 121.444524376 6.40370495811 2.51361078672 0.000157928981826 -5.45212428789E-07 2.33980608964E-08 0.000157929924664893 7.57869452299998E-06 6.44981509E-07 
98 121.460317827 6.40365049369 2.51361315771 0.000157940128109 -5.44340700559E-07 2.39993795495E-08 0.000157941067964782 7.57737451999999E-06 6.47462884000006E-07 
99 121.476112444 6.40359601815 2.51361556327 0.000157952165161 -5.4489455608E-07 2.41016822493E-08 0.000157953106870413 7.57354049000001E-06 6.49414381999986E-07 
100 121.491908231 6.40354155201 2.51361797562 0.000157963529425 -5.44462034093E-07 2.41086960585E-08 0.000157964469576353 7.56792606E-06 6.51122655000012E-07 
101 121.507705054 6.4034871278 2.51362038285 0.000157972385033 -5.43873894518E-07 2.40205833625E-08 0.000157973323092274 7.55412280800002E-06 6.54128158999984E-07 
102 121.523502643 6.40343280962 2.51362279365 0.000157978851618 -5.42100433773E-07 2.4192892159E-08 0.000157979783569666 7.54004786099999E-06 6.54435337999994E-07 
103 121.539300748 6.40337873733 2.51362521843 0.000157982991973 -5.39379395621E-07 2.42979151526E-08 0.000157983914602918 7.52802667999998E-06 6.54221011999986E-07 
104 121.555099192 6.403324975 2.5136276587 0.000157985608922 -5.3570644133E-07 2.45025296804E-08 0.000157986519071155 7.52051559799999E-06 6.54209218999978E-07 
105 121.570897858 6.40327154318 2.51363012147 0.000157987609456 -5.33195951922E-07 2.48133816216E-08 0.000157988511149541 7.52595653200002E-06 6.50859541000023E-07 
106 121.586696704 6.40321827355 2.51363262631 0.000157989242846 -5.32207138382E-07 2.52824023143E-08 0.000157990141270556 7.53160258899999E-06 6.48575939999994E-07 
107 121.602495678 6.40316510066 2.51363517751 0.000157990017994 -5.31314883897E-07 2.57151422901E-08 0.000157990913480867 7.534823457E-06 6.46144106000008E-07 
108 121.618294701 6.40311203205 2.51363775858 0.000157990363205 -5.29812068673E-07 2.58939589214E-08 0.000157991253672389 7.535405392E-06 6.44082327999997E-07 
109 121.634093776 6.40305912576 2.51364034974 0.000157991664722 -5.28665191254E-07 2.58145349239E-08 0.000157992551327281 7.53590686199999E-06 6.44527730000002E-07 
110 121.649893075 6.40300629242 2.51364291696 0.000157994457184 -5.2799832849E-07 2.54978211777E-08 0.000157995341492212 7.53322634199999E-06 6.45883768000017E-07 
111 121.665692588 6.40295352233 2.5136454502 0.000157989561615 -5.27504955841E-07 2.51609348064E-08 0.00015799044424854 7.52961702700001E-06 6.46335638999999E-07 
112 121.681492075 6.40290095254 2.51364795979 0.00015799569984 -5.24392550817E-07 2.51136930273E-08 0.000157996572070967 7.52573240899999E-06 6.46149635999995E-07 
113 121.697291298 6.40284857948 2.51365047723 0.000157993394083 -5.2204017629E-07 2.5241186634E-08 0.000157994258556852 7.52718315000001E-06 6.46317648000006E-07 
114 121.713090157 6.40279644255 2.51365300698 0.000157980368613 -5.20701367632E-07 2.53561030803E-08 0.000157981228758184 7.52815919500001E-06 6.41875850999999E-07 
115 121.728888664 6.40274459297 2.51365553927 0.000157986731429 -5.18013963797E-07 2.52241096826E-08 0.000157987582684024 7.53727286100002E-06 6.40739730000013E-07 
116 121.744686966 6.40269283995 2.51365804761 0.000157976075594 -5.18756913845E-07 2.49460284224E-08 0.000157976929300203 7.55120289699999E-06 6.40542452999993E-07 
117 121.760485151 6.40264123121 2.51366053521 0.000157983430106 -5.14399557997E-07 2.48752459257E-08 0.000157984269513583 7.56397001800001E-06 6.38107829000004E-07 
118 121.776283331 6.40258978149 2.5136630192 0.000157979256815 -5.13277343278E-07 2.48162914643E-08 0.000157980092585424 7.57469625199998E-06 6.3537175499999E-07 
119 121.792081595 6.40253854429 2.51366549809 0.000157979285308 -5.11671446533E-07 2.47462558198E-08 0.000157980115857892 7.58655464099998E-06 6.32782567999989E-07 
120 121.807879944 6.40248749559 2.51366796034 0.000157983778173 -5.08855319677E-07 2.44103189057E-08 0.000157984599551398 7.596878414E-06 6.3001836399999E-07 
121 121.823678629 6.40243630427 2.51367035714 0.00015799887899 -5.11942986075E-07 2.35547839785E-08 0.000157999710134372 7.60263271499999E-06 6.25838429000003E-07 
122 121.839478842 6.40238502941 2.513672682 0.000158011000262 -5.10708500055E-07 2.29049229074E-08 0.000158011827252283 7.609079855E-06 6.29412974000005E-07 
123 121.855280131 6.40233394486 2.51367493395 0.000158019452678 -5.08226707658E-07 2.2059662244E-08 0.000158020271502329 7.614057794E-06 6.30393635999988E-07 
124 121.871082109 6.40228314365 2.51367708749 0.000158023967026 -5.07969243942E-07 2.10070097763E-08 0.000158024784855673 7.61117398200001E-06 6.32824281000013E-07 
125 121.886884587 6.40223262791 2.5136791509 0.000158027252712 -5.02381760885E-07 2.05016006211E-08 0.00015802805259653 7.62664520200001E-06 6.26084096999998E-07 
126 121.902687648 6.40218246377 2.51368118802 0.000158028770566 -5.0301829111E-07 2.02828533804E-08 0.000158029572439455 7.63590356999999E-06 6.24252767999985E-07 
127 121.918491278 6.4021325402 2.51368322655 0.000158039836667 -5.00933644898E-07 2.0605707779E-08 0.000158040631904722 7.63645340999999E-06 6.20968355999991E-07 
128 121.934295608 6.40208270809 2.51368530995 0.000158044096469 -5.01730786434E-07 2.11082138212E-08 0.000158044894280205 7.64360657099999E-06 6.19699033999998E-07 
129 121.950100645 6.40203297808 2.51368744179 0.000158051775651 -4.96071142766E-07 2.14914377703E-08 0.000158052555610134 7.65649606100001E-06 6.26210023000012E-07 
130 121.965906517 6.40198347071 2.51368960281 0.000158066500537 -4.9253887982E-07 2.1683303566E-08 0.000158067269403654 7.66357448799999E-06 6.29129659999978E-07 
131 121.981713368 6.40193414251 2.51369178118 0.00015807091402 -4.92105380127E-07 2.18876804712E-08 0.000158071681543197 7.67005390000001E-06 6.29103905000012E-07 
132 121.997521088 6.40188499841 2.5136939812 0.00015807724287 -4.94406393275E-07 2.21059456294E-08 0.000158078017572765 7.67483156700001E-06 6.31687150999988E-07 
133 122.013329497 6.40183593271 2.51369619827 0.000158084631952 -4.93574991025E-07 2.2210566955E-08 0.000158085404035225 7.68255216700002E-06 6.33201829000011E-07 
134 122.02913815 6.40178682583 2.51369841874 0.000158083166639 -4.95041311755E-07 2.22233564796E-08 0.000158083943316175 7.698080002E-06 6.30805568999987E-07 
135 122.044946831 6.40173755403 2.51370064552 0.000158084083702 -4.93099902768E-07 2.23182174649E-08 0.00015808485432045 7.71047042799999E-06 6.3040724500001E-07 
136 122.060755132 6.40168817644 2.51370288294 0.000158083497695 -4.92287636169E-07 2.24320272393E-08 0.000158084265800862 7.719779797E-06 6.32763241E-07 
137 122.076562889 6.40163876228 2.5137051157 0.000158074567029 -4.93583761643E-07 2.21322824963E-08 0.00015807533917779 7.72651978500001E-06 6.28916743000002E-07 
138 122.092370374 6.4015893291 2.51370730539 0.000158070523823 -4.95778396326E-07 2.17450741224E-08 0.000158071302805867 7.73140100300001E-06 6.27872812999995E-07 
139 122.108177808 6.40153986974 2.51370946256 0.00015807179795 -4.95736003817E-07 2.12913642809E-08 0.000158072576731871 7.73775475099999E-06 6.25576276999998E-07 
140 122.123985407 6.40149028244 2.51371156176 0.000158075411671 -4.97091218031E-07 2.0530262141E-08 0.000158076194590225 7.74537091000001E-06 6.29745764000017E-07 
141 122.139793779 6.4014399935 2.51371357623 0.000158095452236 -5.07983681522E-07 1.96869424676E-08 0.000158096269572377 7.74721700100002E-06 6.31172987000011E-07 
142 122.15560355 6.4013889296 2.51371547914 0.000158102296954 -5.1160761102E-07 1.8322234944E-08 0.00015810312577613 7.75616183399999E-06 6.36964496999993E-07 
143 122.17141386 6.40133738116 2.51371723769 0.000158105143709 -5.17331901057E-07 1.68385707335E-08 0.000158105990977815 7.758349789E-06 6.39219077999995E-07 
144 122.187224913 6.40128528761 2.51371884925 0.000158114693991 -5.22776974816E-07 1.54224988043E-08 0.00015811555897345 7.761707166E-06 6.39141492000006E-07 
145 122.20303711 6.40123273068 2.51372032654 0.000158129031366 -5.26222244358E-07 1.40663206014E-08 0.000158129907571153 7.76311273299998E-06 6.40818431999981E-07 
146 122.218850417 6.40117979826 2.51372165854 0.000158142228319 -5.29842064196E-07 1.26552543922E-08 0.000158143116418222 7.760094393E-06 6.42344303999995E-07 
147 122.234665241 6.40112657734 2.5137228622 0.000158152869123 -5.33853591509E-07 1.14540151855E-08 0.000158153770561085 7.759899831E-06 6.45133934999991E-07 
148 122.250481217 6.40107316834 2.51372395709 0.000158166242557 -5.32982676209E-07 1.05060304722E-08 0.000158167140915898 7.756017688E-06 6.45450126999982E-07 
149 122.266297822 6.40101971315 2.5137249944 0.000158167855278 -5.33490195814E-07 1.02724742144E-08 0.000158168755323405 7.75282916100001E-06 6.51247670000019E-07 
150 122.282114834 6.40096632391 2.51372602214 0.000158166597514 -5.3766646763E-07 1.04092977014E-08 0.000158167511716975 7.74403136E-06 6.5451859799999E-07 
151 122.297932396 6.40091272509 2.51372709082 0.000158181876488 -5.36428792038E-07 1.09509399222E-08 0.0001581827864372 7.73781892399999E-06 6.53112714000008E-07 
152 122.31375062 6.40085902231 2.51372821631 0.000158187354877 -5.35690098703E-07 1.16657569524E-08 0.000158188262342544 7.73547037000001E-06 6.52784903999997E-07 
153 122.329569285 6.40080520885 2.51372943805 0.000158190807869 -5.36945797329E-07 1.27938852219E-08 0.000158191719659152 7.719562668E-06 6.62984169E-07 
154 122.345388402 6.40075133302 2.51373078053 0.000158194101945 -5.37336337764E-07 1.39915406782E-08 0.000158195015143614 7.701685466E-06 6.67668907000006E-07 
155 122.361207845 6.40069743556 2.51373223712 0.000158197696333 -5.37429484116E-07 1.51795157848E-08 0.000158198609936801 7.695537692E-06 6.71275007999982E-07 
156 122.37702768 6.4006435706 2.51373381476 0.000158201928629 -5.3696713562E-07 1.64420736403E-08 0.000158202840764576 7.68913639099999E-06 6.75320047E-07 
157 122.392847996 6.40058973111 2.51373551994 0.000158207835994 -5.36837740023E-07 1.75574373988E-08 0.000158208747776244 7.68556415700001E-06 6.7900019400002E-07 
158 122.408668884 6.40053585417 2.51373731906 0.000158214517567 -5.37809635771E-07 1.83759675237E-08 0.000158215432704395 7.68186390599998E-06 6.8247390299999E-07 
159 122.424490364 6.40048181754 2.51373921175 0.000158220639097 -5.39726596257E-07 1.95461573609E-08 0.000158221560866761 7.67762095000001E-06 6.83925619999993E-07 
160 122.440312437 6.40042768092 2.51374123002 0.000158225349184 -5.42349467929E-07 2.08033502459E-08 0.000158226280055253 7.67289106099999E-06 6.89077423999998E-07 
161 122.456135072 6.40037347826 2.51374333478 0.000158227246664 -5.45300938997E-07 2.11474311166E-08 0.000158228187713815 7.672655115E-06 6.93188761999997E-07 
162 122.471958161 6.4003191949 2.51374544704 0.000158229932422 -5.45544045683E-07 2.11545900354E-08 0.000158230874294788 7.677723215E-06 6.94301614000001E-07 
163 122.487779634 6.40026472556 2.51374756856 0.000158186612198 -5.46449313207E-07 2.12952570771E-08 0.000158187557472199 7.6669986E-06 6.9168186599998E-07 
164 122.503597601 6.4002101987 2.51374971365 0.000158172068066 -5.44715857214E-07 2.16254217628E-08 0.000158173007492743 7.65811164300001E-06 6.9458811900001E-07 
165 122.519414749 6.40015579476 2.51375189138 0.000158170223083 -5.41575395193E-07 2.18763746031E-08 0.000158171151771145 7.64720148400001E-06 6.95457529000003E-07 
166 122.535231706 6.40010166554 2.51375408567 0.000158170984903 -5.37837919479E-07 2.20046873742E-08 0.000158171900851633 7.63541123599998E-06 6.96364605000009E-07 
167 122.551045879 6.40004783476 2.51375629278 0.00015810475569 -5.35512374051E-07 2.21457369177E-08 0.000158105664148161 7.61968633700001E-06 6.95449736999994E-07 
168 122.566853433 6.39999439084 2.51375852343 0.000158053827714 -5.35648223467E-07 2.24850241074E-08 0.000158054736973121 7.62516499899999E-06 6.96494477000017E-07 
169 122.582657849 6.39994122129 2.51376077067 0.000158033230266 -5.30865898336E-07 2.24491869786E-08 0.00015803412350146 7.64021238199998E-06 6.91539535000021E-07 
170 122.59846044 6.39988845955 2.51376302257 0.000158013257517 -5.24469651311E-07 2.25009727542E-08 0.00015801412951329 7.64448806800001E-06 6.91541574000012E-07 
171 122.614260669 6.39983598628 2.51376526613 0.000157994313551 -5.22531391981E-07 2.24493627176E-08 0.000157995179222283 7.64523206199999E-06 6.88577775999994E-07 
172 122.630058818 6.39978360461 2.51376749765 0.00015797279693 -5.22978094364E-07 2.20076491587E-08 0.000157973664135231 7.64094925499999E-06 6.90127985000007E-07 
173 122.645854504 6.3997313021 2.51376966724 0.000157938827816 -5.25703415256E-07 2.13902682245E-08 0.000157939704170663 7.64063697699998E-06 6.92039131999994E-07 
174 122.661646548 6.399679001 2.51377178357 0.00015789347973 -5.2355596894E-07 2.09810389019E-08 0.000157894349146208 7.642717683E-06 6.89251321000015E-07 
175 122.67743252 6.39962660514 2.51377387594 0.000157820294076 -5.22512946915E-07 2.09544838698E-08 0.000157821160435175 7.63702806299998E-06 6.86014256000013E-07 
176 122.693210257 6.39957431161 2.51377597794 0.000157737756192 -5.20996016914E-07 2.10862005683E-08 0.000157738618004483 7.636760227E-06 6.89987481999985E-07 
177 122.708980589 6.39952228174 2.51377808501 0.000157681499144 -5.20483768356E-07 2.10847149779E-08 0.000157682359572076 7.655169764E-06 6.88792139000001E-07 
178 122.724749229 6.39947070949 2.5137802018 0.000157694391857 -5.11825373005E-07 2.125499727E-08 0.00015769522389767 7.674137356E-06 6.88491852999997E-07 
179 122.740520111 6.39941967051 2.51378233145 0.000157727588761 -5.06654021E-07 2.13162193853E-08 0.000157728403938661 7.68770397800001E-06 6.88624540999989E-07 
180 122.756294227 6.39936904501 2.51378447829 0.000157755361273 -5.07156370525E-07 2.16174587812E-08 0.000157756177962302 7.695352105E-06 6.89439265000004E-07 
181 122.772071796 6.3993188261 2.51378663825 0.000157792557616 -4.99423990775E-07 2.15686215335E-08 0.000157793349443272 7.711499602E-06 6.85523968999995E-07 
182 122.787852827 6.39926899836 2.51378878973 0.000157829183136 -4.94964786987E-07 2.14443484598E-08 0.00015782996071525 7.72329521799998E-06 6.82699063999997E-07 
183 122.803637071 6.39921947082 2.51379091745 0.000157858702862 -4.95057056967E-07 2.09748103948E-08 0.000157859480522094 7.72730541200001E-06 6.82896795E-07 
184 122.81942432 6.39917019165 2.51379296924 0.00015788412214 -4.93046298934E-07 1.99911538839E-08 0.000157884893255237 7.74503635200002E-06 6.80302763999988E-07 
185 122.835214214 6.39912102466 2.51379490628 0.00015789436898 -4.91402861933E-07 1.88094421138E-08 0.000157895134776725 7.748414784E-06 6.78634011999987E-07 
186 122.851002996 6.39907178812 2.51379673506 0.000157888545243 -4.90666655827E-07 1.77375127485E-08 0.000157889308654314 7.754833378E-06 6.81210624000001E-07 
187 122.866792369 6.39902264386 2.51379845218 0.000157905027129 -4.89250087083E-07 1.66493868937E-08 0.000157905785946747 7.759649878E-06 6.8255198599999E-07 
188 122.882583445 6.39897370107 2.51380009826 0.00015791850074 -4.9033853279E-07 1.63690680229E-08 0.000157919262839568 7.762786631E-06 6.8255423100002E-07 
189 122.898376153 6.39892503805 2.51380172214 0.000157931890133 -4.86637756987E-07 1.61231724241E-08 0.000157932640696106 7.77989575900001E-06 6.7949885499999E-07 
190 122.914170359 6.39887662038 2.5138033327 0.000157946965838 -4.83081882648E-07 1.60887030138E-08 0.00015794770541031 7.788994798E-06 6.7400270999999E-07 
191 122.929965823 6.39882829977 2.51380494752 0.000157960355677 -4.82071397269E-07 1.62946017657E-08 0.000157961092120656 7.79551869900001E-06 6.71858815000012E-07 
192 122.945762416 6.39878003141 2.51380659132 0.000157972221597 -4.80934644032E-07 1.65230988424E-08 0.000157972954544239 7.80255713900001E-06 6.78836980999993E-07 
193 122.961560126 6.39873184138 2.51380826045 0.000157983888247 -4.80141972931E-07 1.68373617065E-08 0.000157984618762244 7.809496783E-06 6.83614894999982E-07 
194 122.977359007 6.39868373889 2.51380994777 0.000157995149344 -4.79423906162E-07 1.69120110331E-08 0.00015799587763461 7.81630246099999E-06 6.85316975999997E-07 
195 122.993158923 6.3986356149 2.5138116408 0.000158003725904 -4.80877086782E-07 1.6945238111E-08 0.000158004458574624 7.82697204999998E-06 6.84807088000011E-07 
196 123.008959221 6.39858716221 2.51381333933 0.000157995046608 -4.87966626601E-07 1.70277629442E-08 0.000157995801064577 7.83648008E-06 6.82309865999997E-07 
197 123.024757899 6.39853803254 2.51381503751 0.000157971288475 -4.96815479484E-07 1.69383858317E-08 0.00015797207061687 7.844378862E-06 6.86499694000004E-07 
198 123.040555208 6.39848841179 2.51381672503 0.000157971272582 -4.99038021506E-07 1.68039622931E-08 0.000157972061715028 7.853647716E-06 6.85500717000006E-07 
199 123.056351197 6.39843832214 2.51381839966 0.000157961209079 -4.99213832194E-07 1.66910955909E-08 0.00015796199880586 7.871682456E-06 6.88632060999992E-07 
200 123.072147494 6.39838805241 2.51382004644 0.000157971519306 -5.02079794128E-07 1.61041141046E-08 0.000157972318003212 7.88087514599998E-06 6.90202614999995E-07 
201 123.087945249 6.39833741742 2.51382163691 0.000157985223103 -5.07970899508E-07 1.5869256022E-08 0.000157986040538944 7.88989022499999E-06 6.82190453000001E-07 
202 123.103744719 6.39828632185 2.51382321336 0.000158004248978 -5.14087956841E-07 1.55689617333E-08 0.00015800508606979 7.88793967300002E-06 6.82398660000009E-07 
203 123.119545475 6.3982346936 2.51382471779 0.000158015450099 -5.17486987494E-07 1.44944388226E-08 0.000158016298124151 7.90357231799998E-06 6.86605832000005E-07 
204 123.135347577 6.39818247294 2.51382612615 0.000158028462428 -5.24795948217E-07 1.36844527489E-08 0.000158029334414245 7.90725044999999E-06 6.92570688000003E-07 
205 123.151151054 6.3981296461 2.51382745127 0.0001580425991 -5.30416939666E-07 1.28330747536E-08 0.000158043489701731 7.913070896E-06 6.95768076000011E-07 
206 123.16695577 6.39807624868 2.51382866097 0.000158058537361 -5.32946164908E-07 1.13032710138E-08 0.000158059436263949 7.92034875400001E-06 6.97447868999994E-07 
207 123.182762577 6.39802215126 2.51382971029 0.000158090793589 -5.4497095633E-07 9.58684869787E-09 0.00015809173318947 7.91836689600001E-06 6.99691154E-07 
208 123.19857339 6.39796643848 2.51383055104 0.000158140499406 -5.68074176963E-07 7.27822019815E-09 0.00015814151989159 7.92417255600001E-06 6.93114288999991E-07 
209 123.214389835 6.39790863819 2.51383119019 0.000158188535453 -5.84216669993E-07 5.54993156379E-09 0.000158189614351525 7.92165668599999E-06 6.97976127E-07 
210 123.23020969 6.39784955124 2.51383166956 0.000158210740862 -5.97345527863E-07 4.04633691795E-09 0.000158211868588154 7.91225144299999E-06 7.04922211999988E-07 
211 123.246031576 6.39778959108 2.51383200593 0.000158228478265 -6.0548775332E-07 2.81190853661E-09 0.000158229636785856 7.90846559099999E-06 7.07682391999995E-07 
212 123.261855257 6.39772886114 2.51383225265 0.000158251221283 -6.09612804671E-07 2.22072547056E-09 0.000158252395464537 7.910392627E-06 7.10647472000018E-07 
213 123.277680897 6.39766744426 2.51383246544 0.000158265364069 -6.16430576467E-07 2.16633310904E-09 0.000158266564552472 7.90992568100001E-06 7.13914345000001E-07 
214 123.293508164 6.39760552409 2.51383269307 0.000158279910371 -6.19484891884E-07 2.36586276137E-09 0.000158281122671595 7.90438539300002E-06 7.15999494000025E-07 
215 123.30933691 6.39754339932 2.51383458235 0.000158292432487 -6.18332691542E-07 2.04349197358E-08 0.000158293641488074 7.90307727099998E-06 7.25959805000022E-07 
216 123.325165144 6.39748149749 2.51383662039 0.000158277812526 -6.14130864257E-07 2.05220582379E-08 0.000158279005290938 7.89461589799999E-06 7.18823437999999E-07 
217 123.340992501 6.39742016167 2.51383872841 0.000158268640661 -6.13614695663E-07 2.16821865386E-08 0.000158269831647704 7.878933143E-06 7.25477263000012E-07 
218 123.356819017 6.39735932611 2.51384093369 0.000158263626132 -6.0542233094E-07 2.24355277214E-08 0.000158264785710534 7.88253249900002E-06 7.21981916000002E-07 
219 123.372645191 6.39729880712 2.51384320876 0.000158259840762 -6.02514158818E-07 2.28626670221E-08 0.000158260989330999 7.87883608699999E-06 7.24707978999985E-07 
220 123.388471417 6.39723860705 2.5138454946 0.000158260583805 -5.99920332119E-07 2.28414564461E-08 0.000158261722511909 7.87545843900002E-06 7.27006595999986E-07 
221 123.404298691 6.39717851721 2.51384776244 0.000158275975704 -6.04692428093E-07 2.25314667141E-08 0.000158277132415434 7.870747784E-06 7.30056297000022E-07 
222 123.42012704 6.39711823682 2.51385001723 0.000158284744363 -6.06236177981E-07 2.26402220999E-08 0.000158285906930919 7.866275053E-06 7.34551888000018E-07 
223 123.435956219 6.39705797039 2.51385229668 0.00015829287275 -6.02697229867E-07 2.29399230796E-08 0.000158294021787428 7.87147208600002E-06 7.40363273000002E-07 
224 123.451785674 6.39699813636 2.51385456329 0.0001582985811 -5.95676903862E-07 2.23803478998E-08 0.000158299703442954 7.87565816200001E-06 7.42956643999993E-07 
225 123.467613983 6.39693851785 2.51385678533 0.000158218175763 -6.003806528E-07 2.21499347285E-08 0.000158219316422867 7.86368109299999E-06 7.71775819999982E-07 
226 123.483434004 6.39687951961 2.51385899375 0.000158171071145 -5.83887807919E-07 2.20739595541E-08 0.000158172150391239 7.87050384599999E-06 7.48960432000003E-07 
227 123.499247584 6.39682115621 2.51386119153 0.000158129008045 -5.7936486433E-07 2.17558425367E-08 0.000158130070898164 7.86575000800001E-06 7.43657712999992E-07 
228 123.515057034 6.3967631369 2.5138633485 0.000158081722426 -5.75675709255E-07 2.13130199289E-08 0.000158082772059254 7.856797877E-06 7.42201851999986E-07 
229 123.530863261 6.39670531727 2.51386545234 0.000158042809597 -5.73869331194E-07 2.0688769923E-08 0.000158043852836319 7.85013389E-06 7.46689567999987E-07 
230 123.546666326 6.39664777769 2.51386748697 0.000158010763757 -5.71196064553E-07 2.00037371728E-08 0.000158011797433496 7.84477820100002E-06 7.48087583999989E-07 
231 123.562466366 6.3965905098 2.5138694592 0.000157980162242 -5.69267233538E-07 1.95172475818E-08 0.000157981189095774 7.84761185000001E-06 7.47241179000001E-07 
232 123.578264414 6.39653346417 2.51387255294 0.000157959757325 -5.72457577882E-07 4.87186057451E-08 0.000157960802148362 7.842263083E-06 8.16938497000003E-07 
233 123.594060853 6.39647674219 2.51387736288 0.000157946434138 -5.71685417498E-07 4.75492534837E-08 0.000157947475896444 7.825884607E-06 7.87134287999995E-07 
234 123.609854755 6.39642014726 2.5138820682 0.000157929656313 -5.61981808679E-07 4.67155853915E-08 0.000157930663105812 7.85104985000001E-06 7.24804661999997E-07 
235 123.625646934 6.39636366096 2.51388713658 0.000157929833529 -5.60771626858E-07 5.62972082709E-08 0.000157930839143882 7.86668153400001E-06 7.03803338E-07 
236 123.641437804 6.39630721858 2.5138926856 0.000157902680334 -5.6550746046E-07 5.46249338714E-08 0.000157903702424081 7.857388063E-06 6.92168272999999E-07 
237 123.657227039 6.39625084312 2.51389803968 0.000157886341589 -5.63706440208E-07 5.24787711824E-08 0.000157887356616452 7.844859342E-06 7.04520177999984E-07 
238 123.673014826 6.39619450886 2.51390327783 0.000157876801277 -5.62801264078E-07 5.27740335378E-08 0.000157877813234852 7.844098332E-06 6.95636417999998E-07 
239 123.688801349 6.39613813759 2.51390845504 0.000157861010381 -5.62127584021E-07 5.07680235775E-08 0.000157862019381874 7.86743715400001E-06 6.80968045000009E-07 
240 123.704586866 6.39608169515 2.51391344758 0.000157843226063 -5.6724029816E-07 4.89976164836E-08 0.000157844252908675 7.87055836199999E-06 6.80488442999995E-07 
241 123.720371991 6.39602524772 2.51391917264 0.00015787036472 -5.62339749754E-07 7.19949928933E-08 0.000157871382669878 7.88986892799999E-06 7.36356491999997E-07 
242 123.736156881 6.39596882873 2.51392625018 0.000157852654877 -5.61489433815E-07 6.93876043128E-08 0.000157853668746536 7.90543625699998E-06 7.04044466E-07 
243 123.751941517 6.39591246704 2.51393303411 0.000157856314718 -5.6570519021E-07 6.62762705591E-08 0.000157857342278573 7.90860876E-06 6.80735794000002E-07 
244 123.767725842 6.39585592442 2.51393958812 0.00015782573863 -5.67724544113E-07 6.47993411966E-08 0.000157826773027322 7.92555809999999E-06 6.78348602000018E-07 
245 123.78350947 6.39579947329 2.51394598683 0.00015782262205 -5.6548471867E-07 6.32071760642E-08 0.000157823647780842 7.92238700500001E-06 6.80510644999999E-07 
246 123.79929228 6.39574322901 2.51395219989 0.000157817603189 -5.62787665733E-07 6.08701146507E-08 0.000157818618392914 7.93761491900001E-06 6.64509638999993E-07 
247 123.815074457 6.39568723873 2.5139581314 0.000157828059712 -5.56389523379E-07 5.77011903652E-08 0.000157829050973462 7.94616057E-06 6.60554704999989E-07 
248 123.830856135 6.3956315162 2.51396373569 0.000157813380198 -5.58095377053E-07 5.43395146099E-08 0.00015781437638172 7.95528522700001E-06 6.58991871999986E-07 
249 123.846637405 6.39557605834 2.5139690046 0.000157817257365 -5.49976558688E-07 5.09457652837E-08 0.000157818223890325 7.97087314100001E-06 6.60189843999987E-07 
250 123.862418956 6.39552081502 2.51397471001 0.000157838389798 -5.47500102085E-07 7.43200788383E-08 0.000157839356859629 7.94439009400001E-06 7.22271095999989E-07 
251 123.878201393 6.3954658985 2.51398200739 0.000157816144211 -5.493285653E-07 7.16108578318E-08 0.000157817116510266 7.94762052300002E-06 7.17831638000015E-07 
252 123.893983775 6.39541129622 2.51398901218 0.000157835066937 -5.42791215915E-07 6.83961718721E-08 0.000157836015076875 7.95689903999999E-06 6.79304210000003E-07 
253 123.909766236 6.39535697048 2.51399569982 0.000157833499014 -5.41783461653E-07 6.53974643422E-08 0.000157834442429877 7.97258477E-06 6.53953743000004E-07 
254 123.925548861 6.39530294659 2.51400209362 0.000157834961339 -5.35413594423E-07 6.23874012865E-08 0.000157835881791146 7.98868017E-06 6.38037694999997E-07 
255 123.941331577 6.39524918784 2.51400818111 0.000157831352581 -5.38630082246E-07 5.93278772902E-08 0.000157832282818536 7.97838381199999E-06 6.64465752999989E-07 
256 123.957114651 6.39519564829 2.51401398118 0.000157826417559 -5.34815029635E-07 5.67260818417E-08 0.000157827333895216 8.00127189399998E-06 6.66859559999997E-07 
257 123.972898284 6.39514228519 2.51401951481 0.000157848762666 -5.29748928782E-07 5.38733930894E-08 0.000157849660789807 8.02163568700001E-06 6.58412298000001E-07 
258 123.988682516 6.39508904203 2.51402475062 0.000157842500157 -5.33039822724E-07 5.0794762374E-08 0.000157843408374797 8.04598211300001E-06 6.58600214000009E-07 
259 124.004467447 6.39503584056 2.51402967782 0.000157839747994 -5.38336188228E-07 4.77615445721E-08 0.000157840673255743 8.045190392E-06 6.77316288999989E-07 
260 124.020252697 6.39498254514 2.51403428853 0.000157852849075 -5.38656424678E-07 4.44687945327E-08 0.000157853774390454 8.06037954600002E-06 6.81443770000011E-07 
261 124.036039299 6.39492871012 2.51403856279 0.000157863335391 -5.46385391746E-07 4.11026131711E-08 0.000157864286294249 8.08663902699999E-06 6.85445160999992E-07 
262 124.051827426 6.39487442837 2.51404249991 0.000157877735563 -5.46887781199E-07 3.76723655507E-08 0.000157878687263205 8.12182563600001E-06 6.79031136000013E-07 
263 124.067616756 6.39481987782 2.51404609169 0.000157902508289 -5.45006500734E-07 3.44523405661E-08 0.000157903452600022 8.14135640100002E-06 6.76719196E-07 
264 124.083407293 6.39476504432 2.51404945939 0.000157919614009 -5.48074920179E-07 3.31045791498E-08 0.000157920568548821 8.142475419E-06 6.88952185E-07 
265 124.09919903 6.39470990901 2.5140526838 0.000157921777391 -5.52652381252E-07 3.11976337628E-08 0.00015792274748205 8.15641222599999E-06 7.03156387000012E-07 
266 124.114991782 6.39465438794 2.51405566346 0.000157937359204 -5.59534729123E-07 2.8399138856E-08 0.000157938352903775 8.16923736300001E-06 7.03200788000006E-07 
267 124.130785406 6.39459852086 2.51405837052 0.000157941240281 -5.58196063613E-07 2.57910688676E-08 0.000157942228772185 8.199363107E-06 6.95272570999997E-07 
268 124.146579976 6.39454231213 2.5140608243 0.000157944044347 -5.64527351502E-07 2.32814049775E-08 0.000157945054933168 8.20002050200001E-06 7.09582116000012E-07 
269 124.162375693 6.39448563175 2.51406302274 0.000157956430161 -5.72792695363E-07 2.05975739803E-08 0.000157957470051083 8.19475271800001E-06 7.22372150999996E-07 
270 124.178172602 6.3944285118 2.51406494311 0.000157986756741 -5.70586287639E-07 1.81483412015E-08 0.000157987788147103 8.20720161700002E-06 7.05124275E-07 
271 124.193971047 6.39437098672 2.51406691497 0.000157990233407 -5.76697347273E-07 1.94095596303E-08 0.000157991287128625 8.21375894300002E-06 7.07546231999999E-07 
272 124.209770613 6.39431319798 2.51406878144 0.000157989744341 -5.79140109049E-07 1.79280606336E-08 0.00015799080682627 8.202942378E-06 7.25280292999996E-07 
273 124.225569898 6.3942556455 2.51407048843 0.0001579974358 -5.71415909176E-07 1.63383270781E-08 0.000157998469937077 8.19434034500001E-06 7.23786583000014E-07 
274 124.241368816 6.39419829179 2.51407205651 0.000157987972235 -5.73249561239E-07 1.51533879942E-08 0.000157989012958534 8.18515514400001E-06 7.29533571000005E-07 
275 124.257168303 6.39414098185 2.51407354105 0.000157992787536 -5.76479846E-07 1.47035388823E-08 0.000157993839938785 8.180788892E-06 7.21750825000015E-07 
276 124.272968752 6.39408367338 2.51407501887 0.000158013764403 -5.73007606882E-07 1.49582640097E-08 0.000158014804060487 8.181731839E-06 7.13199598999985E-07 
277 124.288771381 6.39402625647 2.51407848176 0.000158042107001 -5.71393826779E-07 4.05113239834E-08 0.000158043145113568 8.13393349000002E-06 7.63057704999991E-07 
278 124.304575104 6.39396874044 2.51408253241 0.000158031638324 -5.78216921053E-07 4.05363879462E-08 0.000158032701329105 8.116300142E-06 7.45374067999985E-07 
279 124.320379497 6.3939111178 2.51408659852 0.00015804176911 -5.76269452857E-07 4.0738419551E-08 0.000158042824985887 8.13324383600001E-06 7.15781765000021E-07 
280 124.336185799 6.39385347469 2.51409277547 0.000158078998933 -5.75169706678E-07 6.89622505941E-08 0.000158080060348049 8.15400176699997E-06 7.57927971000002E-07 
281 124.351993103 6.39379586167 2.51409963221 0.000158080768597 -5.77254398497E-07 6.78949186006E-08 0.000158081837136905 8.13911437799999E-06 7.46895200000021E-07 
282 124.367801127 6.39373827406 2.51410638173 0.000158073393114 -5.80499528178E-07 6.74663189977E-08 0.000158074473404088 8.13733008300002E-06 7.39688005999998E-07 
283 124.383609904 6.39368060237 2.51411311438 0.00015808105276 -5.79408853747E-07 6.71408607991E-08 0.000158082128857834 8.14838905000001E-06 7.18306887999986E-07 
284 124.399419428 6.39362283172 2.51411980445 0.000158108801583 -5.7451776444E-07 6.66138407321E-08 0.00015810985942084 8.14258430900002E-06 7.06592554999998E-07 
285 124.415229631 6.39356495525 2.51412645312 0.000158111786559 -5.77223222365E-07 6.63871239051E-08 0.000158112854135195 8.12160080800002E-06 7.22082453000005E-07 
286 124.431040372 6.39350694596 2.51413305179 0.000158102908313 -5.8148815533E-07 6.51575244544E-08 0.000158103991066028 8.12234895900002E-06 7.28994449000005E-07 
287 124.446851674 6.39344872459 2.51413945838 0.00015811560181 -5.81908682439E-07 6.2940444601E-08 0.000158116685125109 8.12754681399998E-06 7.19060687999999E-07 
288 124.462663368 6.39339034577 2.51414566058 0.000158133174594 -5.81342515249E-07 6.12059284916E-08 0.000158134255025476 8.11929048999998E-06 7.19228208000014E-07 
289 124.478475716 6.39333184551 2.51415246664 0.000158129805798 -5.8711475438E-07 7.11809457023E-08 0.000158130911754075 8.076510328E-06 7.43148720000009E-07 
290 124.494288445 6.39327334827 2.51415948185 0.000158118551214 -5.87557666057E-07 6.9189452567E-08 0.00015811965801002 8.09021885200001E-06 7.38643362999992E-07 
291 124.510101337 6.39321483794 2.51416629226 0.000158130432929 -5.83037689854E-07 6.69610600228E-08 0.000158131521952596 8.106012303E-06 7.21406427000015E-07 
292 124.52591449 6.39315624098 2.51417287644 0.000158138899214 -5.84370979436E-07 6.46780410765E-08 0.000158139992150329 8.09831944099999E-06 7.25440434999998E-07 
293 124.541727813 6.39309747002 2.51417923215 0.000158134883234 -5.87781628975E-07 6.24045774123E-08 0.000158135987924967 8.08192427600001E-06 7.42660153000001E-07 
294 124.557541188 6.39303856342 2.51418534104 0.000158119605388 -5.96609237126E-07 5.96902801803E-08 0.000158120742199018 8.076684943E-06 7.49592878999993E-07 
295 124.573354418 6.3929795187 2.51419115749 0.000158126810289 -5.89830143338E-07 5.66103652124E-08 0.000158127920483717 8.10315172200001E-06 7.31602337999997E-07 
296 124.589167545 6.3929204343 2.51419665389 0.000158130432789 -5.88604684315E-07 5.32886908745E-08 0.000158131537237818 8.10344497E-06 7.31529349000008E-07 
297 124.604980487 6.39286138978 2.51420183992 0.000158122313914 -5.92080436319E-07 5.0419570521E-08 0.000158123430455115 8.08796461099998E-06 7.45718423999999E-07 
298 124.62079305 6.39280230989 2.51420670989 0.000158123131259 -5.92299324945E-07 4.70315736045E-08 0.0001581242475701 8.085006034E-06 7.55955128999995E-07 
299 124.63660522 6.39274316813 2.5142112504 0.000158134371134 -5.87160971357E-07 4.37609648384E-08 0.000158135467264539 8.108199327E-06 7.3774296900002E-07 
300 124.652417129 6.3926839794 2.51421548066 0.000158116533531 -5.94124837379E-07 4.0864254585E-08 0.000158117655023307 8.110576615E-06 7.43507286000007E-07 
301 124.668228602 6.39262466742 2.51421946229 0.000158103740899 -5.94782261968E-07 3.89123727492E-08 0.000158104864461439 8.11695822300001E-06 7.62746368000001E-07 
302 124.684039979 6.39256529781 2.51422324847 0.00015812128681 -5.94604633635E-07 3.68700882643E-08 0.000158122409090312 8.123797619E-06 7.65999977999992E-07 
303 124.699850832 6.39250589424 2.51422682284 0.000158113202461 -5.90430835715E-07 3.46219221959E-08 0.000158114308649541 8.16328360499999E-06 7.45752923999996E-07 
304 124.715658612 6.39244631382 2.51423019436 0.000158050916083 -5.98839447244E-07 3.28434564546E-08 0.000158052053963407 8.16747633100001E-06 7.59551009999994E-07 
305 124.731463101 6.39238658716 2.51423340134 0.000158047804599 -5.93825421826E-07 3.12687098613E-08 0.000158048923264056 8.189462008E-06 7.45956263000012E-07 
306 124.747265091 6.39232666256 2.51423644259 0.000157993427655 -6.02235575867E-07 2.93365670738E-08 0.000157994578168046 8.19750325600001E-06 7.61088803000003E-07 
307 124.763065346 6.3922666742 2.51423929134 0.000157995419491 -5.99853214868E-07 2.77875509926E-08 0.000157996560646631 8.21114477799999E-06 7.49398051000014E-07 
308 124.778864439 6.39220655924 2.51424200317 0.00015796684355 -6.00148808529E-07 2.63974141283E-08 0.000157967985796382 8.22726575899999E-06 7.62970276999985E-07 
309 124.794662685 6.39214633725 2.51424462222 0.000158000996167 -5.95713385747E-07 2.62999459659E-08 0.000158002121365156 8.236877227E-06 7.47824401999979E-07 
310 124.810460623 6.39208607088 2.51424728484 0.000157968867062 -6.07499510514E-07 2.69415425516E-08 0.000157970037482916 8.22274457000001E-06 7.7877580799998E-07 
311 124.826258029 6.39202575575 2.51424999 0.000157952767747 -6.03481585662E-07 2.71461787464E-08 0.000157953922920189 8.252007855E-06 7.58363122000007E-07 
312 124.842055269 6.39196545644 2.5142527244 0.000157993710564 -6.00756390603E-07 2.75949635326E-08 0.000157994855129855 8.25498303200001E-06 7.47726448999993E-07 
313 124.857852489 6.39190509823 2.51425553337 0.000157989513066 -6.01125614768E-07 2.84897393617E-08 0.00015799065922548 8.26338495400002E-06 7.45726672000019E-07 
314 124.873649812 6.39184475878 2.51425844369 0.000157965021838 -6.08412988398E-07 2.97039721924E-08 0.000157966196298354 8.25339517100001E-06 7.78822235000001E-07 
315 124.889448001 6.39178398323 2.51426145186 0.000157989018576 -6.13490901012E-07 3.04871747254E-08 0.000157990212643572 8.27939249200001E-06 7.48615045999984E-07 
316 124.905249495 6.39172267136 2.51426454066 0.000158014655787 -6.11764861502E-07 3.11955797526E-08 0.000158015843107247 8.287525306E-06 7.46750868999989E-07 
317 124.921052781 6.39166127937 2.51426769346 0.000158057746084 -6.11579932899E-07 3.18894412731E-08 0.00015805893250337 8.283847966E-06 7.4520129599999E-07 
318 124.936857874 6.39159971504 2.51427309396 0.000158010242737 -6.28046878459E-07 6.05421407553E-08 0.00015801150248649 8.31861463500001E-06 7.94744146000008E-07 
319 124.95266484 6.39153772252 2.51427917693 0.000158062584711 -6.28855344046E-07 6.11727786619E-08 0.000158063847500542 8.32088151200001E-06 7.87416718999996E-07 
320 124.968473908 6.39147524182 2.51428532259 0.000158104873205 -6.3194470744E-07 6.50777136684E-08 0.000158106149533759 8.32126348199999E-06 7.81373292999991E-07 
321 124.984284504 6.39141232365 2.5142918158 0.00015808839365 -6.29387879521E-07 6.4700546322E-08 0.000158089659757053 8.35968527900001E-06 7.56330011999991E-07 
322 125.000096245 6.39134899837 2.5142982625 0.00015813242462 -6.36202791569E-07 6.41579301903E-08 0.000158133717424311 8.35801143999999E-06 7.40129364999991E-07 
323 125.015908664 6.39128511032 2.51430465076 0.000158121260774 -6.3820323128E-07 6.34830143248E-08 0.000158122561458562 8.37935769899999E-06 7.35978628999993E-07 
324 125.031721114 6.39122045871 2.51431096644 0.000158135636673 -6.56703940256E-07 6.28467319366E-08 0.000158137012731846 8.35727667100001E-06 7.60369760000002E-07 
325 125.047534693 6.39115485875 2.51431720918 0.000158150309875 -6.53834003351E-07 6.19892417934E-08 0.000158151673576755 8.39843566700002E-06 7.33320970000003E-07 
326 125.063349012 6.39108857858 2.51432337277 0.00015812748047 -6.67875458728E-07 6.12925057059E-08 0.000158128902779314 8.39610609799999E-06 7.44878947000013E-07 
327 125.079163669 6.39102170592 2.5143294439 0.000158157766088 -6.66481081022E-07 6.00715179988E-08 0.000158159181774455 8.404059906E-06 7.34973241000008E-07 
328 125.094976759 6.39095454279 2.51433537115 0.000158110352226 -6.74014892986E-07 5.8431279002E-08 0.000158111799658723 8.40472707800002E-06 7.53123233000015E-07 
329 125.110788348 6.39088701703 2.51434110684 0.000158128769569 -6.75874729311E-07 5.62689805329E-08 0.000158130223987237 8.41993092800001E-06 7.29222677999994E-07 
330 125.126599228 6.39081878292 2.51434663625 0.000158135885683 -6.85604345119E-07 5.44001106311E-08 0.000158137381265269 8.426691874E-06 7.35172715999975E-07 
331 125.142409954 6.39074973566 2.51435198743 0.000158117256441 -6.95087591157E-07 5.2646031646E-08 0.000158118793009538 8.42120548000001E-06 7.54847121000002E-07 
332 125.158218446 6.39068007166 2.51435715941 0.000158054273276 -6.9386037451E-07 5.06480308782E-08 0.000158055804411755 8.43643862000001E-06 7.37348376999994E-07 
333 125.174017121 6.39060977848 2.51436209944 0.000157940752884 -7.03517360159E-07 4.79003242142E-08 0.000157942326982611 8.43377188599999E-06 7.43431708999999E-07 
334 125.189807435 6.3905389899 2.51436672433 0.000157849578689 -7.11668092457E-07 4.44781087205E-08 0.000157851189232361 8.413249224E-06 7.73545245999989E-07 
335 125.205591337 6.3904678472 2.51437098546 0.000157747429513 -7.19195496003E-07 4.07651161211E-08 0.000157749074234732 8.407842095E-06 7.91384876000007E-07 
336 125.221369105 6.3903964492 2.51437487508 0.000157724882866 -7.10907348835E-07 3.70269695308E-08 0.000157726489326773 8.41861251700001E-06 7.49388372999995E-07 
337 125.237141726 6.39032494674 2.51437844027 0.000157709437497 -7.10487175027E-07 3.43829343037E-08 0.000157711041623065 8.40935445899999E-06 7.39759160000008E-07 
338 125.252909644 6.39025352259 2.51438177507 0.000157608151447 -7.1893520898E-07 3.22834062627E-08 0.000157609794469105 8.37571845000001E-06 7.82504622999996E-07 
339 125.268673184 6.39018220389 2.51438493085 0.000157659502228 -7.09353806071E-07 3.09283435243E-08 0.000157661101043236 8.37181125999998E-06 7.60783317999995E-07 
340 125.284432542 6.39011084563 2.51438795767 0.000157569830281 -7.09214639615E-07 2.97422895673E-08 0.000157571429151328 8.37508336100002E-06 7.56059545999998E-07 
341 125.300188748 6.39003953514 2.51439090511 0.00015758790677 -7.12104697601E-07 2.91726698612E-08 0.000157589518383347 8.36208542E-06 7.51410106999989E-07 
342 125.315943001 6.38996793069 2.51439379481 0.000157535525089 -7.22093818173E-07 2.87748938246E-08 0.000157537182634906 8.34446466000001E-06 7.85711033000002E-07 
343 125.331694577 6.38989627101 2.51439668896 0.000157528219594 -7.16052312783E-07 2.9070980393E-08 0.000157529849693612 8.34499070199998E-06 7.81317431000015E-07 
344 125.347443453 6.3898247036 2.51439958183 0.000157464396047 -7.22307740165E-07 2.87328769842E-08 0.000157466055315094 8.32175094299999E-06 8.11166925000003E-07 
345 125.363189245 6.38975334051 2.51440243312 0.000157486214993 -7.06035541411E-07 2.83820861476E-08 0.000157487800176871 8.34469497599998E-06 7.77195494999999E-07 
346 125.378931778 6.38968236626 2.51440523896 0.000157411053937 -7.06675982783E-07 2.75540574785E-08 0.000157412642604487 8.32790730699999E-06 7.90528228999981E-07 
347 125.394671948 6.38961176341 2.51441044272 0.000157401169115 -7.04959915089E-07 5.5935395329E-08 0.000157402757714149 8.24648547E-06 8.34008510999996E-07 
348 125.410408187 6.38954163222 2.51441597178 0.000157359198341 -6.97821517929E-07 5.48844340575E-08 0.000157360755176423 8.25129439399998E-06 8.0978361900001E-07 
349 125.426141407 6.38947170329 2.51442141923 0.00015732829147 -7.0061276998E-07 5.39744925113E-08 0.000157329860701548 8.25294062199998E-06 8.09665477000002E-07 
350 125.441872337 6.38940178754 2.51442675226 0.000157292616751 -7.05020978291E-07 5.26940374018E-08 0.000157294205600901 8.20943446E-06 8.48597276999983E-07 
351 125.457601114 6.38933183027 2.51443195741 0.000157238357859 -7.02981604449E-07 5.15990507113E-08 0.000157239937763258 8.21712124499999E-06 8.25520936999978E-07 
352 125.473328059 6.38926182411 2.5144370809 0.000157214247887 -7.05886799364E-07 5.08720996399E-08 0.000157215840813892 8.20253150199998E-06 8.39548317999983E-07 
353 125.489053174 6.38919184715 2.51444213218 0.000157211022564 -7.0728208578E-07 5.02661127313E-08 0.000157212621599697 8.175526912E-06 8.55162329000005E-07 
354 125.504776387 6.38912188206 2.51444711831 0.000157230974838 -7.00414269639E-07 4.94655551007E-08 0.000157232542673258 8.19938798199998E-06 8.03759962999986E-07 
355 125.520497939 6.38905187227 2.51445202308 0.000157195187743 -6.99734309481E-07 4.85115519929E-08 0.000157196752609688 8.18402883300001E-06 8.11819297999997E-07 
356 125.53621798 6.38898176227 2.51445683095 0.000157193705204 -7.05406086628E-07 4.76750864419E-08 0.000157195295179032 8.15389669699999E-06 8.29487612999987E-07 
357 125.551936278 6.38891147597 2.5144615523 0.000157182015726 -7.02196180842E-07 4.67979448658E-08 0.000157183591183089 8.15435050100001E-06 8.33227033000009E-07 
358 125.567652933 6.3888410574 2.51446617968 0.000157189057445 -7.00834664427E-07 4.58163832436E-08 0.000157190626466133 8.16261571900002E-06 8.02166301000013E-07 
359 125.583367855 6.38877056716 2.5144707231 0.000157098786785 -7.12344354041E-07 4.50949153186E-08 0.000157100408266016 8.135743633E-06 8.34511987000009E-07 
360 125.59908099 6.38870002909 2.51447521817 0.000157124971382 -7.0182534913E-07 4.48846848802E-08 0.000157126545196061 8.121259427E-06 8.27336167999996E-07 
361 125.614792482 6.38862950899 2.51447966383 0.000157123310621 -7.0229999359E-07 4.40015418972E-08 0.000157124886322695 8.12160634899999E-06 7.96761912999987E-07 
362 125.630502306 6.38855898626 2.51448402575 0.000157101598166 -6.98939714413E-07 4.31537423285E-08 0.000157103158864745 8.11458157000001E-06 7.99301153000002E-07 
363 125.646210649 6.3884884153 2.51448828213 0.00015708204396 -7.00858013384E-07 4.16769067138E-08 0.000157083613001391 8.10931659300001E-06 8.10399051999982E-07 
364 125.661917278 6.38841760961 2.51449236368 0.000157024489385 -7.15268570564E-07 4.00794439644E-08 0.000157026123565825 8.11633256800001E-06 8.31557451999999E-07 
365 125.677621053 6.38834650224 2.51449630497 0.000157033361445 -7.14295364284E-07 3.88085713346E-08 0.000157034990784502 8.12897467500001E-06 8.27579051000004E-07 
366 125.693320748 6.3882751612 2.51450011798 0.000156976552004 -7.10174027293E-07 3.73736995734E-08 0.00015697816288582 8.15930466000001E-06 8.08644325000021E-07 
367 125.709016753 6.38820382701 2.51450379256 0.000156919295324 -7.16923426516E-07 3.6220992808E-08 0.000156920937214065 8.14640381799998E-06 8.48105575999999E-07 
368 125.724710076 6.38813259381 2.51450878306 0.000156921908764 -7.11511906803E-07 5.72110333314E-08 0.000156923532245591 8.13085321999999E-06 8.3102593499999E-07 
369 125.74040288 6.38806129596 2.51451441878 0.000156911490561 -7.20281413889E-07 5.56524458629E-08 0.000156913153599642 8.12927859E-06 8.55120359999979E-07 
370 125.756095184 6.38798973263 2.51451988957 0.000156913170652 -7.13760107957E-07 5.37755272695E-08 0.000156914803219335 8.18051773699999E-06 8.07939986000001E-07 
371 125.771785266 6.38791819506 2.51452516655 0.0001568982266 -7.13135549212E-07 5.15362803168E-08 0.00015689985573137 8.19936081200001E-06 8.12061766999981E-07 
372 125.787473058 6.38784699712 2.51453015426 0.000156877185411 -7.15388962727E-07 4.81641151337E-08 0.000156878823949019 8.19733926000002E-06 8.29098483999996E-07 
373 125.803159562 6.38777597915 2.51453478607 0.000156842559453 -7.15133539465E-07 4.4571276835E-08 0.000156844196125792 8.19307913999998E-06 8.58499636999997E-07 
374 125.818845055 6.38770508691 2.51453903125 0.000156828515683 -7.1429384627E-07 4.04690023423E-08 0.000156830147563445 8.225261816E-06 8.28932982999993E-07 
375 125.834529628 6.38763430332 2.51454288731 0.000156810228112 -7.11419122953E-07 3.68017216249E-08 0.000156811846210906 8.23736645499999E-06 8.35432572999991E-07 
376 125.850213409 6.38756357841 2.51454639841 0.000156807495634 -7.14004720715E-07 3.36005680731E-08 0.000156809124794274 8.22955716299999E-06 8.55911361000004E-07 
377 125.865896286 6.38749300415 2.51454960744 0.000156830263563 -7.10754705122E-07 3.06878194642E-08 0.000156831877127175 8.263055866E-06 8.32014004000008E-07 
378 125.881578315 6.38742263602 2.51455257726 0.000156825415232 -7.00896549641E-07 2.89786332014E-08 0.000156826984152676 8.297501014E-06 8.12596892999998E-07 
379 125.897259579 6.38735251623 2.51455540387 0.000156828378666 -6.93152892941E-07 2.75052176467E-08 0.000156829912875307 8.31304603799999E-06 7.97998926999982E-07 
380 125.912941321 6.3872826226 2.5145598713 0.000156780711448 -7.07007903343E-07 6.09540840106E-08 0.000156782317426797 8.34893741100002E-06 8.67115191999999E-07 
381 125.92862326 6.38721303685 2.51456585384 0.000156828327385 -6.92332534196E-07 5.86813343401E-08 0.000156829866537639 8.38519618500002E-06 8.15356554000014E-07 
382 125.944304454 6.38714369229 2.51457161202 0.000156811626588 -6.87439782413E-07 5.65326301923E-08 0.000156813143589965 8.38069933199999E-06 8.26362629999998E-07 
383 125.959985121 6.38707450471 2.51457716907 0.000156814927269 -6.93202704161E-07 5.44676112999E-08 0.000156816468877129 8.401446691E-06 8.16819115999991E-07 
384 125.975665197 6.38700539138 2.51458251003 0.000156774116077 -6.90761673793E-07 5.24336213863E-08 0.000156775646618661 8.38752333100001E-06 8.38260037999998E-07 
385 125.991344727 6.38693624482 2.51458765635 0.00015681663 -6.88941745219E-07 5.04165942803E-08 0.00015681815145932 8.405826481E-06 8.03802813999997E-07 
