0 116.75394971 17.6270739938 2.51339501879 0.00015939104983 -9.44815805901E-06 3.15085377243E-08 0.000159670834686255 -1.35715288999998E-06 5.9230024999999E-07 
1 116.769898623 17.6261297118 2.5133981424 0.00015957566179 -9.42698227978E-06 3.09536119067E-08 0.000159853873236609 -1.35531657599998E-06 5.83104514999998E-07 
2 116.785865046 17.6251875263 2.51340120256 0.000159738517224 -9.4047349407E-06 3.03053439595E-08 0.000160015136292292 -1.35796151799999E-06 5.77484997000004E-07 
3 116.801846589 17.6242476199 2.5134042186 0.000159877366618 -9.38013029373E-06 3.00315387188E-08 0.000160152302833668 -1.36118166500001E-06 5.71350078000001E-07 
4 116.81784085 17.623311014 2.51340720493 0.000159997012251 -9.34584917192E-06 2.96507878437E-08 0.000160269740453899 -1.36026847599998E-06 5.67125843999999E-07 
5 116.833846035 17.6223775562 2.51341015426 0.000160097305404 -9.31762003844E-06 2.92840700209E-08 0.000160368220350415 -1.36134831699999E-06 5.67402217000005E-07 
6 116.849860185 17.621447021 2.51341305685 0.000160172771782 -9.28261549443E-06 2.87594065797E-08 0.000160441530153042 -1.356005121E-06 5.65727039E-07 
7 116.865880398 17.620520782 2.5134159001 0.00016022079367 -9.2285087253E-06 2.79896088793E-08 0.000160486351073715 -1.37656991400001E-06 5.64077529999988E-07 
8 116.881902985 17.6196040357 2.5134186489 0.000160232286825 -9.10844663805E-06 2.69501402735E-08 0.000160490966311619 -1.38668331099999E-06 5.63274185999996E-07 
9 116.897927405 17.6186989938 2.51342131028 0.000160262860191 -8.99363612751E-06 2.64373925126E-08 0.000160515016575801 -1.41140352800001E-06 5.63673735000001E-07 
10 116.913953352 17.6178077991 2.51342394199 0.000160263591574 -8.84783854399E-06 2.62511870117E-08 0.000160507643806216 -1.42708665500001E-06 1.09161178500001E-06 
11 116.929979653 17.6169288786 2.51342656221 0.000160261218903 -8.7343704888E-06 2.61422970471E-08 0.000160499059796407 -1.437464591E-06 1.08785265400002E-06 
12 116.946005274 17.6160603323 2.51342916856 0.000160249997944 -8.63970321122E-06 2.59365351359E-08 0.000160482731112521 -1.44193702100002E-06 1.081527906E-06 
13 116.962030168 17.6151995485 2.51343176026 0.00016025072373 -8.57396164919E-06 2.59677403139E-08 0.000160479930049443 -1.44253194800002E-06 1.09229110800002E-06 
14 116.978057938 17.6143463889 2.51343436426 0.000160319793854 -8.48605751941E-06 2.61162810353E-08 0.000160544231150396 -1.45843332600003E-06 1.12000150200001E-06 
15 116.994094646 17.6135035159 2.51343698392 0.000160413808473 -8.37359033825E-06 2.62897638326E-08 0.000160632212383186 -1.47610266000001E-06 9.35605970000012E-08 
16 117.010141281 17.6126707921 2.51343962454 0.00016051138249 -8.27898589182E-06 2.64987994779E-08 0.00016072475297363 -1.47460098800001E-06 6.28398002000004E-07 
17 117.026197007 17.6118464561 2.51344228287 0.000160601291948 -8.21197603782E-06 2.66721668906E-08 0.000160811107319168 -1.474640354E-06 6.22148355000006E-07 
18 117.042260104 17.6110276168 2.5134449591 0.000160655868594 -8.16795148255E-06 2.68513982347E-08 0.00016086337142467 -1.47432545799999E-06 6.05710188E-07 
19 117.058327586 17.6102125961 2.51344765473 0.000160691479362 -8.13385638393E-06 2.70684520486E-08 0.000160897209086807 -1.48226285800001E-06 5.9192417299999E-07 
20 117.074397061 17.6094002568 2.51345036669 0.000160695533425 -8.11389094156E-06 2.70740711771E-08 0.000160900249912678 -1.48268334600001E-06 5.66946513999984E-07 
21 117.090466735 17.6085897662 2.5134530605 0.00016069878999 -8.09565652612E-06 2.67832637761E-08 0.000160902583808285 -1.48688684299998E-06 5.61176061000004E-07 
22 117.106537054 17.6077812174 2.51345571918 0.000160708225935 -8.0748021155E-06 2.64378480702E-08 0.000160910959885706 -1.496589097E-06 5.63941938999999E-07 
23 117.122608556 17.6069749224 2.51345834876 0.000160722233317 -8.04987398009E-06 2.6125765514E-08 0.000160923700666046 -1.50045538700001E-06 5.71391215000003E-07 
24 117.138681819 17.6061711229 2.51346092771 0.000160742288637 -8.02525678131E-06 2.52705844402E-08 0.000160942501351473 -1.50554655799998E-06 5.84536253999979E-07 
25 117.154757168 17.605369536 2.51346338595 0.000160765645245 -8.00727285516E-06 2.39430009883E-08 0.000160964933084462 -1.50561155900001E-06 5.89505204000003E-07 
26 117.170835133 17.6045696238 2.51346573426 0.000160793833599 -7.99081837459E-06 2.30909948063E-08 0.000160992268867026 -1.50910365999998E-06 5.92412848999992E-07 
27 117.186916561 17.6037707436 2.51346800603 0.000160830084639 -7.9825700329E-06 2.23542483731E-08 0.00016102806602897 -1.51788457500001E-06 5.92869099999999E-07 
28 117.203001087 17.6029731833 2.51347021514 0.000160860718376 -7.96700214565E-06 2.18753631336E-08 0.000161057891201155 -1.52538931699999E-06 5.94511155000002E-07 
29 117.219088831 17.6021773637 2.51347237133 0.000160894160889 -7.94899266477E-06 2.12760557528E-08 0.000161090403020262 -1.53324266900001E-06 5.96907476000004E-07 
30 117.235179875 17.6013835187 2.51347447448 0.000160927096467 -7.92840555752E-06 2.08009676713E-08 0.000161122284072266 -1.53841021800002E-06 5.99468513000015E-07 
31 117.251274368 17.6005915675 2.51347653904 0.000160963060296 -7.91101539171E-06 2.05266206958E-08 0.000161157349710535 -1.54319621500001E-06 6.04031499999979E-07 
32 117.267372581 17.5998012381 2.51347858963 0.000161001496737 -7.89621958726E-06 2.05271948671E-08 0.00016119501436673 -1.55086623600001E-06 6.06128367E-07 
33 117.283474789 17.5990122204 2.51348065612 0.000161042704395 -7.88405987691E-06 2.08091792409E-08 0.000161235577562832 -1.55833023600001E-06 6.07302541999987E-07 
34 117.299581101 17.5982244999 2.51348275474 0.000161083505386 -7.87003059671E-06 2.12466208074E-08 0.000161275644597855 -1.566009048E-06 6.09416930999999E-07 
35 117.315691444 17.5974382145 2.51348491519 0.000161123122885 -7.85574803989E-06 2.19388044609E-08 0.000161314518834456 -1.573695974E-06 6.09812790999998E-07 
36 117.331805583 17.5966533672 2.51348714232 0.000161159219159 -7.84113514402E-06 2.25602154375E-08 0.00016134986157183 -1.58199174599998E-06 6.18639655000002E-07 
37 117.347923329 17.595869979 2.51348941527 0.000161195740752 -7.82647659177E-06 2.28820522452E-08 0.000161385628529977 -1.59058171100002E-06 6.19212191999989E-07 
38 117.364044675 17.5950880878 2.51349171185 0.000161230687017 -7.81114414244E-06 2.30271265848E-08 0.000161419791038882 -1.59743650999999E-06 6.17368469000006E-07 
39 117.3801694 17.594307774 2.51349402038 0.000161263611351 -7.7952387272E-06 2.3137364848E-08 0.000161451908096864 -1.60342185499999E-06 6.16669473000009E-07 
40 117.396297396 17.5935290062 2.51349633695 0.000161296503673 -7.77993130516E-06 2.32185057753E-08 0.0001614840238765 -1.60748918399999E-06 6.15496077000015E-07 
41 117.412428694 17.5927517974 2.5134986676 0.0001613297255 -7.76437319546E-06 2.34045144383E-08 0.000161516458507469 -1.60865311999998E-06 6.15746031999991E-07 
42 117.428563344 17.5919761553 2.5135010193 0.000161362214933 -7.7476306884E-06 2.3634886404E-08 0.000161548106605975 -1.60405319800001E-06 6.17782659999999E-07 
43 117.444701183 17.5912021551 2.51350339001 0.00016139498689 -7.73246650959E-06 2.37498284756E-08 0.000161580114480711 -1.598940925E-06 6.19091791999988E-07 
44 117.460842373 17.5904296785 2.51350576867 0.000161428884689 -7.71701327904E-06 2.38307308125E-08 0.000161613234834858 -1.59761619999998E-06 6.19830260999995E-07 
45 117.476987361 17.5896581983 2.51350815638 0.000161472675771 -7.72008956701E-06 2.38725414129E-08 0.000161657122866477 -1.611634996E-06 6.1173715499999E-07 
46 117.49313686 17.5888851486 2.51351052688 0.000161517067064 -7.7413079106E-06 2.3469567216E-08 0.000161702477878182 -1.62753649E-06 6.1299316899999E-07 
47 117.509290754 17.5881099595 2.51351284812 0.000161560075093 -7.76232934219E-06 2.29384043458E-08 0.000161746444001229 -1.64051558199999E-06 6.12925033000001E-07 
48 117.525448292 17.587332867 2.51351510434 0.000161589369456 -7.7787266896E-06 2.22236560495E-08 0.000161776492124134 -1.64971059800001E-06 6.11813788000011E-07 
49 117.541608524 17.5865543361 2.51351729908 0.000161614598322 -7.79157969342E-06 2.17539638131E-08 0.00016180231017552 -1.65875419200001E-06 6.12076217999997E-07 
50 117.557771093 17.5857746932 2.51351947412 0.000161636621361 -7.80051176991E-06 2.17838028632E-08 0.00016182473798343 -1.667762125E-06 6.08683490999995E-07 
51 117.573935776 17.5849943322 2.51352165319 0.000161657132966 -7.80602550978E-06 2.17647188352E-08 0.000161845491586109 -1.676660519E-06 6.05807173999987E-07 
52 117.590102486 17.5842135636 2.51352383086 0.000161676944925 -7.8088887503E-06 2.18035787756E-08 0.000161865418601973 -1.68305691699999E-06 6.04479135999996E-07 
53 117.606271149 17.5834326213 2.51352601289 0.000161695818153 -7.80973815638E-06 2.18555350006E-08 0.000161884310839265 -1.694589011E-06 6.03997069000017E-07 
54 117.622441689 17.5826517127 2.51352819965 0.00016171456482 -7.80807281471E-06 2.18721145374E-08 0.000161902955360275 -1.69849666100002E-06 6.04412074E-07 
55 117.638613958 17.5818710935 2.51353038455 0.000161731216399 -7.80361364922E-06 2.18036310009E-08 0.000161919372587979 -1.704359772E-06 6.05499354999989E-07 
56 117.654787937 17.5810910115 2.51353255657 0.000161748090111 -7.79765327128E-06 2.16198272636E-08 0.000161935939551763 -1.70984972100002E-06 6.05536259E-07 
57 117.670963541 17.5803116183 2.51353470184 0.000161764079704 -7.78982689787E-06 2.12560350219E-08 0.000161951533914934 -1.713358818E-06 6.03444811999985E-07 
58 117.687140602 17.5795330409 2.51353681473 0.000161776920193 -7.78135916473E-06 2.09665018841E-08 0.000161963952462198 -1.72067413599998E-06 6.0517464000001E-07 
59 117.703318876 17.5787554507 2.51353889101 0.000161787354387 -7.7706590931E-06 2.05400428813E-08 0.000161973860867052 -1.724985709E-06 6.05001225999999E-07 
60 117.719498071 17.5779789657 2.51354092258 0.000161797204834 -7.75860784008E-06 2.01101003315E-08 0.000161983122244657 -1.724829943E-06 5.99788763999996E-07 
61 117.735678028 17.5772036664 2.51354291301 0.000161804774533 -7.7459161872E-06 1.9697864771E-08 0.00016199007582954 -1.72968207400002E-06 5.9999869899999E-07 
62 117.751858753 17.5764297034 2.51354485828 0.000161812192319 -7.73261717027E-06 1.92176232317E-08 0.000161996849724617 -1.73366209600001E-06 5.98752956000023E-07 
63 117.768040379 17.5756571442 2.51354675167 0.000161821781601 -7.71815652785E-06 1.86506044296E-08 0.000162005738443288 -1.73560592000002E-06 5.97478427999984E-07 
64 117.78422311 17.5748859733 2.51354858234 0.000161833461275 -7.70536637403E-06 1.79867579836E-08 0.000162016795989578 -1.73306874599999E-06 5.95352552000008E-07 
65 117.800407104 17.5741161444 2.51355036214 0.00016184672479 -7.69071701585E-06 1.76435975414E-08 0.000162029348467382 -1.729285845E-06 5.93448574000006E-07 
66 117.816592473 17.573347876 2.51355211197 0.000161860813641 -7.67470862171E-06 1.73377967824E-08 0.000162042662424295 -1.72565608200001E-06 5.92705762999987E-07 
67 117.832779307 17.5725811947 2.51355383295 0.000161875735082 -7.65908250271E-06 1.7031950849E-08 0.000162056827820393 -1.72067160999999E-06 5.92451735999976E-07 
68 117.848967618 17.5718160364 2.51355551216 0.000161890276467 -7.64441676545E-06 1.65797776172E-08 0.000162070660506875 -1.71552330500001E-06 5.89443153999991E-07 
69 117.865157378 17.5710522744 2.51355714235 0.000161905460805 -7.63068564216E-06 1.59208585468E-08 0.000162085180862788 -1.70999599699998E-06 5.86494757000001E-07 
70 117.88134874 17.5702899023 2.51355868809 0.000161921754224 -7.61687567242E-06 1.4961023964E-08 0.000162100806629143 -1.70392504399998E-06 5.85801082000019E-07 
71 117.897541758 17.5695288411 2.51356015383 0.000161937787106 -7.60456105605E-06 1.4468698354E-08 0.000162116243637048 -1.69903332299998E-06 5.79263720000003E-07 
72 117.913736291 17.5687689544 2.5135615924 0.000161953087987 -7.59339658726E-06 1.43584182417E-08 0.000162131004395891 -1.69822127899999E-06 5.73389963999998E-07 
73 117.929932348 17.5680102113 2.51356302802 0.000161967320266 -7.58025395325E-06 1.4337969942E-08 0.000162144606107395 -1.697466992E-06 5.71121395000001E-07 
74 117.946129801 17.5672529899 2.51356445824 0.000161982343501 -7.56428395172E-06 1.42323503275E-08 0.000162158867165314 -1.697160652E-06 5.73540428000009E-07 
75 117.962328993 17.5664973364 2.51356588495 0.000162002126705 -7.54941790862E-06 1.43487175432E-08 0.000162177936149119 -1.69230825800001E-06 5.80609383000005E-07 
76 117.978530291 17.5657429032 2.51356732918 0.000162023187626 -7.53938651635E-06 1.4539557658E-08 0.000162198507665551 -1.68749688400001E-06 5.79828447000002E-07 
77 117.994733524 17.5649894344 2.51356879651 0.000162041126878 -7.52966192475E-06 1.48193055885E-08 0.000162215975872307 -1.68542566E-06 5.77932199000017E-07 
78 118.010938443 17.5642370515 2.51357029365 0.000162055991898 -7.5181046988E-06 1.50969704535E-08 0.000162230288898915 -1.685228541E-06 5.78277462999998E-07 
79 118.027144574 17.5634858013 2.51357181276 0.000162066616141 -7.50694633637E-06 1.52911063192E-08 0.000162240385060284 -1.68591738299999E-06 5.77244875000002E-07 
80 118.043351745 17.5627357029 2.51357334962 0.000162076793134 -7.49523871889E-06 1.54511220915E-08 0.000162250009906908 -1.68926669099999E-06 5.7749402199999E-07 
81 118.059559912 17.5619867189 2.51357490297 0.000162086307197 -7.48450577155E-06 1.55894176489E-08 0.000162259018394771 -1.69097426600001E-06 5.78040091999999E-07 
82 118.075769027 17.5612387562 2.51357646095 0.000162096603126 -7.47473813358E-06 1.54917823982E-08 0.000162268853126991 -1.69201716299999E-06 5.73166685999987E-07 
83 118.091979325 17.5604917914 2.51357798918 0.000162109343113 -7.46462250682E-06 1.50634509008E-08 0.000162281113936913 -1.69487848099999E-06 5.73239724999992E-07 
84 118.108190868 17.559745843 2.51357947467 0.000162121351968 -7.45424035061E-06 1.46974039428E-08 0.00016229263285544 -1.69752192699999E-06 5.76534903999989E-07 
85 118.124403629 17.5590009799 2.51358092657 0.00016213432289 -7.44294386008E-06 1.43186007463E-08 0.000162305071631559 -1.70159988200001E-06 5.78103494999998E-07 
86 118.140617662 17.5582572362 2.51358232123 0.000162146554678 -7.43203801369E-06 1.3385165818E-08 0.00016231679075852 -1.70409054499999E-06 5.90309356000011E-07 
87 118.156833014 17.557514559 2.51358359324 0.000162162566378 -7.42408988902E-06 1.21047514832E-08 0.000162332421874081 -1.70296236E-06 5.94258905999993E-07 
88 118.173047122 17.556771199 2.51358476135 0.00016209920459 -7.4450589782E-06 1.1274541811E-08 0.000162270087074035 -1.72020450499999E-06 5.66859223999995E-07 
89 118.189252397 17.5560257877 2.51358584956 0.000162009808061 -7.461049181E-06 1.05362686269E-08 0.000162181519520124 -1.706723378E-06 5.61984087999996E-07 
90 118.20544997 17.5552793997 2.51358688221 0.000161946284076 -7.46523564828E-06 1.00773860932E-08 0.000162118255513877 -1.685261849E-06 5.68393679000015E-07 
91 118.221642467 17.5545329991 2.51358785738 0.000161907076938 -7.46196354382E-06 9.46517081464E-09 0.000162078939261479 -1.66605163300001E-06 5.76739247000002E-07 
92 118.237831944 17.5537872415 2.51358878663 0.00016188509046 -7.45236917657E-06 9.18212645246E-09 0.000162056534591783 -1.64874746900001E-06 5.85547805000006E-07 
93 118.254019917 17.5530426714 2.51358969691 0.000161876813578 -7.43882549737E-06 9.04595424323E-09 0.000162047644169165 -1.63922756099999E-06 5.9534381600002E-07 
94 118.270207669 17.5522995613 2.51359060483 0.000161879977664 -7.42264498599E-06 9.17398896455E-09 0.000162050062978227 -1.63649929099999E-06 6.00824217000004E-07 
95 118.286396042 17.5515582734 2.51359153501 0.000161885074928 -7.39964972515E-06 9.43749378002E-09 0.000162054103279014 -1.63387059799998E-06 6.06153178000016E-07 
96 118.302584976 17.5508200729 2.51359249897 0.000161895100838 -7.36681086481E-06 9.94775300427E-09 0.000162062622700677 -1.63377883700001E-06 6.10972467999989E-07 
97 118.318775294 17.5500846456 2.51359352599 0.000161911835731 -7.34251614628E-06 1.05968939325E-08 0.000162078237914394 -1.635423292E-06 6.12047565999981E-07 
98 118.334967298 17.5493515641 2.51359461155 0.00016192929054 -7.31998725366E-06 1.10061429914E-08 0.000162094655893761 -1.63950423599999E-06 6.21599996999993E-07 
99 118.351161219 17.5486206303 2.51359571943 0.000161949517816 -7.29864526375E-06 1.11160528451E-08 0.000162113900289542 -1.64412731699999E-06 6.22524217999991E-07 
100 118.367357218 17.5478918432 2.51359683657 0.000161970535984 -7.27721024821E-06 1.1216717117E-08 0.000162133933652877 -1.64607748399999E-06 6.20960576999999E-07 
101 118.383555321 17.5471652269 2.51359795838 0.000161991544814 -7.25562082143E-06 1.12079170983E-08 0.000162153953853577 -1.65039145099999E-06 6.21921680999987E-07 
102 118.399755625 17.5464406948 2.51359908089 0.000162014429467 -7.23482477868E-06 1.12706891192E-08 0.000162175886531026 -1.64881395300001E-06 6.2085615299998E-07 
103 118.415958285 17.5457182206 2.51360021391 0.000162039198308 -7.21455113707E-06 1.13885752209E-08 0.000162199727700476 -1.65285700099999E-06 6.21826356000005E-07 
104 118.432163583 17.5449977004 2.51360136538 0.00016206692422 -7.19598682574E-06 1.16324709291E-08 0.000162226601665207 -1.64730758999999E-06 6.24696249999996E-07 
105 118.448371606 17.544279065 2.51360253885 0.000162093649372 -7.17729199134E-06 1.18180067497E-08 0.000162252472482632 -1.646417653E-06 6.27040748999992E-07 
106 118.46458226 17.5435622561 2.51360372695 0.000162119360302 -7.15910712698E-06 1.19305990913E-08 0.000162277354988071 -1.644005625E-06 6.27670115000009E-07 
107 118.480795424 17.5428472679 2.5136049194 0.000162143733046 -7.14038704319E-06 1.18855918521E-08 0.000162300879339843 -1.64743721900001E-06 6.29491411999997E-07 
108 118.497011004 17.5421340873 2.51360609025 0.000162167520741 -7.12372331277E-06 1.15041911197E-08 0.00016232391182283 -1.64999826699998E-06 6.3163322300001E-07 
109 118.513228827 17.5414225359 2.51360721208 0.000162187096109 -7.10701310526E-06 1.0923163766E-08 0.000162342735898049 -1.648118389E-06 6.27906958E-07 
110 118.529448114 17.5407126784 2.51360827682 0.000162198026372 -7.09028462821E-06 1.0372468764E-08 0.000162352924219643 -1.648704118E-06 6.27933279000013E-07 
111 118.545668345 17.5400043862 2.51360929764 0.000162201439218 -7.07635570083E-06 1.01101435126E-08 0.000162355726097388 -1.65141030699999E-06 6.25993972000005E-07 
112 118.561889409 17.539297903 2.51361030987 0.000162216075508 -7.05445652845E-06 1.01602092607E-08 0.000162369395556425 -1.65778512499999E-06 6.21910773000007E-07 
113 118.57811109 17.5385933036 2.51361132557 0.000162222796325 -7.03580985881E-06 1.01711303908E-08 0.00016237530098917 -1.661468809E-06 6.19663325000005E-07 
114 118.594333439 17.5378904315 2.51361234403 0.000162222429501 -7.02240468018E-06 1.02010489353E-08 0.00016237435420891 -1.66516964100001E-06 6.17722516999989E-07 
115 118.61055658 17.5371892153 2.51361336761 0.000162233999733 -7.00484779737E-06 1.03159296207E-08 0.00016238515532046 -1.681698161E-06 6.20967601000006E-07 
116 118.626780336 17.5364895259 2.51361439962 0.000162235760793 -6.99261348915E-06 1.03223772108E-08 0.000162386387453024 -1.67753906199998E-06 6.1767212900001E-07 
117 118.643004756 17.5357914043 2.51361542882 0.000162250033355 -6.9720158558E-06 1.02513545864E-08 0.000162399761187886 -1.680854541E-06 6.16023955999994E-07 
118 118.65922982 17.5350947661 2.51361644562 0.000162252281881 -6.9592012673E-06 1.00702665006E-08 0.000162401457996166 -1.68413207399999E-06 6.15851216999996E-07 
119 118.67545557 17.5343996183 2.51361744081 0.000162257653402 -6.94467940252E-06 9.81939135666E-09 0.000162406202947879 -1.68816020300002E-06 6.14545306999986E-07 
120 118.691681896 17.5337059997 2.51361840731 0.000162266561322 -6.92731945833E-06 9.48975281415E-09 0.000162414361336058 -1.69052216600002E-06 6.14575051999987E-07 
121 118.70790833 17.5330130241 2.51361932883 0.000162272827709 -6.92709511663E-06 8.97054791473E-09 0.000162420612423117 -1.698616591E-06 6.09326403E-07 
122 118.724135569 17.532320633 2.51362020681 0.000162279078686 -6.91625185134E-06 8.59835779124E-09 0.000162426395615922 -1.700174018E-06 6.0863217899999E-07 
123 118.740363289 17.5316294774 2.5136210471 0.000162282879427 -6.90244487588E-06 8.17803871675E-09 0.00016242960557504 -1.70419540200002E-06 6.09587549000006E-07 
124 118.756591324 17.5309397535 2.51362184388 0.000162277549241 -6.89260524541E-06 7.75179148774E-09 0.000162423862331938 -1.72159103900002E-06 6.15571313999995E-07 
125 118.772819755 17.5302515746 2.51362259122 0.000162288479481 -6.87286841442E-06 7.16338777175E-09 0.000162433946402256 -1.709364549E-06 6.05892419000011E-07 
126 118.789048872 17.5295648623 2.51362327424 0.000162290381871 -6.86335200669E-06 6.57858972278E-09 0.000162435444690747 -1.70865692599998E-06 6.04992413999987E-07 
127 118.80527883 17.528879547 2.51362391371 0.000162297778049 -6.85004597521E-06 6.24331263123E-09 0.000162442272603174 -1.71469777699999E-06 6.07030500000003E-07 
128 118.821509706 17.5281956098 2.51362452343 0.000162306856781 -6.83716697803E-06 5.96470017189E-09 0.000162450800693598 -1.70584092699998E-06 6.0395505299999E-07 
129 118.837741607 17.5275129254 2.51362510665 0.000162323249745 -6.82055594562E-06 5.66387509457E-09 0.000162466480922264 -1.69519934000001E-06 5.98896742000002E-07 
130 118.853974545 17.5268314535 2.5136256528 0.00016233945665 -6.80787118255E-06 5.20073196566E-09 0.000162482141549473 -1.690096712E-06 5.95809282000019E-07 
131 118.870208659 17.5261509536 2.51362613876 0.00016234682493 -6.7992857016E-06 4.44044225669E-09 0.000162489143854664 -1.68644082800001E-06 5.94147236000005E-07 
132 118.886444048 17.5254716197 2.5136265392 0.000162354644551 -6.79117555782E-06 3.6584755058E-09 0.000162496617460559 -1.68505264900001E-06 5.96709431999995E-07 
133 118.90268074 17.5247933691 2.51362688559 0.00016236605721 -6.78153856955E-06 3.33769268388E-09 0.000162507617699699 -1.68973444499999E-06 5.89804523000009E-07 
134 118.918918616 17.5241160846 2.51362721703 0.000162379857292 -6.77130506039E-06 3.31843331569E-09 0.000162520979068559 -1.68059024600002E-06 5.81871916999986E-07 
135 118.935157694 17.5234396639 2.51362754827 0.000162395958385 -6.75923308147E-06 3.30376306753E-09 0.000162536563709669 -1.67636377200001E-06 5.78486227999995E-07 
136 118.95139775 17.5227644061 2.51362787672 0.000162409640512 -6.7423601694E-06 3.2876197387E-09 0.000162549533258941 -1.673397468E-06 5.86610218000002E-07 
137 118.967638729 17.5220907023 2.51362821957 0.000162415418228 -6.72890833582E-06 3.56207784591E-09 0.000162554748617985 -1.66812391799999E-06 5.87518614999984E-07 
138 118.983880719 17.5214184267 2.51362858856 0.000162422422443 -6.71831620132E-06 3.82352064848E-09 0.000162561308740587 -1.66619470200001E-06 5.87469216999998E-07 
139 119.000123712 17.5207473092 2.51362898616 0.000162433650563 -6.70708586795E-06 4.12592431811E-09 0.00016257206356901 -1.66447614499999E-06 5.86308186000006E-07 
140 119.016367691 17.5200771864 2.51362941238 0.000162442353178 -6.69733228441E-06 4.34613143909E-09 0.000162580356699765 -1.662724057E-06 5.86598528000014E-07 
141 119.032612412 17.5194068289 2.51362985427 0.000162453069862 -6.7087529023E-06 4.49327990321E-09 0.000162591535121855 -1.675575388E-06 5.8992087300001E-07 
142 119.048858517 17.5187361249 2.51363030819 0.000162468529937 -6.70386044638E-06 4.58141799777E-09 0.000162606780257663 -1.666062874E-06 5.83503166000013E-07 
143 119.065105334 17.5180655993 2.51363076796 0.00016247210433 -6.70491905642E-06 4.56243165482E-09 0.00016261039525746 -1.66734674600001E-06 5.84648331999991E-07 
144 119.081352897 17.5173949485 2.51363120609 0.000162482450032 -6.70717507992E-06 4.11814291467E-09 0.000162620825182119 -1.66824442699999E-06 5.78299361999999E-07 
145 119.097601622 17.5167240938 2.51363158997 0.000162495778646 -6.70741478899E-06 3.56476976E-09 0.000162634152328559 -1.67170577100001E-06 5.80135483999993E-07 
146 119.113851331 17.5160530653 2.51363192577 0.00016250398707 -6.71111914204E-06 3.16175326356E-09 0.000162642506571259 -1.679891285E-06 5.87114464999978E-07 
147 119.130102417 17.5153819539 2.51363221406 0.000162517121057 -6.71012768872E-06 2.6162859268E-09 0.000162655588459479 -1.67950341E-06 5.88997765000004E-07 
148 119.146354667 17.5147113212 2.51363241622 0.000162530466731 -6.70034656537E-06 1.37189969533E-09 0.000162668519578236 -1.68199022E-06 6.0122582699998E-07 
149 119.162607911 17.5140415285 2.51363249461 0.000162539955036 -6.69224920088E-06 2.72255450856E-10 0.000162677666514324 -1.68206980100002E-06 6.03978047000004E-07 
150 119.178862304 17.5133726718 2.51363247706 0.000162541452837 -6.68941708385E-06 -6.26996909064E-10 0.000162679046566168 -1.68927623699999E-06 6.08494646E-07 
151 119.195117643 17.5127041244 2.51363237999 0.00016255786981 -6.68284254271E-06 -1.21934435807E-09 0.000162695179471005 -1.699438224E-06 6.1317169699999E-07 
152 119.211374748 17.5120366835 2.51363222835 0.000162585417288 -6.66436459615E-06 -1.86140081446E-09 0.000162721945888219 -1.693526754E-06 6.1094488199999E-07 
153 119.227633921 17.5113707125 2.51363201721 0.000162606578958 -6.65037106442E-06 -2.26747540357E-09 0.000162742517372874 -1.694482506E-06 6.13502305000005E-07 
154 119.243895231 17.5107061271 2.51363177925 0.000162626604634 -6.63681258638E-06 -2.48233657103E-09 0.000162761972899852 -1.697015251E-06 6.16334919E-07 
155 119.260158555 17.5100429955 2.51363153139 0.000162646812722 -6.62158525053E-06 -2.43751985375E-09 0.000162781544057663 -1.704037261E-06 6.20817439000011E-07 
156 119.276423951 17.5093814369 2.51363129856 0.000162667583285 -6.60496409219E-06 -2.23956098907E-09 0.000162801622250692 -1.71012702700001E-06 6.22081011E-07 
157 119.292691378 17.5087215731 2.5136310851 0.000162687954276 -6.58769190943E-06 -2.01411130125E-09 0.000162821276727767 -1.712716084E-06 6.22911283000024E-07 
158 119.308960852 17.5080634 2.51363091304 0.000162709136303 -6.57117764077E-06 -1.40658805564E-09 0.000162841774167544 -1.715617568E-06 6.25811134000002E-07 
159 119.325232291 17.5074068419 2.51363080347 0.000162724481946 -6.55659825504E-06 -7.80535658284E-10 0.00016285651969105 -1.72452853099998E-06 6.33143174999978E-07 
160 119.341505466 17.5067517977 2.51363073225 0.000162736852025 -6.54478670886E-06 -6.4581183889E-10 0.000162868404672264 -1.732603203E-06 6.40119916000002E-07 
161 119.35778034 17.5060982624 2.51363067043 0.000162751670113 -6.53060215127E-06 -5.53044263087E-10 0.000162882641461068 -1.73122478299998E-06 6.36446535999974E-07 
162 119.374056847 17.505446358 2.5136306188 0.000162769248643 -6.51320831659E-06 -5.34173583969E-10 0.000162899509473379 -1.727159106E-06 6.32119357999995E-07 
163 119.39032664 17.5047927525 2.51363056771 0.000162622957399 -6.54499836099E-06 -4.78375940931E-10 0.000162754610616631 -1.730491413E-06 5.85862480000012E-07 
164 119.406586541 17.5041389334 2.51363052506 0.000162584352156 -6.53072223279E-06 -3.85520156987E-10 0.000162715462999116 -1.69374288200001E-06 6.08980186999985E-07 
165 119.422844392 17.5034867033 2.51363049195 0.000162577861698 -6.51208632538E-06 -2.48481058092E-10 0.000162708230838716 -1.68082509199998E-06 6.20481709999991E-07 
166 119.43910199 17.5028362789 2.51363048083 0.00016258132147 -6.49149273553E-06 4.95364595485E-12 0.000162710864937984 -1.66759330599999E-06 6.27587714000004E-07 
167 119.455351503 17.5021859502 2.51363049287 0.000162395410638 -6.51313350968E-06 2.14781350867E-10 0.000162525968092627 -1.69171864E-06 5.83299304999992E-07 
168 119.471584789 17.5015342938 2.51363051199 0.000162279219426 -6.51988374541E-06 1.9918518861E-10 0.000162410141129195 -1.63681306999998E-06 5.92852270000013E-07 
169 119.487809979 17.5008828456 2.51363052567 0.000162225113144 -6.51178039965E-06 2.09909021539E-11 0.00016235575326596 -1.59622908199998E-06 6.05100808000008E-07 
170 119.504030297 17.5002326739 2.51363051026 0.000162178569684 -6.49245669127E-06 -3.91231321958E-10 0.000162308473157716 -1.569204787E-06 6.12574454000007E-07 
171 119.520244897 17.4995837831 2.51363044461 0.000162117142398 -6.48310167263E-06 -8.99362528736E-10 0.000162246720975803 -1.547689838E-06 6.07700231000018E-07 
172 119.536452335 17.4989353374 2.51363033645 0.000162030724829 -6.48529224372E-06 -1.19140346872E-09 0.000162160460055826 -1.54280371499998E-06 6.08238743999998E-07 
173 119.552650364 17.4982865454 2.51363021216 0.000161916839933 -6.49547679731E-06 -1.2812463225E-09 0.000162047074254226 -1.52457670599999E-06 5.90139701000001E-07 
174 119.568834647 17.4976362776 2.51363008747 0.00016174977293 -6.51668388586E-06 -1.21230210916E-09 0.00016188099398399 -1.50738385699999E-06 5.60769841000011E-07 
175 119.58499679 17.4969826698 2.51362997034 0.000161482963068 -6.55194044595E-06 -1.14746580484E-09 0.000161615826224244 -1.48173997E-06 5.30320713000018E-07 
176 119.601130463 17.4963260814 2.51362985998 0.000161194341594 -6.57657617104E-06 -1.04907291084E-09 0.000161328444848257 -1.444986818E-06 5.3210498400001E-07 
177 119.617239636 17.4956680529 2.51362976316 0.000161025377897 -6.57762295628E-06 -8.82897757005E-10 0.0001611596644679 -1.34889229300001E-06 5.65061709000003E-07 
178 119.633341881 17.4950122002 2.51362967873 0.000161035471393 -6.53609139078E-06 -8.3523939334E-10 0.000161168059919241 -1.289232583E-06 6.15183904E-07 
179 119.649448312 17.4943608194 2.51362959326 0.000161103652466 -6.4885868986E-06 -8.79904384958E-10 0.000161234266204801 -1.27955315999998E-06 6.43901570999999E-07 
180 119.665562586 17.4937140346 2.5136294964 0.000161181679918 -6.44799010927E-06 -1.04735913221E-09 0.000161310602623432 -1.29137772E-06 6.54269662999989E-07 
181 119.681685613 17.4930716595 2.51362938194 0.000161274958093 -6.40230557601E-06 -1.26134120051E-09 0.000161401987677285 -1.30532385599999E-06 6.55602179999997E-07 
182 119.697817247 17.4924333112 2.51362923465 0.000161362267811 -6.36250832201E-06 -1.77612613163E-09 0.000161487655839111 -1.32789196E-06 6.53913236000014E-07 
183 119.713956909 17.4917985866 2.51362902938 0.000161429972143 -6.33235334379E-06 -2.2496637599E-09 0.000161554122850583 -1.36287550100002E-06 6.56036614000001E-07 
184 119.730103818 17.4911671639 2.51362878539 0.000161501547974 -6.30002815795E-06 -2.63213265437E-09 0.000161624380461975 -1.37640212200001E-06 6.48971031000004E-07 
185 119.746256289 17.4905372885 2.51362850531 0.000161500107843 -6.31269426789E-06 -2.96208994921E-09 0.000161623435649025 -1.412489754E-06 6.03622736000008E-07 
186 119.762403732 17.4899055539 2.51362818824 0.000161472243447 -6.31290660543E-06 -3.4236257918E-09 0.000161595600822972 -1.40060158400002E-06 6.11574412000005E-07 
187 119.778552003 17.4892747768 2.51362781364 0.00016150326115 -6.29860024127E-06 -4.08153666818E-09 0.000161626036713592 -1.396288212E-06 6.25999102E-07 
188 119.794704271 17.4886455468 2.51362738111 0.000161539555361 -6.28767543354E-06 -4.52505678471E-09 0.000161661878094569 -1.402229069E-06 6.29886871000016E-07 
189 119.810860896 17.4880177599 2.51362691006 0.000161586202528 -6.27288429831E-06 -4.86182277857E-09 0.000161707915540573 -1.39875721899999E-06 6.23372694999994E-07 
190 119.827021695 17.4873911746 2.51362641986 0.000161627807095 -6.26045579935E-06 -4.95446757375E-09 0.000161749007285055 -1.40379853200002E-06 6.22427648000001E-07 
191 119.843186279 17.4867655663 2.51362590916 0.000161665169324 -6.25080244836E-06 -5.28521509761E-09 0.000161785968278277 -1.40667323000001E-06 6.19684224999997E-07 
192 119.85935418 17.4861407579 2.51362535163 0.000161696876398 -6.24303580241E-06 -5.87803870409E-09 0.000161817351873807 -1.40807844900001E-06 6.15446234000007E-07 
193 119.875525014 17.4855165993 2.51362472226 0.000161725171882 -6.23670941225E-06 -6.73028341611E-09 0.000161845382417454 -1.40762679000001E-06 6.13204981999991E-07 
194 119.891698568 17.4848929967 2.51362402177 0.000161751428931 -6.23238033938E-06 -7.24984773639E-09 0.000161871453253733 -1.410041805E-06 6.10096537000002E-07 
195 119.907874591 17.4842697378 2.5136232794 0.000161773287178 -6.23010702365E-06 -7.53560862904E-09 0.000161893207808997 -1.411528086E-06 5.9945225600001E-07 
196 119.924052042 17.4836463617 2.51362252673 0.000161768301122 -6.23825206252E-06 -7.53367698371E-09 0.000161888539104687 -1.417988718E-06 5.94324878000019E-07 
197 119.94022805 17.4830223918 2.51362177461 0.000161748131154 -6.24408800673E-06 -7.50954138233E-09 0.000161868609134818 -1.42087203199999E-06 5.92735879000012E-07 
198 119.956403402 17.4823982496 2.51362102792 0.00016175233093 -6.24335993075E-06 -7.35628817244E-09 0.000161872777694794 -1.426917125E-06 6.05774548999982E-07 
199 119.972579794 17.4817747941 2.51362030806 0.000161794602109 -6.21786467908E-06 -7.04979399157E-09 0.000161914036335571 -1.40881480599999E-06 6.19437131000006E-07 
200 119.988762341 17.4811540111 2.51361961706 0.00016186758563 -6.19381770588E-06 -6.77831202485E-09 0.00016198604477363 -1.418833971E-06 6.25151104000001E-07 
201 120.004952322 17.4805353558 2.51361895522 0.000161939057718 -6.17650264956E-06 -6.46589484967E-09 0.000162056803749122 -1.436554802E-06 6.24869352999974E-07 
202 120.02114923 17.4799184078 2.51361831811 0.000161993458812 -6.16600384982E-06 -6.3119275205E-09 0.000162110765654819 -1.46696802800001E-06 6.24055889000011E-07 
203 120.037350956 17.4793024864 2.51361768955 0.000162045828891 -6.1509448143E-06 -6.26108525524E-09 0.000162162525949373 -1.473587695E-06 6.16797774000014E-07 
204 120.053557831 17.4786879491 2.51361706227 0.000162096345434 -6.13637651076E-06 -6.28069129007E-09 0.000162212454389876 -1.49306089500001E-06 6.22835569999999E-07 
205 120.069770086 17.4780749822 2.51361642307 0.000162152594643 -6.1205485246E-06 -6.55985544057E-09 0.000162268065578939 -1.50781212800001E-06 6.24081755999986E-07 
206 120.085987641 17.4774634915 2.51361573468 0.000162210595557 -6.10307529945E-06 -7.23813204165E-09 0.00016232536736893 -1.52143715899999E-06 6.11761839999992E-07 
207 120.102210793 17.4768526987 2.51361498306 0.00016226772439 -6.10883069757E-06 -7.79174961521E-09 0.000162382672264968 -1.54759876199999E-06 6.15149840999993E-07 
208 120.118439246 17.4762394931 2.51361417088 0.00016231581807 -6.15901555954E-06 -8.4313083061E-09 0.000162432627078069 -1.56916912699999E-06 6.02498189999987E-07 
209 120.134672641 17.4756212919 2.51361329549 0.000162355138857 -6.19794812274E-06 -9.14281603241E-09 0.000162473400154607 -1.58815331600002E-06 6.08071840000018E-07 
210 120.150908833 17.4750000909 2.51361231238 0.000162367694832 -6.22448496198E-06 -1.04279745302E-08 0.000162486961467196 -1.601296718E-06 6.17112026999992E-07 
211 120.167146779 17.4743772407 2.51361121613 0.000162384026084 -6.23852942203E-06 -1.14696032274E-08 0.000162503819364809 -1.607438332E-06 6.22119199000017E-07 
212 120.18338645 17.4737530214 2.51361002069 0.000162411169366 -6.24649941277E-06 -1.23907882135E-08 0.000162531248820886 -1.60407276699999E-06 6.22873245000001E-07 
213 120.199628069 17.4731274439 2.51360875074 0.000162428327784 -6.26088044774E-06 -1.29907282975E-08 0.000162548947887848 -1.60628376299999E-06 6.21245679999991E-07 
214 120.21587169 17.4725012448 2.51360741574 0.000162448632117 -6.25916190892E-06 -1.36581937718E-08 0.000162569171035079 -1.61188755900001E-06 6.22949962000022E-07 
215 120.232116685 17.4718756427 2.51360603619 0.000162460507452 -6.24518579915E-06 -1.39205500598E-08 0.00016258050012535 -1.61348002400001E-06 6.28566386999985E-07 
216 120.248362251 17.4712518813 2.51360463461 0.000162461830228 -6.22268744748E-06 -1.40547083955E-08 0.000162580959271482 -1.61561561200002E-06 6.32186978000008E-07 
217 120.26460844 17.470630601 2.51360323982 0.000162458596634 -6.20337533221E-06 -1.38276596637E-08 0.000162576989998601 -1.63934558E-06 6.43124998000002E-07 
218 120.280855243 17.4700117395 2.51360186316 0.000162475546382 -6.17634409643E-06 -1.36988484625E-08 0.000162592898326419 -1.634461754E-06 6.38102642000005E-07 
219 120.297102974 17.4693951465 2.51360050352 0.000162483600855 -6.15269106328E-06 -1.34444061814E-08 0.000162600050230248 -1.636187788E-06 6.39602547999998E-07 
220 120.313351945 17.4687808037 2.51359918915 0.000162494936039 -6.13193415701E-06 -1.28833761996E-08 0.000162610593199847 -1.64068708400001E-06 6.41635573999988E-07 
221 120.329602672 17.4681679812 2.5135979281 0.000162512736476 -6.12752090569E-06 -1.2458268908E-08 0.000162628214601821 -1.64948173199999E-06 6.48947158000019E-07 
222 120.345855121 17.4675558942 2.51359668613 0.00016252876499 -6.11779733274E-06 -1.23679160142E-08 0.000162643865689255 -1.65502552500001E-06 6.52541767000016E-07 
223 120.362109304 17.4669453076 2.51359545286 0.000162550930598 -6.09485380963E-06 -1.2317525432E-08 0.000162665154329248 -1.655500208E-06 6.50451731999994E-07 
224 120.378365325 17.4663375401 2.51359421824 0.00016257053811 -6.06311764441E-06 -1.24021461527E-08 0.00016268356220208 -1.65838489E-06 6.50899440000007E-07 
225 120.394621588 17.4657319717 2.51359297813 0.000162522825727 -6.04398094232E-06 -1.23723442093E-08 0.000162635170676563 -1.65055763E-06 6.62803069000013E-07 
226 120.410872028 17.4651296567 2.51359174471 0.00016248390558 -6.00256935154E-06 -1.22951014597E-08 0.000162594743342212 -1.65766979799998E-06 6.46356441000014E-07 
227 120.427117993 17.4645306598 2.51359052173 0.000162458059182 -5.97618437149E-06 -1.2114976015E-08 0.000162567942472054 -1.66276398899998E-06 6.47196375999984E-07 
228 120.443361545 17.4639338341 2.51358932448 0.000162429977741 -5.95644607385E-06 -1.18600291476E-08 0.000162539155465484 -1.65619832599999E-06 6.50196069E-07 
229 120.459603503 17.4633387546 2.51358814297 0.000162411417016 -5.93782367354E-06 -1.1850677419E-08 0.000162519925755464 -1.65415736899999E-06 6.53487008000017E-07 
230 120.475844157 17.462745514 2.51358695922 0.000162397566462 -5.91912293045E-06 -1.18917004891E-08 0.000162505402219305 -1.658250119E-06 6.54567979000011E-07 
231 120.492083496 17.4621541788 2.51358576096 0.000162384368663 -5.90142271311E-06 -1.21652407849E-08 0.000162491569393963 -1.65539193300001E-06 6.5596657300001E-07 
232 120.508321822 17.4615645887 2.51358452539 0.000162363490462 -5.89029077457E-06 -1.2607151881E-08 0.000162470301037923 -1.65422783600001E-06 6.57159030999975E-07 
233 120.524558843 17.4609766937 2.5135832337 0.000162356452297 -5.87488947807E-06 -1.31373884542E-08 0.000162462709879648 -1.66039556400002E-06 6.68924315999988E-07 
234 120.540794274 17.4603903732 2.51358190318 0.000162348780139 -5.85447069625E-06 -1.3386598282E-08 0.000162454305633786 -1.64583264800002E-06 6.46866680000018E-07 
235 120.557028441 17.4598054524 2.51358056246 0.000162344648873 -5.84013445392E-06 -1.34547502022E-08 0.000162449661031249 -1.65252931000001E-06 6.44700500999982E-07 
236 120.573261387 17.4592218765 2.51357921467 0.000162320459416 -5.83288250403E-06 -1.3502287184E-08 0.000162425226629483 -1.66349126000002E-06 6.46075877000003E-07 
237 120.58949331 17.4586396108 2.51357786325 0.000162321704545 -5.81338982778E-06 -1.34609785875E-08 0.000162425772120319 -1.667514702E-06 6.54918085000002E-07 
238 120.605724412 17.4580586516 2.51357651859 0.000162315775426 -5.80183301228E-06 -1.33373504274E-08 0.000162419433555012 -1.675533376E-06 6.51234667000002E-07 
239 120.621954711 17.4574788081 2.51357519512 0.000162299296873 -5.79198501147E-06 -1.31342925727E-08 0.000162402613982512 -1.68538846700002E-06 6.43465521000017E-07 
240 120.638184316 17.4568999622 2.51357388961 0.000162281961173 -5.78684980024E-06 -1.3041860015E-08 0.000162385106222386 -1.69383844899999E-06 6.4739337800001E-07 
241 120.654413374 17.4563221128 2.51357258753 0.000162296272982 -5.77379523075E-06 -1.30341236179E-08 0.000162398944285678 -1.698482408E-06 6.49962549000005E-07 
242 120.670641889 17.4557452668 2.5135712789 0.000162283671046 -5.76348155781E-06 -1.3079897627E-08 0.000162385983936168 -1.70431875400002E-06 6.46781387999993E-07 
243 120.686870562 17.4551693731 2.51356996847 0.000162288329244 -5.76167743804E-06 -1.32249485954E-08 0.000162390575190213 -1.70791914100001E-06 6.45211914999998E-07 
244 120.703099289 17.4545938372 2.51356861829 0.000162277252015 -5.75207487046E-06 -1.38387792556E-08 0.000162379164545107 -1.700042259E-06 6.44581378999985E-07 
245 120.719327522 17.4540194805 2.51356721739 0.000162274797108 -5.73373997896E-06 -1.41452298892E-08 0.000162376062739175 -1.70512422499998E-06 6.51487275000004E-07 
246 120.735554951 17.4534468217 2.51356578641 0.000162260471858 -5.71967766273E-06 -1.44387803332E-08 0.000162361250452886 -1.72036534000001E-06 6.49493417000021E-07 
247 120.751781656 17.4528759207 2.51356432692 0.000162271094091 -5.69934146477E-06 -1.47647398319E-08 0.000162371151035582 -1.71759775099999E-06 6.38232879999996E-07 
248 120.76800777 17.4523068091 2.51356282585 0.000162250726797 -5.68636857636E-06 -1.53443712004E-08 0.000162350341450798 -1.73390067099999E-06 6.38386021999999E-07 
249 120.784233633 17.4517393971 2.51356126045 0.0001622629776 -5.66411185645E-06 -1.59430958808E-08 0.000162361806829447 -1.72616456699999E-06 6.3129213899999E-07 
250 120.800459558 17.4511734141 2.51355964998 0.000162267961897 -5.65157082971E-06 -1.62993925009E-08 0.000162366351122145 -1.725357353E-06 6.2949571500001E-07 
251 120.816685493 17.4506086853 2.51355801199 0.000162258667326 -5.6388867692E-06 -1.6361532926E-08 0.000162356621158809 -1.722714E-06 6.44485199999999E-07 
252 120.832911817 17.4500452146 2.51355637215 0.000162273233281 -5.62774500887E-06 -1.6466459937E-08 0.000162370791783803 -1.725928525E-06 6.35964264999984E-07 
253 120.849138682 17.4494829332 2.51355470169 0.000162273975683 -5.61910886382E-06 -1.69849475779E-08 0.00016237123469654 -1.721050447E-06 6.27471044999995E-07 
254 120.865366253 17.4489217963 2.51355297465 0.000162285147912 -5.60436914321E-06 -1.76302062902E-08 0.000162381890915019 -1.71378866899998E-06 6.22542274999978E-07 
255 120.881594526 17.4483619014 2.51355117734 0.000162287710616 -5.59499021538E-06 -1.82534508091E-08 0.00016238412873702 -1.71650884699999E-06 6.39283033999997E-07 
256 120.897823646 17.4478031286 2.51354932932 0.000162292656518 -5.57948784974E-06 -1.87047239579E-08 0.00016238853837079 -1.711233706E-06 6.33500802000014E-07 
257 120.914053522 17.4472453925 2.51354744905 0.000162310916519 -5.57152794038E-06 -1.88185263155E-08 0.000162406514336603 -1.711204737E-06 6.12807894999991E-07 
258 120.9302842 17.4466885621 2.51354556819 0.00016230651678 -5.56644481668E-06 -1.88318019233E-08 0.000162401942881821 -1.713775723E-06 6.08643487000018E-07 
259 120.946515785 17.4461325906 2.51354369101 0.000162305999583 -5.55913468295E-06 -1.87260374983E-08 0.000162401175579872 -1.72090642199999E-06 6.34159700999991E-07 
260 120.962748226 17.4455774107 2.51354183139 0.0001623256526 -5.55613178636E-06 -1.84092621165E-08 0.00016242071429268 -1.715248284E-06 6.30471568999994E-07 
261 120.97898251 17.4450216177 2.51354000563 0.000162345114975 -5.56546196156E-06 -1.80739640759E-08 0.00016244048463902 -1.708294137E-06 6.28513807999993E-07 
262 120.99521914 17.4444656098 2.51353821673 0.000162371392494 -5.55853198729E-06 -1.77235731708E-08 0.000162466509448623 -1.705185902E-06 6.24041214999986E-07 
263 121.01145878 17.4439106753 2.51353646448 0.000162412523072 -5.54357420861E-06 -1.74251853388E-08 0.000162507104980848 -1.70582064600001E-06 6.20841461000004E-07 
264 121.027701274 17.4433571979 2.51353472562 0.000162444687153 -5.52552068514E-06 -1.73914414708E-08 0.000162538635608707 -1.71348562699999E-06 6.29870584999988E-07 
265 121.043946364 17.4428053874 2.51353298328 0.000162468110552 -5.50613307952E-06 -1.74367535078E-08 0.000162561387641305 -1.71689372399999E-06 6.37325587000016E-07 
266 121.060193771 17.44225533 2.51353123153 0.000162483414152 -5.49607417642E-06 -1.76158572558E-08 0.000162576342117054 -1.738907268E-06 6.30718143999995E-07 
267 121.076443431 17.4417068983 2.51352944638 0.000162507861511 -5.47696291305E-06 -1.81925985897E-08 0.000162600130709049 -1.73732280500002E-06 6.23722299000014E-07 
268 121.092695494 17.4411600281 2.51352759477 0.000162530664021 -5.45982425581E-06 -1.88801219191E-08 0.000162622344050473 -1.74272742500001E-06 6.26904156999993E-07 
269 121.108950041 17.4406144253 2.51352566824 0.000162556439467 -5.45320640671E-06 -1.96857725964E-08 0.000162647883047497 -1.75041717100002E-06 6.30394610000003E-07 
270 121.12520719 17.4400699415 2.51352366273 0.000162590337677 -5.43800000506E-06 -2.0419808499E-08 0.000162681253274446 -1.76400515100001E-06 6.25572102999985E-07 
271 121.141466786 17.4395265584 2.51352157741 0.000162601414222 -5.42988359508E-06 -2.14923041217E-08 0.000162692052678579 -1.77687824500002E-06 6.40007814000011E-07 
272 121.157728736 17.4389845602 2.51351937311 0.000162629040994 -5.40704314899E-06 -2.25714612882E-08 0.000162718903633579 -1.77097288200001E-06 6.54035446000001E-07 
273 121.17399218 17.4384453713 2.51351705948 0.000162650273685 -5.37402874729E-06 -2.36471019921E-08 0.000162739031194018 -1.77605607799998E-06 6.52992457999998E-07 
274 121.190256863 17.4379087481 2.51351464984 0.000162659202066 -5.35378558825E-06 -2.44398028849E-08 0.000162747287639999 -1.78268659999998E-06 6.59928331999998E-07 
275 121.206523623 17.4373739727 2.51351216887 0.00016266845748 -5.34178603136E-06 -2.51824688067E-08 0.000162756143881219 -1.80066281299998E-06 6.58344337E-07 
276 121.22279291 17.4368408174 2.51350962061 0.000162704304899 -5.3247508346E-06 -2.57122344004E-08 0.000162791413978859 -1.80293460799998E-06 6.48523754000007E-07 
277 121.239064664 17.4363091259 2.51350703572 0.000162739216977 -5.30794298057E-06 -2.59776657305E-08 0.000162825758637297 -1.79643946E-06 6.50203476000008E-07 
278 121.255338392 17.4357786584 2.51350443975 0.000162742910013 -5.29878939823E-06 -2.58191117929E-08 0.000162829151552211 -1.8112218E-06 6.65693803999991E-07 
279 121.271613913 17.4352493278 2.51350186876 0.000162759322605 -5.28698152778E-06 -2.56670529317E-08 0.00016284517164261 -1.819586406E-06 6.58908371999994E-07 
280 121.287891153 17.4347211213 2.51349930721 0.000162779317417 -5.27780125443E-06 -2.5581193903E-08 0.000162864858146941 -1.83415949900001E-06 6.60591137999997E-07 
281 121.304170093 17.4341941476 2.51349676299 0.000162799480901 -5.26647090162E-06 -2.52016508475E-08 0.000162884644250205 -1.82433482499999E-06 6.65171593000017E-07 
282 121.320450819 17.4336683878 2.51349426379 0.000162810135479 -5.25322714505E-06 -2.47438706191E-08 0.000162894865549492 -1.818548642E-06 6.68960385000016E-07 
283 121.336733224 17.4331437598 2.5134917997 0.000162823345683 -5.24305785322E-06 -2.46192584823E-08 0.000162907741256104 -1.82249228299999E-06 6.68580439999993E-07 
284 121.353017216 17.4326202884 2.51348934789 0.000162855280217 -5.22733132763E-06 -2.4537392554E-08 0.000162939153948491 -1.821737676E-06 6.62079133999986E-07 
285 121.369302666 17.432097993 2.51348689262 0.000162871401737 -5.21423866072E-06 -2.46051600142E-08 0.000162954847715556 -1.82112561699998E-06 6.72591215000008E-07 
286 121.385589547 17.4315769363 2.5134844228 0.000162875883736 -5.20071790918E-06 -2.47155007911E-08 0.000162958895370611 -1.818457282E-06 6.76885308000024E-07 
287 121.401877821 17.4310572198 2.51348194912 0.000162888093062 -5.18831645589E-06 -2.47352294046E-08 0.000162970703198007 -1.83035978400001E-06 6.71161536000011E-07 
288 121.418167535 17.430538864 2.51347947633 0.000162910074686 -5.17555911498E-06 -2.47360097683E-08 0.00016299226809337 -1.83814419900001E-06 6.72693342999994E-07 
289 121.434458668 17.4300218677 2.51347701232 0.000162919880771 -5.16516453722E-06 -2.44823973087E-08 0.000163001739483115 -1.83355856199998E-06 6.81473745000005E-07 
290 121.450751296 17.4295061594 2.51347456949 0.000162930808963 -5.15008393797E-06 -2.43952725337E-08 0.000163012185032393 -1.82201111299999E-06 6.85641488999992E-07 
291 121.467045435 17.4289916676 2.51347213111 0.000162950276473 -5.13711557591E-06 -2.44007920178E-08 0.000163031233677679 -1.82099384200002E-06 6.74457344999993E-07 
292 121.483341025 17.4284783442 2.51346968496 0.000162966810114 -5.12789839984E-06 -2.45718357693E-08 0.000163047468991416 -1.82520762899999E-06 6.73462519000013E-07 
293 121.499638017 17.4279661935 2.51346721138 0.000162981250412 -5.11405596E-06 -2.48928227056E-08 0.000163061467471238 -1.81560599699999E-06 6.87075143000006E-07 
294 121.51593599 17.4274552964 2.51346469866 0.000162966185575 -5.10802222343E-06 -2.54349316398E-08 0.00016304622098913 -1.82098961299998E-06 6.92797248000012E-07 
295 121.53223433 17.4269456245 2.51346212514 0.000162979654427 -5.09116692298E-06 -2.59500724445E-08 0.000163059156170968 -1.80544685700001E-06 6.70769216999997E-07 
296 121.548532826 17.4264371991 2.51345952782 0.000162983148584 -5.07788391223E-06 -2.60700633953E-08 0.000163062234459818 -1.805397893E-06 6.69759893000022E-07 
297 121.564831396 17.4259300216 2.51345691596 0.00016297880451 -5.06467138005E-06 -2.6212271276E-08 0.00016305748159094 -1.816493375E-06 6.85494441999982E-07 
298 121.581129855 17.4254241476 2.51345427951 0.000162989639317 -5.05197216494E-06 -2.63980004161E-08 0.00016306791727466 -1.81252299599998E-06 6.8078431299999E-07 
299 121.597428308 17.4249195215 2.51345163966 0.000162996431704 -5.03744317128E-06 -2.63828862129E-08 0.000163074256944489 -1.82274038500001E-06 6.64878379999994E-07 
300 121.613726905 17.4244161694 2.51344901403 0.000162978939199 -5.03013698065E-06 -2.6150897743E-08 0.000163056547198648 -1.83889926599998E-06 6.71878029000005E-07 
301 121.630025427 17.4239140482 2.51344641511 0.000162982629707 -5.01318580766E-06 -2.58529690638E-08 0.000163059713867427 -1.829936165E-06 6.81189908000013E-07 
302 121.646323987 17.4234131691 2.51344383261 0.000162989153488 -5.00483876105E-06 -2.57670849285E-08 0.000163065978149035 -1.843852412E-06 6.81822265000001E-07 
303 121.662622318 17.4229136054 2.51344125451 0.000162986734266 -4.98861226074E-06 -2.57971715297E-08 0.000163063062845262 -1.83467759799999E-06 6.65376673999996E-07 
304 121.67891815 17.4224151929 2.51343868684 0.000162929163678 -4.98180236371E-06 -2.56326774795E-08 0.00016300531092157 -1.847649279E-06 6.75038785999995E-07 
305 121.69521107 17.4219177979 2.51343610561 0.00016292802121 -4.96892875232E-06 -2.60934000665E-08 0.000163003776119504 -1.83787130200001E-06 6.56836999000005E-07 
306 121.711501337 17.4214212212 2.51343346537 0.000162877693961 -4.96296895155E-06 -2.66774464535E-08 0.000162953290738645 -1.842462461E-06 6.66943303999985E-07 
307 121.727789419 17.4209255558 2.51343078527 0.000162861367065 -4.95631301263E-06 -2.69578563909E-08 0.000162936768863525 -1.85556289799998E-06 6.62603861999997E-07 
308 121.744075786 17.4204308112 2.51342808146 0.000162846513705 -4.93652024174E-06 -2.7193435663E-08 0.000162921321494311 -1.84695833500002E-06 6.67386996999997E-07 
309 121.760360702 17.4199370343 2.51342534864 0.00016285851491 -4.92815511265E-06 -2.75590595932E-08 0.000162933064020188 -1.85731193300001E-06 6.53481820000004E-07 
310 121.776644665 17.4194441921 2.51342255847 0.000162830715382 -4.92800829447E-06 -2.82137306323E-08 0.000162905272884517 -1.866980339E-06 6.71745266000003E-07 
311 121.792927828 17.4189521683 2.51341971091 0.000162814829482 -4.9155708222E-06 -2.87101016031E-08 0.000162889018537257 -1.86194877200001E-06 6.5572864900001E-07 
312 121.809210614 17.4184608476 2.51341683029 0.000162837896162 -4.9114747016E-06 -2.89264771614E-08 0.0001629119512097 -1.86195096400001E-06 6.48833835E-07 
313 121.825493356 17.4179702763 2.51341394507 0.000162834820922 -4.90324014852E-06 -2.8859530291E-08 0.000162908629303442 -1.85784954500001E-06 6.48958192999999E-07 
314 121.841776305 17.4174804335 2.51341104884 0.000162830158812 -4.89685943339E-06 -2.91687118143E-08 0.000162903777432769 -1.85056999799999E-06 6.70738605000002E-07 
315 121.858059788 17.4169898624 2.51340810113 0.000162835548887 -4.91995550106E-06 -2.98055453391E-08 0.000162909861063821 -1.85837117399999E-06 6.53502486000002E-07 
316 121.874346078 17.4164977517 2.51340509324 0.000162867980215 -4.91982962145E-06 -3.04154732456E-08 0.000162942273912937 -1.84232384200001E-06 6.55075416999997E-07 
317 121.890634157 17.416005386 2.51340203049 0.000162901313457 -4.92354557672E-06 -3.08019798238E-08 0.000162975704250124 -1.84833829E-06 6.52641752000004E-07 
318 121.906923004 17.4155130107 2.51339893008 0.000162853707821 -4.93101572842E-06 -3.11447024292E-08 0.00016292834632793 -1.85289626099998E-06 6.65612201999986E-07 
319 121.923213137 17.4150197633 2.5133958174 0.000162904102009 -4.93965486397E-06 -3.10731539174E-08 0.000162978979034337 -1.84839926199999E-06 6.60352601000003E-07 
320 121.939505272 17.414525708 2.51339271049 0.000162930841396 -4.94715929169E-06 -3.09739931178E-08 0.000163005933703206 -1.85055193400001E-06 6.58749707999978E-07 
321 121.955798765 17.4140314215 2.51338961774 0.000162927627342 -4.94017500625E-06 -3.08319645604E-08 0.00016300250927822 -1.83192457400001E-06 6.48453597999993E-07 
322 121.97209355 17.4135371282 2.51338655698 0.000162950562105 -4.9480248104E-06 -3.04258694009E-08 0.000163025671492539 -1.84869441100002E-06 6.47215889000005E-07 
323 121.98838937 17.4130428348 2.5133835356 0.000162960592128 -4.9399099141E-06 -3.00520730632E-08 0.00016303545074552 -1.82781453400002E-06 6.42459138999984E-07 
324 122.00468565 17.4125481093 2.51338055389 0.000162967865409 -4.95889281667E-06 -2.95872741731E-08 0.000163043296854976 -1.845290926E-06 6.56788450999993E-07 
325 122.020983215 17.4120525785 2.51337760012 0.00016298923164 -4.95149366098E-06 -2.95904422429E-08 0.000163064428357832 -1.82546984E-06 6.35778244000002E-07 
326 122.037281532 17.411557213 2.51337464081 0.000162970361636 -4.95433452915E-06 -2.96826222037E-08 0.00016304565337185 -1.82903785300002E-06 6.45850842999996E-07 
327 122.053580201 17.4110624262 2.51337166965 0.000162989368047 -4.93939465984E-06 -2.98119139924E-08 0.000163064197801713 -1.84293351000001E-06 6.47845864000014E-07 
328 122.06987786 17.4105695272 2.5133686692 0.000162968527806 -4.91602684291E-06 -3.02803801503E-08 0.000163042660957421 -1.826789738E-06 6.56887998000004E-07 
329 122.086174552 17.4100785973 2.51336560684 0.00016296830037 -4.90270090106E-06 -3.10126032827E-08 0.000163042032505098 -1.83943820899999E-06 6.3809312400001E-07 
330 122.102471089 17.4095888465 2.51336246726 0.000162979668896 -4.89736138275E-06 -3.18417582771E-08 0.000163053235588444 -1.84630137999999E-06 6.42163325000007E-07 
331 122.118768101 17.4090998769 2.51335923638 0.000162983256216 -4.8864002769E-06 -3.26804203931E-08 0.000163056492610525 -1.834409844E-06 6.54667619000011E-07 
332 122.135063997 17.4086119927 2.5133559246 0.000162933703533 -4.86952345556E-06 -3.36045736085E-08 0.000163006457341208 -1.82776115900001E-06 6.45215909999994E-07 
333 122.15135317 17.4081249942 2.51335250192 0.000162855778231 -4.86704607241E-06 -3.48529422256E-08 0.00016292849307418 -1.828880316E-06 6.56291686999995E-07 
334 122.167636838 17.4076386287 2.5133489658 0.000162808220155 -4.85720203342E-06 -3.58781706786E-08 0.000162880662599572 -1.81699593799998E-06 6.75628445999995E-07 
335 122.183916485 17.4071530439 2.51334532807 0.000162750843284 -4.8477242603E-06 -3.6763812727E-08 0.00016282302899693 -1.806376749E-06 6.92243588000003E-07 
336 122.200192274 17.406668338 2.5133416157 0.000162723186524 -4.83723132587E-06 -3.75046577606E-08 0.000162795072548354 -1.81456945299999E-06 6.63023077999991E-07 
337 122.21646487 17.4061845893 2.51333783366 0.000162713063476 -4.83174589054E-06 -3.81718293764E-08 0.000162784791215838 -1.81994860100001E-06 6.57876996999995E-07 
338 122.232734634 17.4057019079 2.51333400444 0.000162657582703 -4.81698061881E-06 -3.84354314863E-08 0.000162728897219725 -1.810687164E-06 6.91141632000003E-07 
339 122.249001716 17.4052203566 2.5133301581 0.000162693278998 -4.80896511606E-06 -3.83516321694E-08 0.000162764340835013 -1.82814438499999E-06 6.70185192000006E-07 
340 122.265266501 17.4047399318 2.51332633637 0.000162634779287 -4.7937033958E-06 -3.81160246841E-08 0.000162705416255297 -1.82214914599998E-06 6.73520974000023E-07 
341 122.281529621 17.4042607467 2.51332253449 0.000162642603808 -4.79287222259E-06 -3.79804669543E-08 0.000162713212862705 -1.84098708799998E-06 6.74436334000006E-07 
342 122.297791908 17.403781639 2.51331874151 0.000162621947846 -4.79609560831E-06 -3.77892542209E-08 0.00016269266081277 -1.83568475299999E-06 6.90124419999987E-07 
343 122.314053097 17.4033031471 2.51331498358 0.000162623257945 -4.78076687372E-06 -3.7357877198E-08 0.000162693519084682 -1.829423234E-06 6.80010804999989E-07 
344 122.33031311 17.4028258259 2.51331126059 0.0001625824776 -4.77006862305E-06 -3.70741713231E-08 0.000162652442194138 -1.83775350899999E-06 7.12456691999989E-07 
345 122.346571563 17.4023500065 2.51330756099 0.00016260374344 -4.74565135659E-06 -3.69314207698E-08 0.000162672984700686 -1.828513879E-06 6.82791923E-07 
346 122.362828195 17.4018762912 2.51330386266 0.000162548790796 -4.72573350667E-06 -3.70915844149E-08 0.000162617475451452 -1.82693871899999E-06 6.93502325999984E-07 
347 122.379082416 17.4014050671 2.51330014579 0.00016254621183 -4.69883367981E-06 -3.71942568096E-08 0.000162614118088334 -1.820008035E-06 7.01014671999976E-07 
348 122.395333973 17.4009365603 2.51329642211 0.000162508715904 -4.67193772436E-06 -3.72106458809E-08 0.000162575862696464 -1.829213402E-06 6.99498296999991E-07 
349 122.411583815 17.400470092 2.51329269783 0.000162497882174 -4.66111744239E-06 -3.72807432789E-08 0.000162564722854317 -1.82698292300001E-06 6.91437380000013E-07 
350 122.427832634 17.4000051196 2.51328895404 0.000162492021431 -4.64684433926E-06 -3.74846822577E-08 0.000162558455935541 -1.816422141E-06 7.12422655999977E-07 
351 122.444080833 17.399541324 2.51328520493 0.000162458972084 -4.6317234138E-06 -3.74934123E-08 0.000162524988472935 -1.80618780900002E-06 7.11873446000016E-07 
352 122.46032872 17.3990786314 2.51328145564 0.000162453828278 -4.6232940291E-06 -3.74802360601E-08 0.000162519606739081 -1.80692043199999E-06 7.15713404000001E-07 
353 122.476576305 17.3986169124 2.51327770493 0.000162466373414 -4.6139890517E-06 -3.75282564914E-08 0.00016253188239123 -1.80435072500001E-06 7.26462182000021E-07 
354 122.492823523 17.398156176 2.51327393697 0.000162469758886 -4.60352240171E-06 -3.77906435202E-08 0.000162534969773002 -1.80849851299998E-06 7.00842163999985E-07 
355 122.509070321 17.3976964617 2.51327014731 0.00016245324315 -4.59183280116E-06 -3.80734816576E-08 0.000162518130028674 -1.79091890900002E-06 6.99602092999997E-07 
356 122.525316213 17.3972378569 2.5132663176 0.000162449937845 -4.58402475823E-06 -3.86731769974E-08 0.000162514605757277 -1.78566490699998E-06 7.12764194999994E-07 
357 122.541560719 17.3967801947 2.51326243031 0.000162449430615 -4.56908157791E-06 -3.89174689884E-08 0.000162513677972572 -1.77557212099999E-06 7.04327646999998E-07 
358 122.557803919 17.396323438 2.51325852424 0.000162441531096 -4.56403746615E-06 -3.92250724731E-08 0.000162505639906471 -1.77988689200001E-06 6.85338991000009E-07 
359 122.574045761 17.395867656 2.51325457983 0.000162376885876 -4.5562118693E-06 -3.97195898546E-08 0.000162440800635282 -1.78773944799998E-06 7.12218869000007E-07 
360 122.590286278 17.3954127997 2.51325060892 0.00016240745172 -4.54119280248E-06 -3.97044015907E-08 0.000162470933962641 -1.78509690000001E-06 6.96095172999996E-07 
361 122.606525687 17.3949588336 2.51324663614 0.000162389921146 -4.53574533339E-06 -3.97229026005E-08 0.000162453258057333 -1.798529245E-06 6.88615213000001E-07 
362 122.622763976 17.3945056501 2.51324267392 0.000162385069168 -4.52362300412E-06 -3.9572155974E-08 0.000162448069916928 -1.79243559700001E-06 6.90044943999987E-07 
363 122.639001296 17.3940532733 2.51323872338 0.000162372981956 -4.51705344733E-06 -3.94902725215E-08 0.000162435804552479 -1.79865532500001E-06 6.96576338000011E-07 
364 122.655237303 17.3936015009 2.51323477299 0.000162328571924 -4.51916811423E-06 -3.95080152086E-08 0.000162391470540214 -1.794861361E-06 7.07925086999996E-07 
365 122.671470018 17.393149579 2.51323082163 0.000162318521212 -4.52157023536E-06 -3.94064936886E-08 0.000162381490566861 -1.801166362E-06 6.96620968999997E-07 
366 122.68769844 17.3926977127 2.51322687831 0.000162263614342 -4.51359675114E-06 -3.95530961111E-08 0.00016232638312797 -1.79237702399999E-06 6.89575552E-07 
367 122.703923216 17.392246492 2.51322291033 0.000162230352974 -4.50581497361E-06 -3.98328322766E-08 0.000162292918457028 -1.784382797E-06 7.0793077000002E-07 
368 122.720145094 17.3917963854 2.51321888689 0.000162207521446 -4.49427004979E-06 -4.05549054792E-08 0.000162269775749014 -1.78797783499998E-06 6.90810087999985E-07 
369 122.736365706 17.3913467823 2.51321483209 0.000162207688877 -4.49831185066E-06 -4.04343901134E-08 0.000162270055078759 -1.785931569E-06 7.12318034000003E-07 
370 122.75258567 17.3908971367 2.5132107821 0.000162190323902 -4.49459452265E-06 -4.05321700314E-08 0.000162252593785787 -1.79983764300002E-06 6.86149303000017E-07 
371 122.76880383 17.3904485315 2.51320672225 0.000162175945948 -4.47411658984E-06 -4.08403637167E-08 0.000162237655405037 -1.81317992000002E-06 6.89193700000002E-07 
372 122.785020075 17.3900018071 2.51320261525 0.000162163853226 -4.46268355916E-06 -4.1198219681E-08 0.000162225252457643 -1.81037786300002E-06 6.98116871000005E-07 
373 122.801235085 17.3895562916 2.51319848355 0.000162149035607 -4.4500497744E-06 -4.12938363297E-08 0.000162210093386496 -1.80247409700001E-06 7.0926549199999E-07 
374 122.817449244 17.3891116521 2.51319435187 0.0001621218348 -4.445677029E-06 -4.12139697989E-08 0.000162182782877086 -1.80838215199999E-06 7.00120337999998E-07 
375 122.833662854 17.3886678025 2.51319024064 0.000162121912954 -4.43301040737E-06 -4.11201081737E-08 0.000162182514260938 -1.79103469599999E-06 7.04142199999983E-07 
376 122.84987613 17.388224779 2.51318610914 0.000162123064601 -4.42553340269E-06 -4.1411672147E-08 0.000162183461353015 -1.79084211300001E-06 7.17023130999977E-07 
377 122.866088966 17.3877824973 2.51318193973 0.000162130732667 -4.42323420585E-06 -4.18342915225E-08 0.00016219106395263 -1.799141142E-06 6.94251100000009E-07 
378 122.882301607 17.3873410387 2.51317773649 0.000162133039092 -4.41116813964E-06 -4.21841319128E-08 0.000162193041000732 -1.79326772499998E-06 6.81588147000004E-07 
379 122.898514174 17.3869002626 2.51317351157 0.000162134128806 -4.40055597882E-06 -4.23535965171E-08 0.000162193842085421 -1.79091689799998E-06 6.75102098000006E-07 
380 122.91472659 17.3864600412 2.51316927483 0.000162097517356 -4.40179238533E-06 -4.22838685192E-08 0.000162157277656933 -1.787141918E-06 6.96646477000006E-07 
381 122.930938762 17.386020418 2.5131650532 0.000162130406756 -4.39386959281E-06 -4.21281151641E-08 0.000162189940069175 -1.78911794099999E-06 6.63091116999989E-07 
382 122.947150928 17.3855814035 2.51316085758 0.000162125591733 -4.38221118408E-06 -4.17619313263E-08 0.000162184811291613 -1.77659802500001E-06 6.81214674000001E-07 
383 122.963363156 17.3851430028 2.51315670552 0.000162122015551 -4.38472124872E-06 -4.12964183925E-08 0.000162181304138738 -1.78409710199998E-06 6.72594097000012E-07 
384 122.97957537 17.3847051932 2.51315260495 0.000162108735594 -4.37116518099E-06 -4.07470118336E-08 0.000162167662933286 -1.76587524E-06 6.86080630000005E-07 
385 122.995787327 17.3842681056 2.51314855806 0.000162122315507 -4.36912232753E-06 -4.0201360565E-08 0.000162181182729112 -1.782055531E-06 6.71002541000011E-07 
386 123.011999135 17.3838317728 2.51314456874 0.000162118245101 -4.36033414915E-06 -3.97433810172E-08 0.000162176877168283 -1.76702365900001E-06 6.83984163000003E-07 
387 123.028210323 17.3833964008 2.5131405679 0.000162098276502 -4.34544458293E-06 -4.02538460897E-08 0.000162156516224031 -1.761240839E-06 6.79836111E-07 
388 123.044420883 17.3829620576 2.51313651298 0.000162106061353 -4.33600623488E-06 -4.0902337904E-08 0.000162164045800704 -1.76452397899999E-06 6.59601992999986E-07 
389 123.060631013 17.3825287584 2.51313239087 0.000162101440494 -4.32603298926E-06 -4.1678163569E-08 0.000162159160421862 -1.770067537E-06 6.61910413999993E-07 
390 123.076840701 17.3820962531 2.5131281675 0.0001620872335 -4.32487385513E-06 -4.2874790275E-08 0.000162144927875632 -1.768975828E-06 6.73120455999991E-07 
391 123.093050707 17.3816639152 2.51312382557 0.000162112072477 -4.32166819404E-06 -4.39641271379E-08 0.000162169672847953 -1.773213046E-06 6.73839412999991E-07 
392 123.109262203 17.3812320314 2.51311935074 0.000162139795123 -4.33602259656E-06 -4.58273612069E-08 0.000162197769265281 -1.746727127E-06 6.76841598999981E-07 
393 123.125471476 17.3807987705 2.51311470447 0.000162062011357 -4.33716263171E-06 -4.69378445853E-08 0.000162120044127589 -1.767772167E-06 6.77287452000009E-07 
394 123.141676618 17.3803656104 2.51310997046 0.000162052039179 -4.32562898997E-06 -4.7811371616E-08 0.000162109767608736 -1.75963239000001E-06 6.90481444000005E-07 
395 123.157880821 17.3799332741 2.51310514845 0.000162033882223 -4.31674864215E-06 -4.84467990574E-08 0.000162091380567225 -1.75507543399999E-06 7.03776131999987E-07 
396 123.174085937 17.3795013959 2.51310026781 0.000162032525715 -4.31848042889E-06 -4.91759759398E-08 0.00016209007088984 -1.751936715E-06 7.0858562000001E-07 
397 123.190292591 17.3790697396 2.51309532387 0.000162070313047 -4.32018479297E-06 -4.96892692125E-08 0.000162127890373068 -1.76360957700002E-06 7.01922632999981E-07 
398 123.206499194 17.3786383135 2.51309033379 0.000162072384416 -4.31147703831E-06 -5.02213552591E-08 0.000162129729373499 -1.75370805000001E-06 6.88889259999991E-07 
399 123.222705776 17.3782072524 2.51308528759 0.000162060528383 -4.30466941116E-06 -5.07177245005E-08 0.000162117696784787 -1.74448257700001E-06 6.88607821999998E-07 
400 123.238912434 17.3777766119 2.51308020966 0.00016209169358 -4.30620052899E-06 -5.0828128533E-08 0.000162148891683314 -1.751277255E-06 6.8794422999999E-07 
401 123.255119187 17.3773464943 2.51307514629 0.000162083684233 -4.2970154552E-06 -5.04941936792E-08 0.000162140641376642 -1.75435317E-06 6.98303405999989E-07 
402 123.271326444 17.3769169862 2.5130701122 0.000162080414491 -4.29540981146E-06 -5.02052334749E-08 0.000162137330148206 -1.75827413799999E-06 7.17307373000005E-07 
403 123.287534083 17.3764881375 2.51306509694 0.000162064760903 -4.28498764233E-06 -5.01304517989E-08 0.000162121406232193 -1.756704984E-06 7.06992657000004E-07 
404 123.303742644 17.3760599942 2.51306043007 0.000162110410354 -4.28117833334E-06 -3.38114790695E-08 0.000162166934904376 -1.754460365E-06 7.07593807999996E-07 
405 123.319952653 17.3756325229 2.51305702893 0.00016210011371 -4.27544614922E-06 -3.41779781406E-08 0.000162156490689408 -1.74301744100002E-06 7.34804407000005E-07 
406 123.336163118 17.3752057411 2.5130535862 0.000162103598547 -4.26444930133E-06 -3.45960418411E-08 0.00016215968483756 -1.746317165E-06 7.21411419000019E-07 
407 123.352374106 17.3747797084 2.51305008642 0.000162114512749 -4.26030102748E-06 -3.54598393189E-08 0.000162170486421206 -1.749950463E-06 7.00896314999994E-07 
408 123.368585605 17.374354439 2.51304649324 0.000162109535014 -4.25240717523E-06 -3.63116240819E-08 0.000162165303402958 -1.73927068800001E-06 7.20750462999991E-07 
409 123.384797432 17.3739299646 2.51304282898 0.000162110870271 -4.23898650044E-06 -3.68250498564E-08 0.000162166286948478 -1.74001984300001E-06 7.18842199000022E-07 
410 123.401009751 17.3735063342 2.51303912731 0.000162119996132 -4.2326380053E-06 -3.71229157372E-08 0.000162175243944427 -1.75073556699998E-06 7.03043739999995E-07 
411 123.417222649 17.3730836507 2.51303539276 0.00016214952886 -4.22383352396E-06 -3.76696241238E-08 0.000162204537230494 -1.75175360600001E-06 7.04004606000015E-07 
412 123.433436303 17.3726619629 2.5130316032 0.000162139174215 -4.21511850785E-06 -3.8070632954E-08 0.000162193959469921 -1.75206457099999E-06 7.21850533999996E-07 
413 123.449650791 17.3722412198 2.51302776863 0.000162165307553 -4.20649693728E-06 -3.86823313197E-08 0.00016221986033333 -1.75385682600002E-06 7.03722555E-07 
414 123.465866146 17.3718213441 2.51302387798 0.000162154244887 -4.1976229927E-06 -3.91014016878E-08 0.000162208571606378 -1.74481153600002E-06 7.43878637999993E-07 
415 123.482082248 17.371402368 2.51301992389 0.000162157865181 -4.19048341825E-06 -3.98553989082E-08 0.000162212006275093 -1.74912824699999E-06 7.30567416999998E-07 
416 123.498299074 17.370984248 2.51301590482 0.000162165441207 -4.18093037079E-06 -4.03985664266E-08 0.000162219333412114 -1.740941242E-06 7.50298829999989E-07 
417 123.514516329 17.3705670831 2.5130118107 0.000162166045719 -4.16818762676E-06 -4.13724795843E-08 0.000162219610047339 -1.73528027899998E-06 7.33587914000003E-07 
418 123.530733413 17.3701512703 2.51300761221 0.000162171582973 -4.14299344367E-06 -4.24585895542E-08 0.000162224500373324 -1.71468952599998E-06 7.21244272999989E-07 
419 123.546941651 17.3697392658 2.51300335593 0.000162025320348 -4.09835550561E-06 -4.26486205592E-08 0.000162077150674076 -1.71595871399999E-06 7.06343139000019E-07 
420 123.563139054 17.3693313204 2.51299907587 0.000161945098185 -4.06832686227E-06 -4.30903668868E-08 0.000161996197382492 -1.71020163599998E-06 7.00677436E-07 
421 123.579328303 17.3689267625 2.5129947406 0.000161856638868 -4.03369608325E-06 -4.36229836847E-08 0.000161906899645145 -1.729220293E-06 6.89703167000002E-07 
422 123.59551145 17.3685248498 2.51299038132 0.000161807729636 -3.99959873194E-06 -4.35163144768E-08 0.000161857159414229 -1.718563016E-06 7.00010535E-07 
423 123.611689664 17.3681256644 2.5129885263 0.000161738380207 -3.97914789889E-06 -1.77461645014E-08 0.000161787322015391 -1.72714327599998E-06 7.33344960999999E-07 
424 123.62786173 17.3677294224 2.51298672847 0.000161711215991 -3.95175543902E-06 -1.83111305274E-08 0.000161759494570288 -1.731173533E-06 6.88761832000009E-07 
425 123.644028578 17.3673355822 2.51298487222 0.000161648718824 -3.91898785258E-06 -1.88649617919E-08 0.000161696218629614 -1.71900054E-06 6.82795921999997E-07 
426 123.660190236 17.3669445179 2.51298376495 0.000161595373959 -3.89344058572E-06 -1.09640076716E-08 0.000161642271342471 -1.71571057200001E-06 6.54121811000005E-07 
427 123.676346438 17.3665561203 2.51298263186 0.000161543504582 -3.86866274682E-06 -1.18080592912E-08 0.000161589821967578 -1.70810166800001E-06 6.47726191000016E-07 
428 123.692498386 17.3661697927 2.51298136546 0.000161495911395 -3.8541053215E-06 -1.38369011436E-08 0.000161541894617436 -1.71390595499999E-06 6.50933131000003E-07 
429 123.708644801 17.3657860906 2.5129798409 0.000161448904491 -3.82714848612E-06 -1.67754819928E-08 0.000161494260295206 -1.71549885299998E-06 6.26678924999977E-07 
430 123.724786042 17.3654048 2.51297804403 0.000161365564206 -3.802270656E-06 -1.91943044689E-08 0.000161410355746103 -1.71594907599998E-06 6.51187724000005E-07 
431 123.740923016 17.3650254878 2.51297600075 0.00016133930262 -3.77958195902E-06 -2.16302051181E-08 0.000161383568796698 -1.71142355899999E-06 6.66445955000003E-07 
432 123.757056959 17.3646484489 2.51297564363 0.000161337396242 -3.75820628384E-06 -8.03961182278E-10 0.000161381162287506 -1.725117424E-06 6.93504236999988E-07 
433 123.773186495 17.3642737177 2.51297540111 0.000161275732999 -3.73248526445E-06 -3.77733152803E-09 0.000161318918651478 -1.69732233600001E-06 6.75170207000027E-07 
434 123.789312494 17.363900937 2.51297489676 0.000161197866311 -3.73857330239E-06 -6.19485103391E-09 0.000161241213937171 -1.677042772E-06 6.1127596900001E-07 
435 123.805427028 17.36352371 2.51297416986 0.000161058314493 -3.78137402535E-06 -8.14930410689E-09 0.000161102698683966 -1.694635329E-06 6.34493458000001E-07 
436 123.821535917 17.3631461703 2.51297325916 0.000161082392573 -3.77807184503E-06 -9.92387094261E-09 0.000161126692768118 -1.71074176899999E-06 6.26336132000018E-07 
437 123.83764305 17.3627700611 2.51297217653 0.000161082540136 -3.74892190877E-06 -1.19520923465E-08 0.000161126159561372 -1.69643552400001E-06 6.24912390999977E-07 
438 123.853750451 17.3623955792 2.51297254769 0.000161093840185 -3.73295355941E-06 8.44469489862E-09 0.000161137085610793 -1.71163658699999E-06 6.63165032999992E-07 
439 123.869858046 17.3620229597 2.5129732533 0.000161104377081 -3.71943837322E-06 5.40430806731E-09 0.000161147307038237 -1.70921190999998E-06 6.34823811000002E-07 
440 123.885965728 17.3616521768 2.51297364781 0.000161102956209 -3.70093774692E-06 2.36326046285E-09 0.000161145460516487 -1.71838385899998E-06 6.24520581999992E-07 
441 123.902073924 17.3612829498 2.5129737371 0.000161060646148 -3.68984172107E-06 -6.56743010691E-10 0.000161102907081061 -1.72584708099999E-06 6.33261900999984E-07 
442 123.918182406 17.3609152466 2.51297353582 0.000161086333698 -3.66911737553E-06 -3.27231969964E-09 0.000161128114670553 -1.707175942E-06 6.30959362000024E-07 
443 123.934291795 17.3605489749 2.512973073 0.000161103660109 -3.65307212538E-06 -5.9419722761E-09 0.00016114507212998 -1.708232455E-06 6.14723559999993E-07 
444 123.950402205 17.3601839938 2.51297235852 0.000161070406341 -3.6425623718E-06 -8.18955403161E-09 0.000161111589051055 -1.69195522500002E-06 6.66962303000004E-07 
445 123.966513653 17.3598203378 2.51297140089 0.000161096581461 -3.62746865771E-06 -1.06482800379E-08 0.000161137417134163 -1.69662252399999E-06 6.60478932999986E-07 
446 123.982626482 17.3594578279 2.5129701983 0.000161132086208 -3.61565819431E-06 -1.32314148438E-08 0.00016117264769492 -1.683083564E-06 6.37437273000009E-07 
447 123.998740667 17.359096523 2.51296875071 0.00016115298414 -3.60826858813E-06 -1.56234894627E-08 0.000161193374998865 -1.68810075799999E-06 6.51578329999996E-07 
448 124.014856123 17.3587365392 2.51296705774 0.00016115404469 -3.59037085594E-06 -1.82690807309E-08 0.000161194035921274 -1.66839720100001E-06 6.56957259000015E-07 
449 124.030972643 17.3583779853 2.5129650653 0.000161190917737 -3.58346120109E-06 -2.15551943587E-08 0.000161230746508544 -1.67640343400001E-06 6.36876535000004E-07 
450 124.047090815 17.3580207199 2.51296274148 0.000161197391519 -3.57666118903E-06 -2.50702239796E-08 0.000161237068214189 -1.69041443900001E-06 6.35490527999997E-07 
451 124.063211348 17.3576635448 2.51296005394 0.000161210893576 -3.57166182186E-06 -2.831675996E-08 0.000161250456674023 -1.67840796299999E-06 6.5009847499998E-07 
452 124.07933644 17.357299892 2.51295710431 0.0001613570056 -3.74068758512E-06 -3.08661513235E-08 0.000161400362306059 -1.74270886599999E-06 5.53638496000002E-07 
453 124.095480755 17.3569204495 2.51295386518 0.000161507590252 -3.82412249458E-06 -3.39934626443E-08 0.000161552860629012 -1.76013430600001E-06 5.80728486999997E-07 
454 124.111633727 17.3565365026 2.51295031601 0.000161557223832 -3.85085289365E-06 -3.69867210028E-08 0.000161603115713556 -1.77347109600002E-06 6.24661772999992E-07 
455 124.127790806 17.3561507171 2.51294647434 0.000161576618386 -3.86057853798E-06 -3.96788637103E-08 0.000161622737416847 -1.77128305799999E-06 6.49408120999994E-07 
456 124.143950687 17.3557648067 2.5129423981 0.000161613926091 -3.85918345549E-06 -4.1927904832E-08 0.000161660001736483 -1.76744881900002E-06 6.51987876999988E-07 
457 124.160114179 17.3553786077 2.51293804958 0.000161641659076 -3.85531626665E-06 -4.50823256261E-08 0.000161687635410918 -1.76660497200001E-06 6.5621731000002E-07 
458 124.176280277 17.3549928007 2.51293339693 0.000161657766438 -3.85046555863E-06 -4.79017681187E-08 0.000161703623426689 -1.76806516800001E-06 6.71798702000013E-07 
459 124.192450001 17.3546081686 2.51292989821 0.000161771266433 -3.81129044111E-06 -2.64111901229E-08 0.000161816158883203 -1.83191146199999E-06 7.52129765999997E-07 
460 124.208629873 17.3542330022 2.51292716506 0.000161843807009 -3.68384883879E-06 -2.81900005301E-08 0.000161885729464056 -1.771693343E-06 7.31027478000009E-07 
461 124.224810724 17.3538708869 2.51292430102 0.000161820308228 -3.56431543415E-06 -2.91900335897E-08 0.000161859560581317 -1.71316754499998E-06 7.22980313000004E-07 
462 124.2409913 17.3535188754 2.51292129467 0.00016181978553 -3.48096447944E-06 -3.08759706278E-08 0.000161857224293536 -1.70336639E-06 7.02957222999996E-07 
463 124.257172843 17.353172421 2.51291817951 0.00016179162042 -3.44867929091E-06 -3.12418695665E-08 0.000161828374530041 -1.68101860299999E-06 7.15579403000007E-07 
464 124.273355368 17.3528279254 2.51291501213 0.000161836384686 -3.44518847485E-06 -3.19794181822E-08 0.000161873054442503 -1.700632531E-06 6.6353952100001E-07 
465 124.289539666 17.35248272 2.51291180518 0.000161835983522 -3.45859182584E-06 -3.22855043719E-08 0.000161872939252689 -1.70335839899999E-06 6.65310219000019E-07 
466 124.305728373 17.3521358202 2.51290854106 0.000161895335908 -3.47293740968E-06 -3.28127446695E-08 0.000161932585231299 -1.69124213400001E-06 6.93704968000007E-07 
467 124.321919531 17.3517887449 2.512905278 0.000161959337458 -3.47257883279E-06 -3.22213737874E-08 0.00016199656425925 -1.71254111700002E-06 6.39495377000005E-07 
468 124.338111814 17.351442761 2.51290277602 0.000161929438394 -3.45023146141E-06 -1.9995575952E-08 0.000161966192508056 -1.72790039799998E-06 6.67456630000019E-07 
469 124.354304944 17.3510973715 2.51290078523 0.000161911532965 -3.48278777391E-06 -2.00043406393E-08 0.000161948988011435 -1.713959942E-06 6.68091116E-07 
470 124.370494593 17.3507497041 2.51289876895 0.00016188759534 -3.47318556164E-06 -2.03811499763E-08 0.000161924849724508 -1.71765401699999E-06 6.68147308000001E-07 
471 124.386684621 17.3504039026 2.51289815326 0.000161867725278 -3.44342580893E-06 4.17322222793E-09 0.000161904347333206 -1.67950651100001E-06 7.05124710000018E-07 
472 124.402875042 17.3500611574 2.5128984744 0.000161917112001 -3.41908613942E-06 1.91548448473E-09 0.000161953207169362 -1.697039512E-06 6.6988681199999E-07 
473 124.419067553 17.3497206789 2.51289854245 0.000161913524274 -3.3938704321E-06 -5.85902567048E-10 0.000161949089839 -1.668275183E-06 7.1801217400001E-07 
474 124.435261637 17.3493825928 2.51289834156 0.000161974151799 -3.36635853368E-06 -3.35855194498E-09 0.000162009130088593 -1.67206549399999E-06 6.80017658999995E-07 
475 124.451457688 17.3490465539 2.51289787567 0.000161989307526 -3.35481294392E-06 -6.00374381473E-09 0.000162024043150042 -1.69050862E-06 6.87640390999996E-07 
476 124.467654686 17.3487122278 2.51289714014 0.000161971707343 -3.33627396972E-06 -8.71714713639E-09 0.000162006064021061 -1.69116368400001E-06 6.81578836999995E-07 
477 124.483852665 17.3483794741 2.51289613033 0.00016198998611 -3.31917205129E-06 -1.14629911003E-08 0.000162023987836444 -1.67860282300001E-06 6.81334177999985E-07 
478 124.500051289 17.348048408 2.51289484679 0.000161974990699 -3.29451380458E-06 -1.41651519108E-08 0.000162008492474318 -1.649184751E-06 7.12963900999995E-07 
479 124.516248995 17.3477199524 2.51289327048 0.000161969954174 -3.27482502686E-06 -1.7280272052E-08 0.000162003058096729 -1.671790277E-06 7.00048693000007E-07 
480 124.532445202 17.3473942094 2.51289137531 0.000161947598911 -3.2468142396E-06 -2.05360887726E-08 0.000161980143898799 -1.660956505E-06 6.87707678999984E-07 
481 124.548640745 17.3470722502 2.51288918729 0.000161999997842 -3.16811053182E-06 -2.32327754006E-08 0.000162030974708269 -1.67860644700001E-06 7.39590967000007E-07 
482 124.56484338 17.3467584197 2.51288671932 0.000162020652028 -3.12307856979E-06 -2.61936473364E-08 0.000162050751276995 -1.64275028299998E-06 7.23072795999995E-07 
483 124.581046977 17.3464466051 2.51288389556 0.000162018065513 -3.10810697104E-06 -2.98398039245E-08 0.00016204787802354 -1.65669579099998E-06 6.88825012000005E-07 
484 124.597248759 17.3461360566 2.51288080907 0.000161999616164 -3.10089221047E-06 -3.1925232811E-08 0.000162029294231027 -1.65044421400002E-06 7.06390728999994E-07 
485 124.613448359 17.3458272367 2.51287752057 0.000161975860566 -3.07689643023E-06 -3.39046527458E-08 0.000162005085868513 -1.66904310000001E-06 6.92157964000007E-07 
486 124.629645531 17.3455203266 2.51287403631 0.000161968665332 -3.06569832065E-06 -3.59403632696E-08 0.000161997680067748 -1.67367589300001E-06 6.84569945000004E-07 
487 124.645841382 17.3452145934 2.51287033979 0.000161967117792 -3.0531729356E-06 -3.82449386313E-08 0.000161995896779819 -1.66290590800002E-06 6.82246988000017E-07 
488 124.662035782 17.344910104 2.51286640821 0.000161927561337 -3.04357873856E-06 -4.05066083812E-08 0.000161956167319652 -1.67108719699999E-06 7.13129090000006E-07 
489 124.678228577 17.3446066561 2.51286228845 0.000161906960992 -3.02681316848E-06 -4.16603730258E-08 0.000161935256665152 -1.65314076199999E-06 6.93679086000013E-07 
490 124.694421239 17.3443034714 2.51285808178 0.000161955084401 -3.02671361811E-06 -4.26118492218E-08 0.000161983370055172 -1.65768742200001E-06 6.88789523999988E-07 
491 124.71060831 17.3439994793 2.5128537999 0.000161770781099 -3.02528303803E-06 -4.29801782972E-08 0.000161799072315438 -1.62643994499999E-06 7.25806764999997E-07 
492 124.726793814 17.3436859722 2.5128494709 0.00016184758134 -3.21956257026E-06 -4.33255990026E-08 0.000161879606639809 -1.711868164E-06 6.69218943000004E-07 
493 124.742975378 17.3433612643 2.51284512108 0.000161801507338 -3.2707433789E-06 -4.36566124025E-08 0.000161834568139812 -1.70558847000001E-06 6.95576581000005E-07 
494 124.759153109 17.3430335351 2.51284072721 0.000161739703607 -3.28441617262E-06 -4.41276492293E-08 0.000161773054183089 -1.71275044800001E-06 7.11741279000016E-07 
495 124.775328139 17.3427045727 2.5128362809 0.000161722057702 -3.29392669835E-06 -4.47668612516E-08 0.000161755605481031 -1.693978978E-06 7.34478609999977E-07 
496 124.791500756 17.3423750837 2.51283174829 0.000161713648774 -3.29173713935E-06 -4.60056420001E-08 0.000161747154069907 -1.712266773E-06 6.7221993299999E-07 
497 124.807671213 17.3420452882 2.51282710481 0.000161719233109 -3.29917538411E-06 -4.70306048923E-08 0.000161752889085345 -1.71569824600001E-06 6.72023514999989E-07 
498 124.823839563 17.3417150572 2.51282237603 0.000161700778116 -3.30350747596E-06 -4.74849560933E-08 0.000161734526492597 -1.69920242899999E-06 7.12993268999997E-07 
499 124.840005941 17.3413845863 2.51281758711 0.000161631359207 -3.30161280741E-06 -4.82233374284E-08 0.000161665083588642 -1.70279709000001E-06 7.08273607999979E-07 
500 124.856171448 17.3410537408 2.51281273095 0.000161681912587 -3.31109135536E-06 -4.89224845446E-08 0.000161715820429429 -1.68726041200001E-06 6.80821401000006E-07 
501 124.872336445 17.3407217393 2.51280796491 0.000161668479881 -3.34325715115E-06 -4.6256762281E-08 0.000161703051594891 -1.748770385E-06 6.92347685999999E-07 
502 124.888508162 17.3403829504 2.51280337673 0.000161763117697 -3.42244692662E-06 -4.57128092957E-08 0.000161799324719481 -1.760369676E-06 6.52396166000009E-07 
503 124.904690235 17.3400434572 2.51279884156 0.000161901191909 -3.38293377908E-06 -4.50736883816E-08 0.000161936537613183 -1.76542142000001E-06 7.33214217999995E-07 
504 124.92088078 17.3397045817 2.51279435324 0.000161911746019 -3.39264399415E-06 -4.47098403549E-08 0.000161947292447765 -1.74412357399999E-06 6.94812186000017E-07 
505 124.937072162 17.3393641446 2.51278990769 0.000161910324819 -3.40653009244E-06 -4.42089247974E-08 0.000161946162920564 -1.73725561900001E-06 6.99548084999994E-07 
506 124.953262987 17.3390223283 2.51278551988 0.000161904711056 -3.43397063001E-06 -4.34930153433E-08 0.000161941129760345 -1.76644589699998E-06 7.07030656999988E-07 
507 124.969449641 17.3386832881 2.51278115767 0.000161814045096 -3.34936682759E-06 -4.36499197002E-08 0.000161848711313348 -1.70634474499999E-06 7.12053333000006E-07 
508 124.985631756 17.3383511678 2.51277684374 0.000161794361583 -3.30139775791E-06 -4.27088720319E-08 0.000161828046058939 -1.69847897400001E-06 6.90266775999995E-07 
509 125.00181108 17.3380205939 2.51277262184 0.000161745723676 -3.29452423545E-06 -4.17764354575E-08 0.000161779277914946 -1.70615238999998E-06 7.10077219999992E-07 
510 125.017988318 17.3376904696 2.5127684651 0.00016174584099 -3.29941495354E-06 -4.14394839567E-08 0.000161779494787902 -1.70339842299998E-06 7.0421675E-07 
511 125.034163362 17.3373607314 2.51276431647 0.000161765608407 -3.30333498042E-06 -4.14313474503E-08 0.000161799338076014 -1.73329100899998E-06 6.91586335000013E-07 
512 125.050336271 17.3370314494 2.51276016729 0.000161756785938 -3.28584704114E-06 -4.15784492222E-08 0.000161790161371256 -1.738253558E-06 6.50947766999988E-07 
513 125.066508387 17.3367025224 2.51275704094 0.000161733542825 -3.28522747382E-06 -1.61191396481E-08 0.000161766905929821 -1.67222135699998E-06 7.03648888999997E-07 
514 125.082680303 17.3363736212 2.51275536283 0.000161722100498 -3.31023604996E-06 -1.75527589406E-08 0.000161755975964695 -1.68677230400001E-06 6.8321348699999E-07 
515 125.098847852 17.3360404606 2.51275350796 0.000161655244892 -3.34139766303E-06 -1.95452957186E-08 0.000161689775562506 -1.701575169E-06 6.73222881000004E-07 
516 125.115011118 17.3357075416 2.51275145759 0.000161627711199 -3.3119079776E-06 -2.1356240052E-08 0.000161661641145846 -1.688349074E-06 7.08930074000001E-07 
517 125.131169796 17.3353773063 2.51274921202 0.00016157417574 -3.29361663494E-06 -2.32988229616E-08 0.000161607743377084 -1.702087059E-06 7.40469861999998E-07 
518 125.147325217 17.3350496151 2.51274676068 0.000161567159361 -3.26765937687E-06 -2.57505901363E-08 0.000161600201871405 -1.723431265E-06 7.00198675999985E-07 
519 125.163478963 17.3347236488 2.512744059 0.000161526149262 -3.26225948376E-06 -2.82177677741E-08 0.000161559091445179 -1.731163202E-06 6.94745800000022E-07 
520 125.179631349 17.3343987497 2.51274114621 0.000161550425759 -3.24139512749E-06 -3.00979500086E-08 0.000161582943441359 -1.74450525800002E-06 6.82748803999985E-07 
521 125.195782339 17.3340748586 2.51273804651 0.000161538098145 -3.23438911351E-06 -3.19266495535E-08 0.000161570478258103 -1.72969245700001E-06 6.90531119000012E-07 
522 125.211936665 17.3337502448 2.51273474469 0.000161554149934 -3.2544027648E-06 -3.41459244979E-08 0.000161586929125462 -1.75691779800001E-06 6.87533779000006E-07 
523 125.228089836 17.333426217 2.51273123035 0.000161532301912 -3.22378932248E-06 -3.61554594943E-08 0.000161564472226423 -1.749220046E-06 6.89843897999989E-07 
524 125.24424268 17.3331032422 2.51272753532 0.000161525878492 -3.22938784003E-06 -3.77499905574E-08 0.000161558162262064 -1.74926974499999E-06 7.16996422000003E-07 
525 125.260400698 17.332785999 2.51272443692 0.000161665186118 -3.13515150139E-06 -1.140933786E-08 0.000161695583451365 -1.863811698E-06 8.1083634600001E-07 
526 125.276565856 17.3324740888 2.51272321764 0.000161641700595 -3.10202168555E-06 -1.32870041536E-08 0.000161671463426066 -1.80614322900001E-06 7.65989481999981E-07 
527 125.292728755 17.3321650872 2.51272176219 0.000161559124758 -3.07765236209E-06 -1.5849202755E-08 0.000161588437048664 -1.82909886000001E-06 7.66241941000003E-07 
528 125.308884228 17.3318630904 2.51272006957 0.000161518200601 -2.96235743142E-06 -1.80859657219E-08 0.000161545365188973 -1.79412347200002E-06 7.47234804999986E-07 
529 125.325032828 17.3315682867 2.51271813355 0.000161462339355 -2.92786504661E-06 -2.06370439194E-08 0.000161488884600792 -1.800547117E-06 7.46965014999994E-07 
530 125.341178207 17.3312761374 2.51271593542 0.000161452667105 -2.91143505932E-06 -2.33312572457E-08 0.000161478917242376 -1.79464156800001E-06 7.63164992999981E-07 
531 125.357321354 17.3309857347 2.51271344262 0.000161430788111 -2.89345795244E-06 -2.63822649442E-08 0.000161456719107893 -1.82101367200002E-06 7.30250395999997E-07 
532 125.373457196 17.3307010416 2.51271067996 0.000161299436337 -2.82382892469E-06 -2.89034694753E-08 0.000161324155066253 -1.809702214E-06 7.61662781000006E-07 
533 125.389587831 17.3304211091 2.51270767935 0.000161336686978 -2.7951668255E-06 -3.11160224332E-08 0.000161360901369651 -1.80848128900001E-06 7.42342154000012E-07 
534 125.405716534 17.3301429215 2.51270445907 0.000161295208649 -2.77395624173E-06 -3.32297822447E-08 0.000161319063568364 -1.79390332199998E-06 7.44549494000003E-07 
535 125.421845196 17.3298643861 2.51270101604 0.000161294982143 -2.79253991478E-06 -3.5671885313E-08 0.000161319158242813 -1.85003839100001E-06 7.22818368000005E-07 
536 125.437976783 17.3295840084 2.51269734012 0.000161342456971 -2.8195177096E-06 -3.79083018845E-08 0.000161367095588268 -1.84870434200002E-06 7.15723015999999E-07 
537 125.454112854 17.3293002077 2.51269344628 0.000161342557565 -2.86578276033E-06 -3.9887555083E-08 0.000161368011648721 -1.83241549300001E-06 7.60380082999999E-07 
538 125.470247467 17.3290104999 2.51268932146 0.000161342870177 -2.90231578667E-06 -4.25267502022E-08 0.000161368977819165 -1.85268992400001E-06 7.24664644000009E-07 
539 125.486384063 17.3287187222 2.51268495139 0.000161433245223 -2.92459945712E-06 -4.48580503297E-08 0.000161459740980402 -1.85236246100001E-06 7.44253761000011E-07 
540 125.502521742 17.3284276778 2.51268034309 0.000161392398372 -2.91765259943E-06 -4.72849941597E-08 0.000161418775812568 -1.87198271200001E-06 7.52516061E-07 
541 125.518659393 17.3281373483 2.51267550914 0.000161353846896 -2.89254507265E-06 -4.91035143848E-08 0.000161379779205111 -1.839693451E-06 7.54806356999998E-07 
542 125.53479678 17.3278482374 2.51267055295 0.000161387429179 -2.90097025691E-06 -5.02941347778E-08 0.000161413507659484 -1.846894956E-06 7.56921447000005E-07 
543 125.550933732 17.3275600169 2.51266568345 0.000161339824994 -2.86956132621E-06 -3.04216085154E-08 0.000161365344596582 -1.89343257399999E-06 7.89282282999989E-07 
544 125.567070833 17.3272725119 2.51266253937 0.000161405247044 -2.87676335157E-06 -3.25679820953E-08 0.00016143088490555 -1.882642929E-06 7.87080808999985E-07 
545 125.583205797 17.3269859202 2.51265914365 0.000161370221363 -2.87453745305E-06 -3.52314077672E-08 0.000161395825688165 -1.889864385E-06 7.73242384999984E-07 
546 125.599338495 17.326699728 2.51265548433 0.000161351053504 -2.85517223133E-06 -3.80743445433E-08 0.000161376317732736 -1.88803083899999E-06 7.4927662900001E-07 
547 125.615470544 17.3264154397 2.51265153371 0.000161386904548 -2.80245280571E-06 -4.11227379638E-08 0.000161411239981586 -1.930051966E-06 8.30024906999996E-07 
548 125.631611529 17.3261375794 2.51264725384 0.000161388198573 -2.77476342898E-06 -4.44929245411E-08 0.000161412056335161 -1.89954732200001E-06 8.10764966999996E-07 
549 125.647752836 17.3258612476 2.51264265391 0.000161399296298 -2.76007244198E-06 -4.74553846649E-08 0.000161422901403079 -1.90620043700001E-06 7.92306587999998E-07 
550 125.663891289 17.3255855361 2.51263776141 0.000161410543843 -2.7574500184E-06 -5.04750402267E-08 0.000161434103404537 -1.91540470300002E-06 7.50070375999995E-07 
551 125.680026363 17.3253106758 2.51263256011 0.000161330958474 -2.73488231804E-06 -5.36745410605E-08 0.000161354146598064 -1.89800220999999E-06 7.78997745000008E-07 
552 125.696156836 17.3250373446 2.51262703412 0.000161284720746 -2.72608613379E-06 -5.69954214805E-08 0.000161307767761513 -1.902879222E-06 7.80624137000006E-07 
553 125.712285253 17.324764398 2.5126211536 0.000161245142789 -2.7203307424E-06 -6.06032640379E-08 0.000161268099589313 -1.90942448199998E-06 7.56781417000013E-07 
554 125.728409802 17.3244922126 2.51261494264 0.000161188389173 -2.71569074529E-06 -6.37403180439E-08 0.000161211277034948 -1.923527308E-06 7.83844434999975E-07 
555 125.744531782 17.3242209025 2.51260846698 0.000161182760667 -2.70149063129E-06 -6.54071666918E-08 0.000161205411404096 -1.90548965799998E-06 8.03181145E-07 
556 125.760650811 17.3239502114 2.51260185771 0.000161141722293 -2.69174763369E-06 -6.6662857356E-08 0.000161164216291379 -1.904411843E-06 7.91867742000013E-07 
557 125.77676737 17.3236805684 2.51259512139 0.000161136850628 -2.69241627788E-06 -6.79965889352E-08 0.000161159357032907 -1.935493128E-06 8.12963664000016E-07 
558 125.792882157 17.3234113848 2.51258824067 0.000161124040012 -2.69617076634E-06 -6.93590634791E-08 0.00016114661156 -1.95159951099999E-06 8.24125625000004E-07 
559 125.808994937 17.3231432673 2.51258126432 0.000161157130414 -2.68576974066E-06 -7.00850132404E-08 0.000161179523991988 -1.96834901500001E-06 7.75414389000007E-07 
560 125.825106885 17.3228756853 2.51257420967 0.000161115285786 -2.67080961358E-06 -7.11051898574E-08 0.000161137436971811 -1.95812537400001E-06 7.70235652999997E-07 
561 125.841220022 17.3226076662 2.51256703491 0.000161082794015 -2.6789954075E-06 -7.23550062555E-08 0.000161105086137338 -1.92512623999999E-06 8.07936453000018E-07 
562 125.857332211 17.3223377375 2.51255971777 0.0001611164639 -2.72655634801E-06 -7.37945654597E-08 0.000161139549753612 -1.94159606200001E-06 7.61798615000006E-07 
563 125.873442379 17.3220643881 2.51255227364 0.000161112435774 -2.72833878282E-06 -7.51177224705E-08 0.000161135552986352 -1.952113068E-06 7.65374518000011E-07 
564 125.889551916 17.3217925888 2.51254469748 0.000161109788211 -2.71146089359E-06 -7.64287003686E-08 0.000161132621523132 -1.95250725300002E-06 7.57606121999996E-07 
565 125.905661746 17.3215217218 2.51253700186 0.000161076927646 -2.69814320676E-06 -7.74909825759E-08 0.000161099542524153 -1.93427322500001E-06 7.94812404000009E-07 
566 125.921771449 17.3212513381 2.51252919888 0.000161100355621 -2.70263193121E-06 -7.83950460525E-08 0.000161123042878266 -1.92387587199998E-06 7.84742890000016E-07 
567 125.937881183 17.3209818511 2.51252131011 0.000161102898591 -2.68551128973E-06 -7.92808708562E-08 0.000161125299660748 -1.90190690999999E-06 7.72450942999994E-07 
568 125.953990911 17.3207134727 2.51251327164 0.000161078409923 -2.67809647494E-06 -8.08619150609E-08 0.000161100691751154 -1.88781210999999E-06 7.8057073200002E-07 
569 125.970101895 17.3204457669 2.51250513932 0.000161098526078 -2.67687559565E-06 -8.16362961893E-08 0.000161120785226312 -1.89187512899999E-06 7.92741190999989E-07 
570 125.986212732 17.3201789946 2.51249693621 0.000161088915056 -2.65967946444E-06 -8.2255282251E-08 0.000161110891049315 -1.86926019799999E-06 7.99614156000013E-07 
