0 117.774028543 23.9152013284 2.51339242424 0.0001671546017 -1.11862822935E-05 3.06165416923E-08 0.000167528489273939 7.54842722000001E-06 5.9991445599999E-07 
1 117.790749694 23.9140824474 2.51339546656 0.000167252731611 -1.11784355777E-05 3.03458909891E-08 0.00016762587680361 7.55379318100001E-06 5.91419267000006E-07 
2 117.807480114 23.9129644494 2.5133985009 0.00016733647203 -1.11676094217E-05 3.03307562042E-08 0.000167708709647404 7.55493251199999E-06 5.83204560999993E-07 
3 117.824217885 23.9118476215 2.51340152561 0.000167400194093 -1.1153665897E-05 3.02105797502E-08 0.000167771362747029 7.55367747000001E-06 5.80733329000007E-07 
4 117.840961445 23.9107331765 2.51340453357 0.00016745630873 -1.11281042397E-05 2.99265559639E-08 0.000167825656361134 7.556306537E-06 5.80380585999996E-07 
5 117.857709507 23.9096210118 2.51340750615 0.00016749529163 -1.11098087153E-05 2.9454896675E-08 0.000167863341547523 7.56025288099998E-06 5.79444681999999E-07 
6 117.874460857 23.9085108703 2.51341040976 0.000167523796299 -1.10830769948E-05 2.85318486857E-08 0.000167890016785299 7.56125121900001E-06 5.78889446E-07 
7 117.891214832 23.907403717 2.513413207 0.000167536726579 -1.10604058608E-05 2.75160830728E-08 0.00016790142372162 7.56934545000001E-06 5.78382132E-07 
8 117.907965238 23.9062988519 2.51341594815 0.000167465596054 -1.10355830845E-05 2.74139041964E-08 0.000167828813697942 7.55056451699998E-06 5.7661464899998E-07 
9 117.924706737 23.905196564 2.51341869977 0.000167353789092 -1.10125541975E-05 2.76627047156E-08 0.000167715735214761 7.50170358199999E-06 5.73134661000012E-07 
10 117.941433654 23.9040980744 2.51342148247 0.000167198249356 -1.09734507589E-05 2.79770286098E-08 0.000167557966065429 7.496920497E-06 5.70255433999991E-07 
11 117.958146865 23.9030015877 2.51342429359 0.000167069958541 -1.0957796957E-05 2.83292768559E-08 0.000167428925707568 7.48744722100001E-06 -2.10957541400001E-06 
12 117.974848096 23.901906204 2.51342715452 0.000166957166166 -1.0951067453E-05 2.88981870101E-08 0.000167315934828834 7.48111706899999E-06 -2.099456576E-06 
13 117.991539786 23.9008100729 2.51343007098 0.000166875335602 -1.09646687686E-05 2.94344191176E-08 0.000167235171121 7.47505805200001E-06 -2.08711437100001E-06 
14 118.008223983 23.8997151824 2.51343304068 0.000166810709254 -1.09239772259E-05 2.99644988466E-08 0.000167168019962329 7.443305276E-06 -2.071897237E-06 
15 118.02490051 23.8986274705 2.51343605722 0.000166720097807 -1.08324691816E-05 3.03695000403E-08 0.00016707164428368 7.41691269199999E-06 -2.06324024499998E-06 
16 118.041569447 23.8975482663 2.5134391148 0.000166652627842 -1.07509781345E-05 3.07782784477E-08 0.000166999050430819 7.40484576999999E-06 5.12614296999998E-07 
17 118.058232511 23.8964769406 2.51344221179 0.000166612767476 -1.06765492986E-05 3.11516213718E-08 0.000166954496679067 7.39554135100002E-06 5.39954914999995E-07 
18 118.074892232 23.8954119686 2.51344534175 0.000166584242515 -1.06274855927E-05 3.13428456241E-08 0.000166922899228037 7.40414239199999E-06 5.49491248999999E-07 
19 118.091549451 23.8943510961 2.51344846984 0.000166560561991 -1.05922531013E-05 3.12258090283E-08 0.000166897026970437 7.40717485699999E-06 5.55613756999987E-07 
20 118.108204335 23.8932926034 2.51345159093 0.000166536801507 -1.05794382147E-05 3.1205504453E-08 0.000166872501458161 7.41702515400002E-06 5.64049537999994E-07 
21 118.1248569 23.8922351505 2.51345472269 0.000166513238275 -1.05686156026E-05 3.13914554069E-08 0.000166848299787579 7.41955693700001E-06 5.61818543999993E-07 
22 118.141507319 23.8911790346 2.51345782019 0.000166492051691 -1.05525372525E-05 3.03957350092E-08 0.000166826137768171 7.41728112599999E-06 5.69892090000003E-07 
23 118.158155842 23.890124716 2.51346081451 0.000166475430924 -1.05324309216E-05 2.95357577241E-08 0.000166808279395271 7.422842275E-06 5.90740568999997E-07 
24 118.174802667 23.889072605 2.51346373613 0.000166460665871 -1.05097169151E-05 2.89439743502E-08 0.000166792110933359 7.425031999E-06 5.92662686999998E-07 
25 118.191448482 23.8880226502 2.51346660575 0.000166457170199 -1.04889821933E-05 2.84624193198E-08 0.000166787316868578 7.425348182E-06 6.03516332000004E-07 
26 118.208094226 23.8869749513 2.51346943141 0.000166458947062 -1.04642976604E-05 2.80172546898E-08 0.000166787539604977 7.42184808299998E-06 6.08513970999988E-07 
27 118.224741058 23.8859291027 2.51347220836 0.000166470884219 -1.04479269678E-05 2.75751785898E-08 0.000166798426943933 7.41950311700001E-06 6.10212598999992E-07 
28 118.241388318 23.8848854663 2.51347494297 0.000166473206011 -1.04228862666E-05 2.7066831417E-08 0.000166799177486943 7.42030214799999E-06 6.12985959999991E-07 
29 118.258035724 23.883844602 2.51347762429 0.00016647490979 -1.03933946078E-05 2.6619360537E-08 0.000166799037616086 7.42294329200002E-06 6.19944685999988E-07 
30 118.274683194 23.8828069744 2.513480273 0.000166475019087 -1.03600392249E-05 2.63580998112E-08 0.000166797071579533 7.423880441E-06 6.24664812999993E-07 
31 118.291330867 23.8817724264 2.51348289883 0.000166478738193 -1.03313105423E-05 2.61882863176E-08 0.000166799001596776 7.41877066999999E-06 6.28463023999995E-07 
32 118.307979017 23.8807405789 2.51348553052 0.000166484177166 -1.03063488779E-05 2.64171810157E-08 0.00016680288598133 7.41419787100001E-06 6.30623895000006E-07 
33 118.324627779 23.8797109572 2.51348818134 0.000166490377575 -1.02858722605E-05 2.65878057258E-08 0.000166807810668856 7.409468774E-06 6.36887726999995E-07 
34 118.341277011 23.8786834689 2.51349084474 0.000166494613984 -1.02635774693E-05 2.66912839579E-08 0.000166810665787815 7.40272146699999E-06 6.39550955999985E-07 
35 118.357926727 23.8776582754 2.51349351401 0.000166499686233 -1.0240180181E-05 2.66440720141E-08 0.000166814290502143 7.395822663E-06 6.39860289999996E-07 
36 118.37457691 23.8766354666 2.51349616206 0.000166503880592 -1.02159304275E-05 2.62910897282E-08 0.000166816990075699 7.38967181299999E-06 6.39817340000021E-07 
37 118.391227454 23.8756150908 2.51349877972 0.000166506874359 -1.01918869794E-05 2.61596981985E-08 0.000166818507526397 7.386479586E-06 6.39921730999989E-07 
38 118.40787837 23.8745970674 2.51350140466 0.000166511707089 -1.01684401879E-05 2.64492341198E-08 0.000166821900460071 7.392038779E-06 6.38140128000013E-07 
39 118.424529804 23.8735814065 2.51350406752 0.000166517051779 -1.01447300031E-05 2.66718462659E-08 0.000166825791745142 7.39763715300001E-06 6.40057443000003E-07 
40 118.441181794 23.8725681359 2.5135067295 0.000166522825105 -1.012102085E-05 2.65821261033E-08 0.000166830114339726 7.39991083100001E-06 6.41952168E-07 
41 118.457834364 23.8715571746 2.51350938751 0.000166528511204 -1.00982293157E-05 2.6622613334E-08 0.000166834408884669 7.40159733499999E-06 6.43366966E-07 
42 118.474487412 23.8705485016 2.5135120566 0.000166530682012 -1.00746521004E-05 2.67071789918E-08 0.000166835150311915 7.404402194E-06 6.45561600000002E-07 
43 118.491140667 23.8695421259 2.51351471124 0.000166535014574 -1.0052384858E-05 2.63230083925E-08 0.000166838131772675 7.40803526200001E-06 6.49252779000016E-07 
44 118.507794319 23.8685380619 2.5135173141 0.000166537039933 -1.00289867772E-05 2.57410241626E-08 0.000166838745224313 7.40229963499999E-06 6.5102241900001E-07 
45 118.524447106 23.8675353497 2.51351985705 0.000166505868359 -1.00328057104E-05 2.51355434799E-08 0.000166807859587619 7.37428519100001E-06 6.71531741000021E-07 
46 118.541094646 23.8665313242 2.51352235511 0.000166444809937 -1.00471045069E-05 2.48509668255E-08 0.000166747772643317 7.36014486200001E-06 6.78852155000016E-07 
47 118.557736232 23.8655259615 2.51352483037 0.000166388510082 -1.00605093553E-05 2.47242042961E-08 0.000166692383590499 7.35242834099998E-06 6.76067654000015E-07 
48 118.574372448 23.8645194293 2.51352731296 0.00016633702023 -1.00693581171E-05 2.49223557355E-08 0.000166641522115617 7.34693764600002E-06 6.68705506000003E-07 
49 118.591003758 23.8635122158 2.51352981151 0.000166290725065 -1.00742244575E-05 2.5003796917E-08 0.000166595605783146 7.34993728600001E-06 6.63206624000004E-07 
50 118.607630761 23.8625047554 2.5135323087 0.000166250300099 -1.0074380388E-05 2.49234188201E-08 0.000166555264234987 7.35763097800001E-06 6.57409633999996E-07 
51 118.624253964 23.8614973668 2.51353479981 0.000166214768877 -1.00730186729E-05 2.48970045483E-08 0.000166519715703216 7.367411569E-06 6.53692453999992E-07 
52 118.640873934 23.8604902544 2.51353728375 0.000166185770157 -1.00686471141E-05 2.47057497307E-08 0.000166490505638483 7.36720715700001E-06 6.51498125999979E-07 
53 118.657491243 23.859483728 2.51353973281 0.000166160609749 -1.00613692073E-05 2.42749074419E-08 0.000166464951181191 7.37139127599998E-06 6.48198539000003E-07 
54 118.674106198 23.8584780704 2.51354214616 0.000166138699347 -1.00513001458E-05 2.40171218138E-08 0.000166442472440648 7.37128193000001E-06 6.45449803000014E-07 
55 118.690718925 23.8574735509 2.51354454162 0.00016611592827 -1.00381680176E-05 2.39230849352E-08 0.00016641895028652 7.369958802E-06 6.46492445000014E-07 
56 118.707329448 23.8564704552 2.5135469303 0.000166093722725 -1.00236464773E-05 2.3885767235E-08 0.000166395909769083 7.36723960400001E-06 6.42133312000001E-07 
57 118.723937757 23.8554688212 2.51354931741 0.000166072795969 -1.00091645911E-05 2.38336123656E-08 0.000166374149148279 7.36301802600002E-06 6.40153229999999E-07 
58 118.740544105 23.8544686691 2.51355169616 0.000166055573647 -9.9936971703E-06 2.37135543575E-08 0.000166356028098469 7.36790053E-06 6.34715192000004E-07 
59 118.757148872 23.8534700962 2.51355406174 0.000166039406371 -9.97721921175E-06 2.35579714311E-08 0.000166338900820618 7.37456485600001E-06 6.36245976999984E-07 
60 118.773752254 23.8524732239 2.51355640892 0.000166027794914 -9.96012611001E-06 2.34134794159E-08 0.000166326285788878 7.378304473E-06 6.38581620000008E-07 
61 118.790354533 23.8514781986 2.51355874536 0.000166020889763 -9.94052641956E-06 2.3351544421E-08 0.000166318220434476 7.38436266299998E-06 6.29246145000009E-07 
62 118.806955918 23.8504851766 2.51356107675 0.000166012070631 -9.9209422085E-06 2.32794315503E-08 0.000166308247635012 7.38738245300002E-06 6.27019658000006E-07 
63 118.823556613 23.849494061 2.51356339455 0.000166004915988 -9.90131432074E-06 2.3006294533E-08 0.000166299935919262 7.38808229099999E-06 6.27024911E-07 
64 118.840156852 23.8485049617 2.51356567861 0.000166000319205 -9.88082975308E-06 2.26879928256E-08 0.000166294128842591 7.38821795699999E-06 6.29006297000014E-07 
65 118.856756878 23.8475180319 2.51356791986 0.000166000821565 -9.85736742802E-06 2.20958227198E-08 0.000166293237809273 7.38942926E-06 6.27138667000008E-07 
66 118.873357076 23.8465335121 2.51357008951 0.000166003294272 -9.83294534491E-06 2.12738686578E-08 0.000166294260201276 7.391537584E-06 6.25830407999987E-07 
67 118.889957517 23.845551441 2.51357216735 0.000166005152741 -9.80844770767E-06 2.02819022446E-08 0.000166294668568636 7.393444457E-06 6.20491480999999E-07 
68 118.906558174 23.8445717597 2.51357416774 0.00016600830695 -9.7855854518E-06 1.99266586678E-08 0.000166296470365765 7.39205605199998E-06 6.12573377E-07 
69 118.923159227 23.8435943095 2.51357616157 0.000166012846204 -9.7633482438E-06 1.99473599014E-08 0.000166299694742894 7.386085805E-06 6.09314705000009E-07 
70 118.939760749 23.8426190942 2.5135781589 0.00016601765189 -9.74111093991E-06 2.00007897054E-08 0.000166303188127722 7.38202497800001E-06 6.07885244000001E-07 
71 118.956362823 23.8416460736 2.5135801639 0.000166024480501 -9.718900424E-06 2.01453153609E-08 0.000166308705595685 7.37546523099999E-06 6.17939649000005E-07 
72 118.972965658 23.8406753483 2.51358219134 0.000166032042014 -9.69554219915E-06 2.04294355078E-08 0.000166314890888447 7.372739292E-06 6.17793001000001E-07 
73 118.989569173 23.8397070152 2.51358425113 0.000166036911889 -9.66952074542E-06 2.07777576501E-08 0.000166318237643371 7.370891131E-06 6.17473370999989E-07 
74 119.00617306 23.8387415795 2.51358634856 0.000166041472727 -9.63954261965E-06 2.1181294726E-08 0.000166321050669825 7.37029744499998E-06 6.17862322999991E-07 
75 119.022777299 23.8377789829 2.5135884816 0.000166044312965 -9.6133299996E-06 2.1471096025E-08 0.000166322369038888 7.36849161500001E-06 6.18614980999989E-07 
76 119.039382107 23.8368186283 2.51359064452 0.000166051348953 -9.59397619092E-06 2.17934555756E-08 0.000166328275837927 7.36806930799999E-06 6.17589568999995E-07 
77 119.055987447 23.8358602098 2.51359284068 0.000166054822798 -9.57395109403E-06 2.21272237388E-08 0.000166330590101881 7.36902373700001E-06 6.17897472000021E-07 
78 119.072593013 23.8349039401 2.51359506718 0.000166056767437 -9.55161877421E-06 2.23550647983E-08 0.000166331247613257 7.36820220999999E-06 6.18800416E-07 
79 119.089198876 23.8339498486 2.51359729642 0.000166060449026 -9.53030788537E-06 2.22407185037E-08 0.000166333700715628 7.36947800699999E-06 6.11559985999979E-07 
80 119.105805081 23.8329978938 2.51359952692 0.000166063836397 -9.50873298915E-06 2.24122575884E-08 0.000166335847802745 7.370191961E-06 6.12083842999994E-07 
81 119.122411671 23.8320481056 2.51360177311 0.000166067767371 -9.48732132813E-06 2.23296156568E-08 0.000166338549723699 7.36950935199999E-06 6.15249599999991E-07 
82 119.139018702 23.8311003154 2.51360397725 0.0001660730562 -9.4682929863E-06 2.16775441352E-08 0.000166342745671696 7.36976067200002E-06 6.24210744999996E-07 
83 119.155626274 23.8301545022 2.51360609526 0.000166078448904 -9.44800970159E-06 2.06828647513E-08 0.000166346976243816 7.36899556E-06 6.31308881999989E-07 
84 119.172234399 23.8292107011 2.51360811415 0.000166084132511 -9.42816707033E-06 1.97382276303E-08 0.000166351524777608 7.36853032100001E-06 6.33730071000012E-07 
85 119.188843158 23.8282688764 2.51361005495 0.000166091263672 -9.40833672528E-06 1.91417711376E-08 0.000166357521725065 7.365417844E-06 6.35089562999998E-07 
86 119.205452718 23.8273289728 2.51361193676 0.000166100190363 -9.38972214728E-06 1.84873273524E-08 0.00016636538240394 7.36131340200002E-06 6.38094546000006E-07 
87 119.222063194 23.8263909196 2.51361375521 0.000166114274402 -9.37493771338E-06 1.78176273181E-08 0.000166378610207865 7.36647974100002E-06 6.45091973999995E-07 
88 119.238674403 23.8254475561 2.5136155047 0.0001660949724 -9.51636035425E-06 1.72014711175E-08 0.000166367368395486 7.44119943199998E-06 5.73944863000011E-07 
89 119.255281614 23.8244879293 2.51361719607 0.000166050348888 -9.66804021144E-06 1.66640702292E-08 0.00016633156538988 7.45636437500001E-06 5.66962122000011E-07 
90 119.271884838 23.8235155208 2.51361884459 0.000166016262926 -9.77309467646E-06 1.63182698015E-08 0.000166303677655534 7.45678667299999E-06 5.8549888300001E-07 
91 119.288485173 23.8225346652 2.51362046274 0.000165992693951 -9.83906933851E-06 1.61196437454E-08 0.000166284040095258 7.45191109100001E-06 6.04980859999989E-07 
92 119.305083645 23.8215486466 2.51362208278 0.00016597875569 -9.877768077E-06 1.6289599682E-08 0.000166272420767651 7.43927258E-06 6.21700971000015E-07 
93 119.321681024 23.8205598599 2.51362372136 0.000165969580948 -9.89531030155E-06 1.64950076595E-08 0.000166264305363791 7.42545665900001E-06 6.35986546E-07 
94 119.338277614 23.8195700951 2.51362537467 0.000165963004041 -9.89735008626E-06 1.65965018033E-08 0.000166257861541904 7.41324821800001E-06 6.52078729999997E-07 
95 119.354873688 23.8185808625 2.51362703603 0.000165956680918 -9.88117912367E-06 1.65413853112E-08 0.000166250587715684 7.40345553099998E-06 6.59579412999996E-07 
96 119.371469099 23.8175945092 2.51362867737 0.000165951696147 -9.84812113541E-06 1.6294359276E-08 0.00016624365013278 7.39077004500001E-06 6.64686675999989E-07 
97 119.38806424 23.8166111563 2.51363030095 0.00016595222352 -9.8188895713E-06 1.62178826996E-08 0.000166242447487593 7.38785675199999E-06 6.67911813999995E-07 
98 119.404659598 23.815630704 2.51363193802 0.000165955654991 -9.79006466358E-06 1.64560103619E-08 0.000166244173011896 7.38886877000002E-06 6.71672069000001E-07 
99 119.421255416 23.8146531615 2.51363358174 0.000165960753761 -9.76002541366E-06 1.64379822727E-08 0.000166247496688527 7.390635533E-06 6.74311623000015E-07 
100 119.437851826 23.813678766 2.51363522625 0.00016596724005 -9.7270040569E-06 1.63967437873E-08 0.000166252036518626 7.391179385E-06 6.75816149000002E-07 
101 119.454448983 23.8127077563 2.51363685869 0.000165975521011 -9.69279961073E-06 1.62500323561E-08 0.000166258305666906 7.39549994400001E-06 6.79968891999981E-07 
102 119.471046939 23.8117401134 2.51363846707 0.000165983176893 -9.6600880666E-06 1.58530482582E-08 0.00016626404471282 7.39585131299999E-06 6.83816681000001E-07 
103 119.487645617 23.8107758131 2.51364003307 0.000165989287928 -9.62551201019E-06 1.5502839142E-08 0.0001662681401491 7.39102734600001E-06 6.86006281000012E-07 
104 119.504244911 23.8098149086 2.51364156754 0.000165995651004 -9.59272062874E-06 1.51363423537E-08 0.00016627259747298 7.382449645E-06 6.88377405999997E-07 
105 119.520844551 23.8088574092 2.51364306687 0.000165996721565 -9.55754352646E-06 1.48635184882E-08 0.000166271640484818 7.36797236800001E-06 6.88396958000017E-07 
106 119.537444244 23.8079033364 2.51364454051 0.000165996751512 -9.52399138301E-06 1.46110450552E-08 0.000166269745106808 7.36038020499998E-06 6.87941932999998E-07 
107 119.554043754 23.8069526735 2.51364599488 0.000165993765926 -9.48959387347E-06 1.44701371579E-08 0.000166264797619833 7.35456366599999E-06 6.87503516000001E-07 
108 119.570642967 23.8060053559 2.51364743801 0.000165990556476 -9.45793553894E-06 1.44412157496E-08 0.000166259789463417 7.35489848100002E-06 6.86213348999993E-07 
109 119.587241831 23.8050610929 2.51364888746 0.000165986834504 -9.42768393512E-06 1.45521635826E-08 0.000166254355325821 7.35345103399998E-06 6.83633009999988E-07 
110 119.603840316 23.8041197973 2.51365035326 0.000165982662636 -9.3981395595E-06 1.47198017519E-08 0.000166248517405686 7.35645099199999E-06 6.82098670000018E-07 
111 119.620438272 23.8031814714 2.5136518223 0.000165972923547 -9.36827302307E-06 1.45988015217E-08 0.000166237108081493 7.36232482699998E-06 6.78245564000011E-07 
112 119.637035811 23.8022465702 2.51365327256 0.00016597475765 -9.33123399749E-06 1.43794291527E-08 0.000166236856056833 7.36346083E-06 6.78114949999981E-07 
113 119.653632783 23.8013149101 2.51365469654 0.000165970780136 -9.29938781447E-06 1.41045351183E-08 0.000166231100193719 7.36483232499998E-06 6.78440174999988E-07 
114 119.670229309 23.8003863913 2.51365609573 0.000165959348652 -9.27138011565E-06 1.38713968449E-08 0.000166218122016405 7.36728775E-06 6.76677979999986E-07 
115 119.686825467 23.7994610261 2.51365748264 0.000165947175568 -9.24213762302E-06 1.38783394647E-08 0.000166204339231705 7.344562578E-06 6.90937437999997E-07 
116 119.703420794 23.7985387452 2.51365886615 0.000165943640859 -9.20990988116E-06 1.37862982115E-08 0.000166199020970708 7.36115639700001E-06 6.77189834000008E-07 
117 119.720015253 23.7976196006 2.51366025011 0.000165944393954 -9.17427715111E-06 1.38721999618E-08 0.00016619780214685 7.357461989E-06 6.74903164000009E-07 
118 119.736608876 23.7967033888 2.51366162872 0.000165932393558 -9.1478766017E-06 1.36901972658E-08 0.000166184364684613 7.359769859E-06 6.72813008999976E-07 
119 119.753201819 23.7957899875 2.5136629905 0.000165924741588 -9.12104997914E-06 1.35622447839E-08 0.000166175249684485 7.364184417E-06 6.73059527999987E-07 
120 119.769794235 23.7948793463 2.51366435027 0.00016592525475 -9.09170042257E-06 1.35986287928E-08 0.000166174153722379 7.36795300099999E-06 6.72153114999991E-07 
121 119.786385595 23.7939703106 2.51366571503 0.000165915380539 -9.08374967285E-06 1.37010629307E-08 0.000166163859473832 7.35804142099999E-06 6.73213183999993E-07 
122 119.80297715 23.7930629507 2.51366708359 0.000165922456936 -9.05962045877E-06 1.36467701413E-08 0.000166169608005706 7.37442653499999E-06 6.66673405999986E-07 
123 119.819568849 23.7921580296 2.51366842844 0.000165923045196 -9.03367040759E-06 1.31716108811E-08 0.000166168782572534 7.37233936300001E-06 6.64827844999981E-07 
124 119.836160683 23.7912557045 2.51366972459 0.000165906690983 -9.01545409409E-06 1.27021014324E-08 0.00016615146308954 7.35460079E-06 6.77160822000011E-07 
125 119.852752853 23.790356049 2.51367096404 0.000165926665046 -8.98061761726E-06 1.20497982313E-08 0.000166169521306624 7.36641133499999E-06 6.68076913999991E-07 
126 119.869345489 23.7894591926 2.51367212737 0.00016592389489 -8.95653908942E-06 1.12061170588E-08 0.000166165455536056 7.363795461E-06 6.68651077000013E-07 
127 119.885938523 23.7885651662 2.51367321433 0.000165918755531 -8.93169498002E-06 1.06064474867E-08 0.000166158986289242 7.350476359E-06 6.67259709999992E-07 
128 119.902531859 23.7876738547 2.51367424245 0.000165927142691 -8.90396744631E-06 9.97681406302E-09 0.000166165873203318 7.35916387599998E-06 6.58146140999997E-07 
129 119.919125608 23.7867851304 2.51367522891 0.000165940909876 -8.87383780425E-06 9.84957516448E-09 0.000166178008968892 7.352828434E-06 6.52475058000011E-07 
130 119.935719989 23.7858989175 2.51367621924 0.000165954634931 -8.8483610923E-06 9.95848255414E-09 0.000166190356062777 7.34458525E-06 6.50051106999995E-07 
131 119.952315172 23.7850149781 2.51367722379 0.000165957422659 -8.82657435835E-06 1.01852804214E-08 0.000166191981317576 7.339345562E-06 6.58470977000001E-07 
132 119.968911358 23.7841335071 2.51367825855 0.000165961270635 -8.80495421775E-06 1.0472493998E-08 0.000166194677048435 7.334001275E-06 6.62127315999989E-07 
133 119.985508535 23.7832545548 2.51367932446 0.000165965728007 -8.78068175139E-06 1.08330903586E-08 0.000166197844036162 7.321505855E-06 6.60901648999993E-07 
134 120.002106588 23.782378107 2.51368042708 0.000165980456817 -8.75445537136E-06 1.1200159046E-08 0.000166211168877042 7.32553253100001E-06 6.59607636999983E-07 
135 120.018705341 23.7815040381 2.51368156387 0.000165991429784 -8.72802775349E-06 1.15006238536E-08 0.000166220736860557 7.32842375000001E-06 6.59905000000011E-07 
136 120.035304378 23.7806326205 2.5136827292 0.000165995925171 -8.69760733022E-06 1.1815768537E-08 0.000166223631551772 7.31948355700001E-06 6.61352217999991E-07 
137 120.051903407 23.7797641075 2.51368392656 0.000165993403643 -8.67023450621E-06 1.21395259809E-08 0.000166219683451596 7.321359852E-06 6.59206045000013E-07 
138 120.068502423 23.7788983351 2.51368515818 0.000165988854197 -8.64518306431E-06 1.24679482571E-08 0.000166213835354636 7.31619801300001E-06 6.59819538999999E-07 
139 120.085101564 23.7780350718 2.51368640423 0.000165993426558 -8.62146669727E-06 1.23769168895E-08 0.000166217169695752 7.31567740800001E-06 6.52508698000003E-07 
140 120.101701108 23.7771741309 2.51368765204 0.000165997812873 -8.59860409532E-06 1.26121183884E-08 0.00016622036587035 7.30992998600001E-06 6.51005521000003E-07 
141 120.118301028 23.7763140572 2.51368891355 0.000165997054286 -8.60443492526E-06 1.25217897009E-08 0.000166219910025266 7.30100232299998E-06 6.64115009999997E-07 
142 120.134902268 23.7754544677 2.51369014462 0.000166022711922 -8.58759947925E-06 1.20828412105E-08 0.000166244662725594 7.319157683E-06 6.61260688999981E-07 
143 120.151504212 23.7745960064 2.51369131434 0.000166025407912 -8.57829461357E-06 1.12047471332E-08 0.000166246874666472 7.31605470899999E-06 6.6792125600002E-07 
144 120.168106769 23.7737384658 2.5136923837 0.000166032942933 -8.56952374874E-06 1.01844059687E-08 0.000166253947261396 7.30921849199999E-06 6.69936689000008E-07 
145 120.184710148 23.7728818266 2.51369335394 0.000166043203479 -8.55859373862E-06 9.2345249778E-09 0.000166263631121264 7.30858847399998E-06 6.71769179999988E-07 
146 120.201314339 23.7720261676 2.51369422618 0.000166042394072 -8.55583726555E-06 8.23595682787E-09 0.000166262680864669 7.28593400800001E-06 6.85554343000022E-07 
147 120.217919909 23.7711714386 2.51369499564 0.000166064468933 -8.53969177939E-06 7.25056148204E-09 0.000166283896485068 7.30208530899998E-06 6.77300293E-07 
148 120.234526816 23.7703183156 2.51369568359 0.000166074695807 -8.52165687486E-06 6.56827764018E-09 0.000166293184666187 7.29357491899998E-06 6.89648355000011E-07 
149 120.251134647 23.769467175 2.51369630834 0.000166087063806 -8.49957922285E-06 5.96388134661E-09 0.000166304406574906 7.30745173700001E-06 6.85108136000016E-07 
150 120.267743349 23.7686180602 2.51369688595 0.000166082369567 -8.4850621066E-06 5.60454537354E-09 0.000166298977120587 7.30501377399999E-06 6.94283066000006E-07 
151 120.284352538 23.7677701792 2.5136974373 0.000166087475634 -8.47490777918E-06 5.52168351462E-09 0.000166303558755756 7.292770441E-06 7.04348056999995E-07 
152 120.300962917 23.7669243275 2.51369799475 0.000166112326612 -8.44486344743E-06 5.63333821496E-09 0.00016632684931433 7.29826465699999E-06 7.04391535000004E-07 
153 120.317574253 23.7660809784 2.5136985648 0.000166125294422 -8.41818201685E-06 5.83187392817E-09 0.0001663384479586 7.29519042600002E-06 6.98099141000001E-07 
154 120.334186606 23.7652400272 2.51369916217 0.000166133993399 -8.39446127077E-06 6.09644296216E-09 0.000166345937070588 7.286523062E-06 7.07987276000013E-07 
155 120.350799781 23.7644016341 2.51369978253 0.000166142198174 -8.36783537486E-06 6.25657804858E-09 0.000166352789943825 7.276246857E-06 7.10159059999992E-07 
156 120.367413824 23.7635659173 2.51370041471 0.000166151195261 -8.3406656215E-06 6.33966374724E-09 0.000166360411245765 7.27531273399999E-06 7.11488246E-07 
157 120.384028748 23.7627329475 2.51370105273 0.000166160564046 -8.31326955105E-06 6.43570962289E-09 0.000166368397047431 7.272464172E-06 7.12153452999998E-07 
158 120.400644611 23.7619026976 2.51370168924 0.000166167227976 -8.28748126517E-06 6.3171771339E-09 0.000166373766077634 7.26256894100001E-06 7.17450871999986E-07 
159 120.417261398 23.761075074 2.51370230964 0.000166167164159 -8.26490094724E-06 6.13884326374E-09 0.0001663725790808 7.25079376900001E-06 7.24099977000001E-07 
160 120.433879148 23.7602499837 2.5137029204 0.000166172427107 -8.24176577534E-06 6.09439161106E-09 0.000166376687882853 7.25940584E-06 7.20934002000016E-07 
161 120.450497896 23.7594274225 2.51370352737 0.000166184968209 -8.21538511446E-06 5.92130432298E-09 0.000166387908954548 7.276056607E-06 7.18024160999999E-07 
162 120.467117525 23.7586073562 2.5137040874 0.000166198308078 -8.18928931433E-06 5.2749862446E-09 0.000166399946199778 7.28563930800001E-06 7.19597353999996E-07 
163 120.4837376 23.7577717444 2.51370458412 0.000166160326084 -8.47005217919E-06 4.67199601009E-09 0.000166376067299618 7.385519519E-06 6.18449206000007E-07 
164 120.500350796 23.7569221209 2.51370502907 0.000166113602469 -8.5094919615E-06 4.2957186636E-09 0.000166331417348392 7.32662652000001E-06 6.64381300000003E-07 
165 120.516960423 23.7560706997 2.51370545262 0.000166088921577 -8.51376521475E-06 4.14026685255E-09 0.000166306987483643 7.310609917E-06 6.86224320999994E-07 
166 120.533567857 23.7552192134 2.51370585652 0.000166072463242 -8.5096074919E-06 3.9444463273E-09 0.000166290337910807 7.29941025799999E-06 6.97188745000014E-07 
167 120.550167361 23.7543529523 2.51370623465 0.000165921813971 -8.81574086438E-06 3.60761588176E-09 0.000166155847478895 7.41481442700001E-06 5.82105775000008E-07 
168 120.56675704 23.7534628401 2.51370658577 0.00016586507335 -8.97189468738E-06 3.41247230288E-09 0.000166107547881869 7.41688116899999E-06 6.17221304000012E-07 
169 120.583341905 23.7525609372 2.51370691796 0.000165831757301 -9.06208191968E-06 3.27436284812E-09 0.000166079177108324 7.40459839999999E-06 6.40527972000016E-07 
170 120.599923261 23.7516514734 2.51370724865 0.000165796185468 -9.12652350359E-06 3.25722723721E-09 0.000166047187743757 7.40705492800002E-06 6.50409602999998E-07 
171 120.616499823 23.7507345445 2.51370756555 0.000165745401822 -9.21184845126E-06 3.10362087317E-09 0.000166001193931422 7.415218859E-06 6.48643425999991E-07 
172 120.63307101 23.7498076585 2.51370786247 0.000165674779365 -9.33300487866E-06 2.79774273035E-09 0.000165937450581639 7.42695079700002E-06 6.42836068000014E-07 
173 120.649636107 23.7488668655 2.51370812748 0.000165611792395 -9.49955294628E-06 2.50296915548E-09 0.000165884017592801 7.48911652400001E-06 6.07170360000022E-07 
174 120.666193353 23.7479043828 2.5137083657 0.000165525067423 -9.77687632777E-06 2.22143951899E-09 0.000165813555721636 7.57409618099998E-06 5.51523249999998E-07 
175 120.682738398 23.7469057981 2.5137085835 0.000165365916363 -1.02035835376E-05 2.11470317969E-09 0.000165680413495547 7.65024302000001E-06 4.7163363900001E-07 
176 120.699263191 23.7458643281 2.51370878542 0.000165126265189 -1.06211295729E-05 1.83850499492E-09 0.000165467494850355 7.64610797000001E-06 4.54768293000013E-07 
177 120.715768923 23.7447895084 2.51370895368 0.000165009502744 -1.08173369177E-05 1.60487964787E-09 0.00016536369243697 7.61591400700001E-06 5.59300853000003E-07 
178 120.732268727 23.7437096175 2.51370911608 0.000164997843121 -1.075471798E-05 1.61996486263E-09 0.000165347973062979 7.535657621E-06 6.77979482000018E-07 
179 120.748768544 23.7426407931 2.5137092795 0.000165005579486 -1.06140527323E-05 1.75351202718E-09 0.00016534660377519 7.47611138300001E-06 7.47304666E-07 
180 120.765270362 23.7415875094 2.51370946651 0.000165028343602 -1.04519022657E-05 1.98645947369E-09 0.000165358992670304 7.46546993599998E-06 7.64416186999978E-07 
181 120.781775176 23.7405506127 2.5137096787 0.000165067991935 -1.02869823562E-05 2.23819181275E-09 0.000165388221988325 7.455136054E-06 7.70486687000008E-07 
182 120.798283221 23.7395295723 2.51370991267 0.000165102326867 -1.01321270523E-05 2.40296613842E-09 0.000165412932811422 7.44420042500001E-06 7.72879334999982E-07 
183 120.814794487 23.7385234378 2.51371013877 0.000165119158 -9.9932861561E-06 2.08456306965E-09 0.000165421286753465 7.43247347999998E-06 7.71591637999981E-07 
184 120.831309045 23.737531302 2.51371030893 0.000165163029708 -9.85471962277E-06 1.29132803822E-09 0.000165456767413233 7.437804071E-06 7.65231893999998E-07 
185 120.847828277 23.7365477158 2.51371040792 0.00016521518338 -9.89735674223E-06 6.53623458861E-10 0.000165511372691417 7.56477352999998E-06 6.88693295000013E-07 
186 120.864349567 23.7355546192 2.51371043658 0.000165224975541 -9.9270214883E-06 -9.7925301315E-11 0.00016552292378448 7.50750741299999E-06 7.01133165000002E-07 
187 120.880872536 23.7345647141 2.513710404 0.000165239783534 -9.86402427691E-06 -4.90456758111E-10 0.000165533939231625 7.45640686399999E-06 7.31409511999984E-07 
188 120.897398237 23.7335825086 2.51371033138 0.000165264614927 -9.78384082098E-06 -9.60372190765E-10 0.00016555396850907 7.45223361700001E-06 7.30472883000012E-07 
189 120.913927048 23.7326082642 2.51371022358 0.000165303622396 -9.70524489482E-06 -1.22529258153E-09 0.00016558828266882 7.4467733E-06 7.22370532000005E-07 
190 120.930458954 23.7316411831 2.51371009532 0.000165337181558 -9.63705481852E-06 -1.27534661334E-09 0.000165617802282076 7.44026670900002E-06 7.17516894999988E-07 
191 120.946993959 23.7306803789 2.51370997688 0.000165370451741 -9.57772426365E-06 -1.05259522209E-09 0.000165647575026624 7.43636804199999E-06 7.22328960999998E-07 
192 120.963532069 23.7297250634 2.51370989623 0.000165402716805 -9.52610631132E-06 -5.67241908506E-10 0.000165676810170438 7.431821251E-06 7.21637413000009E-07 
193 120.980073269 23.7287744469 2.51370985668 0.000165433042792 -9.48266552435E-06 -2.0229176188E-10 0.000165704594362701 7.426739098E-06 7.18851515000006E-07 
194 120.996617394 23.727827818 2.51370985493 0.000165461178013 -9.44586759691E-06 1.66396620479E-10 0.000165730582102808 7.425846593E-06 7.15139729E-07 
195 121.013164205 23.7268846855 2.51370989172 0.000165483907274 -9.41294993947E-06 5.25841232913E-10 0.000165751401784447 7.425528576E-06 7.12926719000003E-07 
196 121.029712015 23.7259444017 2.51370995695 0.000165467766066 -9.39302132021E-06 7.77078994994E-10 0.000165734155975762 7.41844103999999E-06 7.11220890000004E-07 
197 121.046256991 23.7250063006 2.51371004924 0.000165433061829 -9.36995546943E-06 1.05108354754E-09 0.000165698201597729 7.41336246999998E-06 7.13004529999997E-07 
198 121.062800008 23.7240708316 2.51371017211 0.000165419652957 -9.34288447954E-06 1.39473673335E-09 0.000165683285447741 7.401026859E-06 7.15513005000007E-07 
199 121.079341268 23.7231415932 2.51371032273 0.000165417001414 -9.21795884411E-06 1.57016983618E-09 0.000165673640403404 7.34321225299999E-06 7.48169657999984E-07 
200 121.095883483 23.7222276507 2.51371048929 0.000165445788176 -9.05884239615E-06 1.77125373737E-09 0.000165693607160546 7.33156601199998E-06 7.54907164999993E-07 
201 121.112428618 23.7213285665 2.51371067546 0.000165475010956 -8.91981690276E-06 1.76009858432E-09 0.000165715244885813 7.326041712E-06 7.62283640000014E-07 
202 121.128977078 23.72044261 2.51371082908 0.000165497746292 -8.81217514421E-06 1.36568148528E-09 0.000165732188968735 7.328973191E-06 7.60505026999996E-07 
203 121.145529073 23.7195659246 2.51371094785 0.000165546434783 -8.71681142278E-06 9.68504281114E-10 0.000165775766840876 7.33223855000002E-06 7.58214520999985E-07 
204 121.162084537 23.7186992632 2.51371100329 0.000165569409824 -8.61147234653E-06 5.44201641132E-11 0.000165793205305422 7.30730426E-06 7.70597407000016E-07 
205 121.178642917 23.7178434449 2.51371095737 0.000165600815275 -8.50213139468E-06 -9.61053972344E-10 0.000165818926117982 7.29379047399999E-06 7.70781668999989E-07 
206 121.195203921 23.7169983356 2.51371079203 0.000165637163011 -8.39373894825E-06 -2.40558530465E-09 0.000165849704942911 7.29446199499998E-06 7.63078529000013E-07 
207 121.211767804 23.7161624951 2.5137104845 0.000165662280475 -8.3208463274E-06 -3.6900881743E-09 0.0001658711176468 7.27994210999999E-06 7.62329317999998E-07 
208 121.228334238 23.7153302119 2.51371006776 0.000165689583239 -8.33473455232E-06 -4.63538876199E-09 0.000165899083226695 7.296459587E-06 7.40866830000001E-07 
209 121.244904491 23.7144952423 2.51370956575 0.00016572065748 -8.35955597209E-06 -5.29572320579E-09 0.000165931366895167 7.29604582000001E-06 7.3733314400002E-07 
210 121.261477374 23.713658702 2.51370901 0.000165731809802 -8.37154283741E-06 -5.7714748528E-09 0.000165943109356896 7.31030391200001E-06 7.36811554000015E-07 
211 121.278051742 23.7128216882 2.51370842293 0.000165743748611 -8.37487072894E-06 -5.8787073264E-09 0.000165955200876357 7.31166163300001E-06 7.41182925999989E-07 
212 121.294627396 23.7119842834 2.51370784086 0.000165766593072 -8.37508631558E-06 -5.778975096E-09 0.000165978027108675 7.30560051E-06 7.45848530999988E-07 
213 121.311204411 23.7111464162 2.51370726406 0.000165783263059 -8.37821660146E-06 -5.75384226463E-09 0.000165994833826289 7.31696126200001E-06 7.37918024000002E-07 
214 121.327782775 23.7103089753 2.51370670021 0.000165795550381 -8.36451229041E-06 -5.48448159036E-09 0.000166006414400392 7.31147447900001E-06 7.44969353000001E-07 
215 121.344361875 23.7094735094 2.51370618162 0.00016580034754 -8.33665965137E-06 -4.88445455118E-09 0.000166009804416442 7.30641197100001E-06 7.5560017700002E-07 
216 121.360941028 23.7086413466 2.51370571008 0.000165800562092 -8.29819930211E-06 -4.51936062366E-09 0.000166008091736835 7.31016834200002E-06 7.53782674000003E-07 
217 121.377520277 23.7078131878 2.51370526683 0.000165781775606 -8.26427767718E-06 -4.47557017446E-09 0.000165987636372817 7.29465595399999E-06 7.60354516999998E-07 
218 121.394099356 23.7069888943 2.51370481318 0.000165797361948 -8.2235006013E-06 -4.65761281556E-09 0.000166001178347472 7.300918949E-06 7.54743339999986E-07 
219 121.410678496 23.7061681679 2.51370433266 0.000165797555515 -8.18704249932E-06 -4.92404678679E-09 0.000165999569589446 7.3005795E-06 7.54914830000003E-07 
220 121.427257999 23.7053509512 2.51370383008 0.000165799017287 -8.15414281056E-06 -5.12519115541E-09 0.000165999410253704 7.297142127E-06 7.55858973000003E-07 
221 121.443838309 23.7045363483 2.51370331151 0.000165803544143 -8.13949059562E-06 -5.39428973557E-09 0.000166003212579258 7.29876138100001E-06 7.60841418000012E-07 
222 121.460419339 23.7037234727 2.51370274387 0.00016580863649 -8.1189688618E-06 -5.96076023547E-09 0.000166007293892716 7.29733186000001E-06 7.62561208999998E-07 
223 121.477001109 23.7029133464 2.51370212223 0.000165822917261 -8.08237495961E-06 -6.42656929218E-09 0.000166019772061152 7.29701510300001E-06 7.61332198000013E-07 
224 121.493583766 23.7021075459 2.51370147417 0.000165830854011 -8.03647372606E-06 -6.53432765476E-09 0.000166025471222535 7.28699988999999E-06 7.64410012000014E-07 
225 121.510165473 23.7013053452 2.51370080946 0.000165774665332 -7.99869838447E-06 -6.7398767789E-09 0.000165967523591841 7.28716733000001E-06 7.7443153000001E-07 
226 121.52674096 23.70050797 2.51370012295 0.000165732462656 -7.94582327667E-06 -7.02023538333E-09 0.000165922829456498 7.27678458700001E-06 7.58583459999995E-07 
227 121.543311012 23.699715276 2.51369940867 0.000165694034712 -7.90843257746E-06 -7.24047634332E-09 0.00016588265882062 7.26800170499999E-06 7.59151030999987E-07 
228 121.55987742 23.6989259398 2.51369867652 0.000165653511087 -7.87665055762E-06 -7.39792017346E-09 0.00016584066875826 7.26672059000002E-06 7.60666538000018E-07 
229 121.576440796 23.6981395605 2.51369793502 0.000165621390967 -7.84281256167E-06 -7.41678317445E-09 0.000165806980883587 7.26840673299998E-06 7.59851291999998E-07 
230 121.593001294 23.6973564774 2.51369718103 0.000165590954798 -7.80947187796E-06 -7.71987268089E-09 0.000165775004815329 7.26772586300001E-06 7.56804180000021E-07 
231 121.60955885 23.696576663 2.51369640185 0.00016556261128 -7.77870421745E-06 -7.83781924944E-09 0.000165745245948674 7.26573218800001E-06 7.53666683999982E-07 
232 121.626113994 23.6957998199 2.51369561462 0.00016552879325 -7.75386886085E-06 -7.97238807702E-09 0.000165710301250922 7.26608646600002E-06 7.54643256999993E-07 
233 121.642666967 23.6950257536 2.513694814 0.000165503177052 -7.73241404447E-06 -8.04144492905E-09 0.000165683710442293 7.253159807E-06 7.70413386E-07 
234 121.659217782 23.6942543538 2.51369400911 0.000165506516059 -7.6989157578E-06 -8.06721764676E-09 0.000165685485866788 7.26761733599998E-06 7.44625910999982E-07 
235 121.675766886 23.6934855422 2.51369321203 0.000165495131472 -7.67439582463E-06 -7.81593138827E-09 0.000165672975929379 7.262843271E-06 7.46692396000001E-07 
236 121.692314231 23.6927190717 2.51369243667 0.000165461881295 -7.65761748818E-06 -7.7398548401E-09 0.000165638984925594 7.26350676799999E-06 7.52745133999989E-07 
237 121.708860082 23.6919548445 2.51369166101 0.00016545720562 -7.62795957009E-06 -7.69182224191E-09 0.000165632945750373 7.27288955600002E-06 7.59506986999987E-07 
238 121.725404392 23.6911929346 2.51369089517 0.000165445441227 -7.60566584926E-06 -7.57884376514E-09 0.000165620168558199 7.278805627E-06 7.54965261999996E-07 
239 121.74194724 23.6904332882 2.51369014829 0.000165424710129 -7.58421813694E-06 -7.36712958637E-09 0.000165598475658102 7.27874695299999E-06 7.42926826999995E-07 
240 121.758488881 23.6896757632 2.51368942326 0.000165400629893 -7.56591426756E-06 -7.18363149448E-09 0.000165573583277375 7.281072782E-06 7.45013922999981E-07 
241 121.775029769 23.6889204091 2.51368871502 0.000165405453411 -7.54752636781E-06 -6.9980535409E-09 0.000165577562554061 7.262573006E-06 7.56239436000003E-07 
242 121.791569912 23.688167218 2.51368801499 0.000165391535844 -7.52567713866E-06 -7.0218596486E-09 0.000165562664856963 7.264377885E-06 7.49301978999995E-07 
243 121.808110051 23.6874159609 2.51368728938 0.000165400325964 -7.51208254928E-06 -7.60127499533E-09 0.000165570828562896 7.28217606100001E-06 7.41715407999997E-07 
244 121.824650352 23.6866660196 2.51368648558 0.000165396507294 -7.4883764927E-06 -8.50534135759E-09 0.00016556593997526 7.296754865E-06 7.43066734000016E-07 
245 121.841190666 23.6859183157 2.51368558955 0.00016539818745 -7.46122269887E-06 -9.42346359858E-09 0.000165566392558119 7.293772438E-06 7.58209017000006E-07 
246 121.857731014 23.6851733414 2.51368459767 0.000165385165074 -7.44012410389E-06 -1.03239294978E-08 0.000165552433929009 7.27415188599999E-06 7.56649859999991E-07 
247 121.874271424 23.6844310408 2.51368354511 0.000165414180344 -7.40987280674E-06 -1.06980009513E-08 0.000165580063378224 7.28860513100001E-06 7.39399500000011E-07 
248 121.890811837 23.6836913993 2.51368245492 0.0001653944702 -7.38650841515E-06 -1.11753059124E-08 0.000165559328955493 7.277556064E-06 7.35364236000003E-07 
249 121.907352396 23.6829544392 2.51368131935 0.000165412392112 -7.35467296325E-06 -1.15074767203E-08 0.000165575815900247 7.271159406E-06 7.31636463999983E-07 
250 121.923893141 23.6822201002 2.51368016055 0.000165418729821 -7.32989387287E-06 -1.1693717829E-08 0.000165581048603165 7.268617938E-06 7.2317243000002E-07 
251 121.940434006 23.6814882724 2.51367898685 0.000165406706026 -7.30340199527E-06 -1.17270882077E-08 0.00016556786589372 7.26560589899998E-06 7.41517766999995E-07 
252 121.956975334 23.6807588211 2.5136778302 0.000165417334302 -7.28641089627E-06 -1.13141991345E-08 0.000165577735216242 7.24092180799999E-06 7.45843176000016E-07 
253 121.973517294 23.6800315498 2.51367671912 0.000165426611079 -7.26417924752E-06 -1.09430284556E-08 0.000165586026200802 7.25108095000001E-06 7.33644927999996E-07 
254 121.990060065 23.679306336 2.51367564413 0.000165443665895 -7.24112212331E-06 -1.05806729185E-08 0.000165602054776901 7.25466687900002E-06 7.26345808000012E-07 
255 122.006603517 23.6785830753 2.51367460842 0.000165434615184 -7.22559768397E-06 -1.00987918847E-08 0.000165592334559769 7.24660848200001E-06 7.45264500999981E-07 
256 122.023147356 23.6778617253 2.51367360977 0.000165435150243 -7.19964662946E-06 -9.86345637174E-09 0.000165591738757708 7.243212037E-06 7.45827282999992E-07 
257 122.039691276 23.6771423555 2.51367263577 0.000165450464824 -7.18380280129E-06 -9.59342497666E-09 0.000165606350799718 7.24331344399999E-06 7.3595014399999E-07 
258 122.056235208 23.6764248744 2.51367169093 0.000165440133387 -7.16583886049E-06 -9.33166994287E-09 0.00016559525074338 7.24735131199999E-06 7.29771759000008E-07 
259 122.072779284 23.6757092147 2.51367077423 0.000165421471088 -7.1502650118E-06 -9.1033720074E-09 0.000165575932639766 7.23361468300002E-06 7.48845200999995E-07 
260 122.0893236 23.6749952299 2.51366988021 0.00016543880626 -7.14067128206E-06 -8.80376017506E-09 0.00016559283764885 7.23850372699999E-06 7.37440258000009E-07 
261 122.105869371 23.6742811935 2.51366900195 0.000165459133811 -7.14268185483E-06 -8.92547008527E-09 0.000165613233001562 7.24574470499999E-06 7.38654102000014E-07 
262 122.122416916 23.6735681402 2.51366807873 0.000165476555794 -7.11162965188E-06 -9.52704183662E-09 0.000165629302614347 7.22882289500002E-06 7.43067818000012E-07 
263 122.138965735 23.6728595595 2.51366711012 0.000165500603015 -7.05996629405E-06 -9.93221816252E-09 0.000165651117777849 7.21721969200001E-06 7.46834115999994E-07 
264 122.155515812 23.6721562834 2.51366609602 0.000165513250515 -7.00589555294E-06 -1.03866937804E-08 0.00016566145833121 7.21077855899999E-06 7.62420698E-07 
265 122.172066928 23.6714583448 2.51366501303 0.000165519997625 -6.95029708208E-06 -1.12841273355E-08 0.000165665857588825 7.20812038E-06 7.79288645000006E-07 
266 122.188619108 23.670765717 2.51366380445 0.000165524380772 -6.90392574767E-06 -1.29226293188E-08 0.000165668298076843 7.20627166500001E-06 7.6775630899998E-07 
267 122.205172626 23.6700783998 2.51366242848 0.000165546927089 -6.84652776201E-06 -1.460988996E-08 0.000165688443243503 7.21264719000001E-06 7.57747962999987E-07 
268 122.221727664 23.6693963327 2.51366090583 0.000165556668975 -6.79300646326E-06 -1.57733957283E-08 0.000165695974084187 7.202762351E-06 7.74619033999994E-07 
269 122.238284413 23.6687190549 2.51365928417 0.000165576934845 -6.75165582264E-06 -1.66223016721E-08 0.00016571453311437 7.21051626799998E-06 7.76724125999987E-07 
270 122.254843018 23.6680461501 2.51365758416 0.000165602734608 -6.70860060699E-06 -1.73206058453E-08 0.000165738563200467 7.195641832E-06 7.72325219000017E-07 
271 122.271403459 23.6673772002 2.51365583811 0.000165604730007 -6.67279304307E-06 -1.74990036185E-08 0.000165739111479162 7.19076508699998E-06 7.82461568999988E-07 
272 122.287965642 23.666712238 2.51365409689 0.00016562760706 -6.62233482733E-06 -1.73557432837E-08 0.000165759946429193 7.19877985800002E-06 7.96949166999999E-07 
273 122.304528439 23.6660527237 2.51365236556 0.000165639709268 -6.56523334618E-06 -1.72142251523E-08 0.000165769767664695 7.19351358999999E-06 7.94364936000018E-07 
274 122.321091298 23.665398182 2.51365065883 0.000165633161901 -6.5227746227E-06 -1.67511734677E-08 0.000165761549192517 7.18984381800001E-06 7.99868921000016E-07 
275 122.337655168 23.6647477863 2.51364900792 0.000165629722773 -6.48666669668E-06 -1.62424997747E-08 0.000165756695715478 7.19118785599999E-06 8.02070839999987E-07 
276 122.354220574 23.6641012692 2.51364741627 0.000165660082771 -6.44845220823E-06 -1.56857564655E-08 0.000165785541606074 7.18462894400002E-06 7.92967723000016E-07 
277 122.370787797 23.6634580813 2.51364586026 0.000165698354789 -6.41682980542E-06 -1.54758268978E-08 0.000165822557946843 7.20010215200001E-06 7.93748755000023E-07 
278 122.387356795 23.6628170769 2.51364430674 0.000165693550709 -6.40035220954E-06 -1.55985786153E-08 0.000165817120642827 7.19475800700002E-06 8.02904288999987E-07 
279 122.403927357 23.6621777119 2.51364273359 0.0001657083762 -6.38533774846E-06 -1.58733776401E-08 0.000165831356302018 7.186799675E-06 7.93858078000002E-07 
280 122.420499328 23.6615398076 2.51364113986 0.000165714424479 -6.37772308927E-06 -1.59917750399E-08 0.000165837107089899 7.16534848800002E-06 7.98036180999997E-07 
281 122.437072444 23.6609033438 2.5136395144 0.000165737661489 -6.36070015119E-06 -1.6624945281E-08 0.000165859673274261 7.19189229300002E-06 7.95852976000021E-07 
282 122.453646641 23.6602683174 2.51363782922 0.000165742659606 -6.34151342932E-06 -1.70422788072E-08 0.000165863933078545 7.19406928900002E-06 8.02491056999991E-07 
283 122.470221641 23.659634798 2.51363611517 0.000165748143869 -6.32746604169E-06 -1.72281432572E-08 0.000165868876885739 7.184957879E-06 7.91444944999993E-07 
284 122.486797319 23.6590029067 2.51363439018 0.000165772401023 -6.30859476069E-06 -1.73153238456E-08 0.000165892397681767 7.17874456800002E-06 7.87146502999976E-07 
285 122.503373465 23.6583727333 2.51363265199 0.000165774410145 -6.29094803712E-06 -1.74450790193E-08 0.00016589373523572 7.176114479E-06 8.04433175999981E-07 
286 122.519950156 23.6577443025 2.51363088728 0.000165773499913 -6.27074185051E-06 -1.78037612397E-08 0.000165892060671194 7.183358018E-06 8.02064789000008E-07 
287 122.536527335 23.6571175837 2.51362909504 0.000165768778113 -6.25694541517E-06 -1.80627421898E-08 0.000165886821324866 7.16125122799999E-06 7.99314949999976E-07 
288 122.553104743 23.6564925845 2.51362727495 0.000165771035476 -6.2455071249E-06 -1.8301137756E-08 0.000165888646076108 7.14228100799998E-06 8.07116667000002E-07 
289 122.569682147 23.655869296 2.5136254213 0.000165774791049 -6.22583787724E-06 -1.87626114704E-08 0.000165891659695866 7.16899018700002E-06 8.04562125000005E-07 
290 122.586259508 23.6552477656 2.5136235201 0.00016577032605 -6.20273350168E-06 -1.91944190089E-08 0.000165886332378656 7.16724994299998E-06 8.07401282999987E-07 
291 122.602836648 23.6546281311 2.51362158529 0.000165776739767 -6.18346631714E-06 -1.95596906867E-08 0.000165892022370132 7.16544590800001E-06 7.88037902E-07 
292 122.619413524 23.6540103213 2.51361960727 0.00016577631813 -6.17035706759E-06 -1.99976765746E-08 0.000165891112959639 7.16249903299999E-06 7.85921637000008E-07 
293 122.635990282 23.6533941956 2.51361759581 0.00016577025355 -6.1533700526E-06 -2.02071788602E-08 0.000165884421611451 7.15230475599999E-06 8.05133583000012E-07 
294 122.652566794 23.6527797256 2.51361556657 0.000165737289207 -6.14098896671E-06 -2.02993125506E-08 0.000165851021073842 7.14364557899999E-06 8.05871202999976E-07 
295 122.6691428 23.6521669327 2.51361355058 0.00016575741465 -6.11883780194E-06 -2.01310211969E-08 0.000165870314079273 7.15899198999999E-06 7.83515669999996E-07 
296 122.685718447 23.6515558743 2.51361155193 0.000165757366119 -6.10137637828E-06 -1.99270382042E-08 0.000165869622334846 7.16667524099999E-06 7.85758244999991E-07 
297 122.702293826 23.6509464929 2.51360956859 0.000165736943898 -6.08631420192E-06 -1.9814158548E-08 0.000165848660488453 7.16125635500002E-06 8.0336445099999E-07 
298 122.718868579 23.6503387818 2.51360760136 0.00016575096953 -6.06735726998E-06 -1.94500302821E-08 0.000165861982089568 7.182352252E-06 7.98178135999998E-07 
299 122.735442754 23.6497327386 2.51360568094 0.000165756749374 -6.04966547256E-06 -1.89339943606E-08 0.000165867111790919 7.18475394300002E-06 7.80454140000023E-07 
300 122.75201649 23.6491284789 2.51360381613 0.000165727872743 -6.03510210802E-06 -1.84858814707E-08 0.00016583772370333 7.183207443E-06 7.83535313000005E-07 
301 122.768589835 23.6485260374 2.51360197552 0.000165730982248 -6.01194830908E-06 -1.83612110882E-08 0.000165839990160673 7.19521952799999E-06 7.9427001799999E-07 
302 122.785163019 23.6479254387 2.51360014364 0.000165728697051 -6.00123918729E-06 -1.83066917605E-08 0.000165837318577997 7.18275930399999E-06 7.96403086E-07 
303 122.801735974 23.647326849 2.51359827786 0.000165738901009 -5.9757804595E-06 -1.91022636059E-08 0.000165846596662903 7.194867695E-06 7.74190478999994E-07 
304 122.818306525 23.6467300997 2.51359632678 0.000165674069557 -5.961702033E-06 -1.99827954909E-08 0.000165781300555944 7.18558937000001E-06 7.85039897999997E-07 
305 122.834874254 23.6461349108 2.51359428028 0.000165682331255 -5.94552828468E-06 -2.09939823708E-08 0.000165788976224063 7.195851582E-06 7.72673283999989E-07 
306 122.851439394 23.6455409193 2.51359214382 0.00016562985357 -5.93395554963E-06 -2.17182454747E-08 0.000165736117650218 7.19400260899998E-06 7.87316896000005E-07 
307 122.86800285 23.6449480743 2.51358994852 0.000165613204302 -5.92942749682E-06 -2.22417770455E-08 0.000165719317052396 7.177991832E-06 7.80612789999979E-07 
308 122.884565143 23.6443564065 2.51358770867 0.000165613748414 -5.90092336103E-06 -2.26114892309E-08 0.000165718843441317 7.19059766200001E-06 7.79706165999984E-07 
309 122.901126469 23.643765894 2.51358542757 0.000165633335325 -5.89455390967E-06 -2.30364246894E-08 0.000165738191336079 7.183959949E-06 7.64681756999997E-07 
310 122.917687318 23.6431766427 2.51358311591 0.000165598343198 -5.88931157391E-06 -2.31592078802E-08 0.000165703034966431 7.17826263800002E-06 7.83741749999986E-07 
311 122.934247555 23.6425886812 2.51358079483 0.000165592409717 -5.86761020424E-06 -2.3297016101E-08 0.000165696335349164 7.17788741200001E-06 7.58625272000011E-07 
312 122.95080752 23.6420019932 2.51357847548 0.000165616927653 -5.86280351778E-06 -2.31301905962E-08 0.00016572066776752 7.16878408600001E-06 7.62481883000019E-07 
313 122.967367569 23.6414164917 2.51357618533 0.000165615243014 -5.85064153302E-06 -2.2743684305E-08 0.000165718554308832 7.16272105100001E-06 7.64849071E-07 
314 122.983927897 23.6408320748 2.51357393431 0.000165603792766 -5.83846881961E-06 -2.22895771991E-08 0.000165706681800907 7.16215512999997E-06 7.91453843999992E-07 
315 123.000488292 23.6402468796 2.51357172102 0.000165603194242 -5.86705912414E-06 -2.20229220235E-08 0.000165707093423694 7.145325671E-06 7.72513907000002E-07 
316 123.017051269 23.6396599145 2.5135695356 0.000165638241393 -5.86618342988E-06 -2.18455275721E-08 0.000165742087584976 7.15537797800001E-06 7.70873278999984E-07 
317 123.033615369 23.6390726961 2.51356735799 0.000165654614796 -5.8752173559E-06 -2.17059795068E-08 0.000165758770667919 7.135529022E-06 7.83366182000001E-07 
318 123.050179368 23.6384857846 2.51356519082 0.000165593052384 -5.87117548584E-06 -2.15994976598E-08 0.000165697103674065 7.14044410599998E-06 7.99857923000006E-07 
319 123.066743708 23.6378980997 2.51356304378 0.000165637836989 -5.88164371418E-06 -2.1292113501E-08 0.000165742231276549 7.143294039E-06 8.0108803699998E-07 
320 123.083309532 23.6373097471 2.51356090375 0.000165659811531 -5.88966757247E-06 -2.13617066863E-08 0.000165764476884896 7.14049424799999E-06 7.87541257999986E-07 
321 123.099876241 23.6367214135 2.51355876011 0.00016566494762 -5.87608508766E-06 -2.16159553578E-08 0.000165769127744415 7.147555094E-06 7.70381694999996E-07 
322 123.116443596 23.6361331988 2.51355657857 0.000165666506444 -5.88916324272E-06 -2.20679925016E-08 0.000165771149745834 7.12484985699999E-06 7.80439541000008E-07 
323 123.133011328 23.6355451837 2.51355436233 0.00016568409503 -5.87464118911E-06 -2.23072137559E-08 0.000165788212043627 7.14140429100002E-06 7.77488512000013E-07 
324 123.14957863 23.6349567646 2.51355212267 0.000165665631695 -5.89767634135E-06 -2.25065980635E-08 0.000165770578263085 7.123543057E-06 8.00596735999989E-07 
325 123.166146626 23.6343675805 2.51354985156 0.000165701771361 -5.88646413875E-06 -2.30580497817E-08 0.000165806296695583 7.14080839699999E-06 7.76729271000001E-07 
326 123.182715174 23.6337787648 2.51354748016 0.000165678263639 -5.8848641877E-06 -2.45658567365E-08 0.000165782747209784 7.145404311E-06 7.91094511000005E-07 
327 123.199284225 23.6331908313 2.51354494497 0.000165685620202 -5.87308433212E-06 -2.61425909636E-08 0.00016578968165941 7.114891732E-06 8.05903718E-07 
328 123.215852461 23.6326056182 2.51354224853 0.000165678667369 -5.83161732944E-06 -2.77684735313E-08 0.000165781269608279 7.14598141399999E-06 8.09096515999998E-07 
329 123.232419747 23.632023453 2.51353941533 0.000165673015406 -5.81195525464E-06 -2.87788786873E-08 0.000165774930812299 7.12245209299998E-06 8.02288183999989E-07 
330 123.248986842 23.6314435559 2.5135365021 0.000165678904561 -5.79808411468E-06 -2.94912300944E-08 0.000165780330756295 7.11516099699999E-06 8.06659315999995E-07 
331 123.265554525 23.630865389 2.51353353845 0.000165685905697 -5.77777311671E-06 -2.96214245638E-08 0.000165786618537963 7.11883896300001E-06 8.32906156999976E-07 
332 123.282122569 23.6302888236 2.51353212738 0.000165669087474 -5.75485205166E-06 -1.13084415169E-08 0.000165769010959483 7.132544469E-06 8.22548734999998E-07 
333 123.298685696 23.6297137647 2.5135309819 0.00016560288911 -5.74519111096E-06 -1.15557979217E-08 0.000165702517289318 7.12835192300001E-06 8.11001833999996E-07 
334 123.315244786 23.6291398032 2.51352982727 0.00016557162536 -5.72764749096E-06 -1.15165054646E-08 0.000165670664882962 7.153188257E-06 8.17128577000002E-07 
335 123.331800785 23.6285671567 2.5135286932 0.000165522186084 -5.70996119395E-06 -1.10705985773E-08 0.000165620644442113 7.158866984E-06 8.29907711999981E-07 
336 123.348353671 23.6279958818 2.5135275785 0.000165507848972 -5.69604559414E-06 -1.13375721994E-08 0.000165605836658282 7.15294269099998E-06 8.00640752000008E-07 
337 123.364904116 23.6274260976 2.51352643793 0.000165502847195 -5.68857269224E-06 -1.1676330777E-08 0.000165600580993133 7.146597709E-06 7.95268143000014E-07 
338 123.381452544 23.6268579568 2.5135252433 0.000165450222477 -5.66273380406E-06 -1.23266032538E-08 0.000165547101526332 7.15012249000001E-06 8.29477881000005E-07 
339 123.39799903 23.6262913956 2.51352396473 0.000165489413564 -5.65960733147E-06 -1.32486658514E-08 0.000165586162865229 7.12975720899999E-06 8.08521900000006E-07 
340 123.41454369 23.6257264494 2.51352259935 0.000165443445267 -5.63471378706E-06 -1.42210095559E-08 0.00016553937230615 7.139156025E-06 8.05243667999992E-07 
341 123.431086882 23.6251630802 2.51352110948 0.000165438736909 -5.63804969632E-06 -1.55831529715E-08 0.000165534780385447 7.115531735E-06 8.13127847000002E-07 
342 123.447629034 23.6245998276 2.5135195052 0.000165414308226 -5.63575535257E-06 -1.63900544614E-08 0.000165510287815936 7.11650509999998E-06 8.29611626999984E-07 
343 123.464169861 23.6240375735 2.51351783847 0.000165420055951 -5.61529656088E-06 -1.69557787117E-08 0.000165515336914127 7.11510261000001E-06 8.1911260000001E-07 
344 123.480709098 23.6234770438 2.51351611806 0.000165358553733 -5.59906139201E-06 -1.74477244571E-08 0.000165453319959329 7.100375738E-06 8.4969553E-07 
345 123.497246458 23.6229187422 2.51351432716 0.000165395453131 -5.56922652166E-06 -1.84035147996E-08 0.000165489191608237 7.11473924600001E-06 8.09522815000004E-07 
346 123.513781841 23.6223632292 2.51351244328 0.000165333901029 -5.54236975604E-06 -1.93813171351E-08 0.000165426772523722 7.10954158100001E-06 8.23105465999976E-07 
347 123.53031472 23.6218109106 2.51351045117 0.000165331428389 -5.50623072921E-06 -2.04455232641E-08 0.000165423094542478 7.12065738399999E-06 8.31250256999984E-07 
348 123.54684468 23.6212619041 2.51350834822 0.000165281487606 -5.47810761824E-06 -2.15820276485E-08 0.000165372247593462 7.10011470299998E-06 8.3609991300001E-07 
349 123.563372217 23.620715313 2.51350613832 0.000165272739404 -5.46110169959E-06 -2.25877047381E-08 0.000165362941834258 7.11046232899999E-06 8.18235183999992E-07 
350 123.579899902 23.6201703037 2.51350720999 0.000165276976788 -5.44426778021E-06 1.68441640629E-08 0.00016536662115303 7.120055321E-06 8.89255208999995E-07 
351 123.596426259 23.6196268026 2.51350878721 0.000165238356598 -5.42322658136E-06 1.4855288361E-08 0.000165327330161834 7.12002431500002E-06 8.29752444999986E-07 
352 123.612951122 23.6190848209 2.51351018224 0.000165217560435 -5.40901115214E-06 1.30851651324E-08 0.000165306079286148 7.108791374E-06 8.01265332000005E-07 
353 123.629474547 23.6185442622 2.51351139143 0.000165216954385 -5.39713824587E-06 1.11904825019E-08 0.000165305085350473 7.10934376599998E-06 7.96083121999989E-07 
354 123.645996547 23.6180050631 2.51351241224 0.00016521341266 -5.38532494797E-06 9.17784289157E-09 0.000165301160104191 7.09820777299998E-06 7.60573510000002E-07 
355 123.66251725 23.6174671463 2.51351322194 0.000165194353225 -5.37166273237E-06 6.96241975647E-09 0.0001652816660928 7.10549909100001E-06 7.59622750000003E-07 
356 123.679037951 23.6169303819 2.51351597908 0.000165194328634 -5.36511105907E-06 3.34795361995E-08 0.000165281431958927 7.112912887E-06 8.35728689000011E-07 
357 123.695557487 23.6163948064 2.51351920409 0.000165198252235 -5.34822466555E-06 3.09956443691E-08 0.000165284805742397 7.121261217E-06 7.8204837399999E-07 
358 123.712075563 23.6158603721 2.51352216914 0.000165193824963 -5.34066291474E-06 2.83951084269E-08 0.000165280135807535 7.127356978E-06 7.35214853999987E-07 
359 123.728592139 23.6153271075 2.51352491144 0.000165117025068 -5.32536199471E-06 2.6381958068E-08 0.000165202881765691 7.13173046999998E-06 7.53187333000008E-07 
360 123.745107195 23.6147950139 2.51352741491 0.000165156567625 -5.31291199913E-06 2.38758162118E-08 0.000165242002631402 7.13656628499999E-06 7.33024501000019E-07 
361 123.76162095 23.6142641603 2.51352973768 0.000165135829233 -5.30366232123E-06 2.24406093669E-08 0.000165220977584776 7.13188342899999E-06 7.23578466000008E-07 
362 123.778133535 23.6137345273 2.5135318982 0.000165135204434 -5.28735825516E-06 2.05537267586E-08 0.000165219830296587 7.13552327699998E-06 7.22791390999998E-07 
363 123.794645364 23.6132062249 2.51353381243 0.000165119140521 -5.27851825253E-06 1.76731965878E-08 0.000165203491590456 7.11930614700001E-06 7.3526868999999E-07 
364 123.811156466 23.6126787791 2.51353543172 0.000165083187924 -5.27612000564E-06 1.47445851476E-08 0.000165167480439908 7.13502529199999E-06 7.43273539000007E-07 
365 123.827665011 23.6121502335 2.51353674027 0.000165079374903 -5.29299318829E-06 1.14493193601E-08 0.000165164208975018 7.12414724799999E-06 7.30999219999983E-07 
366 123.844170137 23.6116207388 2.51353773672 0.000165040651385 -5.29414625444E-06 8.53377183905E-09 0.000165125542139833 7.12339694599999E-06 7.26773175000009E-07 
367 123.860672495 23.6110914233 2.51353845849 0.000165011209669 -5.28388423863E-06 5.93773904869E-09 0.000165095786694666 7.12504095000001E-06 7.55708543000004E-07 
368 123.877173854 23.6105634847 2.51354061159 0.000165014591765 -5.26946830551E-06 2.94916388612E-08 0.000165098708842162 7.09109100500001E-06 7.97341091999994E-07 
369 123.893675243 23.6100362828 2.51354338196 0.000165018506829 -5.27266653223E-06 2.59307720975E-08 0.000165102723420414 7.09446517800001E-06 7.84644118999984E-07 
370 123.910176904 23.6095091818 2.51354579185 0.000165017572485 -5.26805097863E-06 2.24623046843E-08 0.000165101641707497 7.08376492900001E-06 7.28277270000007E-07 
371 123.92667784 23.6089836299 2.51354788913 0.000165006038524 -5.23980709844E-06 1.94307983206E-08 0.000165089214382311 7.06955078800002E-06 7.22014165999981E-07 
372 123.943177559 23.6084606206 2.51354968155 0.000165000303424 -5.2224435468E-06 1.64236205624E-08 0.000165082931632398 7.08001381599999E-06 7.36752230000011E-07 
373 123.959676748 23.60793932 2.51355116052 0.000164992411339 -5.20360983861E-06 1.32816818505E-08 0.000165074448450429 7.08016564499999E-06 7.48438138000016E-07 
374 123.976175686 23.6074193924 2.51355233694 0.000164969840748 -5.19284305166E-06 1.04284402036E-08 0.000165051549778038 7.07403861700001E-06 7.36836301999997E-07 
375 123.992674613 23.6069007373 2.51355323816 0.000164978713541 -5.17624702365E-06 7.68937337915E-09 0.000165059896746665 7.08368789100001E-06 7.41796461000002E-07 
376 124.009173553 23.6063833044 2.51355386919 0.000164971148563 -5.16706000788E-06 5.14622767622E-09 0.000165052047529875 7.07356974600002E-06 7.64212783999996E-07 
377 124.025672073 23.6058669779 2.5135542145 0.000164982525534 -5.16045155211E-06 1.91143378806E-09 0.000165063212120243 7.077944276E-06 7.41492325000007E-07 
378 124.042170116 23.6053517641 2.51355424724 0.00016498831954 -5.14693954354E-06 -1.27588111334E-09 0.000165068581422771 7.08051483200002E-06 7.28272507999995E-07 
379 124.058667744 23.6048376512 2.5135539821 0.000164983055022 -5.13608501319E-06 -4.05337720653E-09 0.000165062981404326 7.07356438099999E-06 7.4038571999999E-07 
380 124.075165042 23.6043246031 2.51355352453 0.000164941930223 -5.12195873205E-06 -4.78163037957E-09 0.000165021437485576 7.09494842500002E-06 7.74250645000025E-07 
381 124.091662107 23.6038126995 2.51355299237 0.000164982782177 -5.11469990005E-06 -6.09321693654E-09 0.00016506204471973 7.09028700200001E-06 7.34898295999987E-07 
382 124.108159128 23.6033017509 2.51355227274 0.000164973195402 -5.10392674982E-06 -8.32956751279E-09 0.000165052129155596 7.09009244699999E-06 7.65083657000012E-07 
383 124.124655972 23.6027916535 2.51355132824 0.000164966629422 -5.09895065363E-06 -1.04922651173E-08 0.000165045412631528 7.09532518999999E-06 7.55833960000004E-07 
384 124.141152566 23.6022824175 2.51355018476 0.000164956163836 -5.08189964271E-06 -1.24727376727E-08 0.000165034426248092 7.11178819700001E-06 7.74617690000023E-07 
385 124.157648889 23.6017741954 2.51354881688 0.000164963899075 -5.0816657441E-06 -1.49352458302E-08 0.00016504215082161 7.09558223999999E-06 7.60905813999992E-07 
386 124.174145266 23.601267088 2.51354732131 0.000164964630098 -5.06420421988E-06 -1.47364701545E-08 0.000165042344763137 7.11141730900001E-06 7.83340919000003E-07 
387 124.190641485 23.6007612559 2.51354578414 0.000164949041766 -5.04966062409E-06 -1.59089893437E-08 0.000165026318219356 7.10193963E-06 7.89228818000011E-07 
388 124.207137557 23.60025659 2.51354412983 0.000164969320903 -5.03978265849E-06 -1.71782233573E-08 0.000165046286064041 7.10544658400001E-06 7.64793577999993E-07 
389 124.223633748 23.599753163 2.51354236018 0.000164965106924 -5.02618393382E-06 -1.82990889796E-08 0.000165041659474934 7.093193975E-06 7.70457094999988E-07 
390 124.240129936 23.599251074 2.51354049207 0.000164952594563 -5.01542252167E-06 -1.91517613809E-08 0.000165028825612153 7.088845086E-06 7.81103599999989E-07 
391 124.256626541 23.5987499203 2.51353853482 0.000164970180792 -5.0081376609E-06 -1.98589089288E-08 0.000165046182590668 7.066495403E-06 8.01765316999994E-07 
392 124.273125728 23.5982497901 2.51353752681 0.000165043573571 -5.02182078547E-06 6.68934011676E-09 0.000165119956110201 7.07140124200001E-06 8.52158897000021E-07 
393 124.289625271 23.5977463815 2.51353819079 0.000164964394396 -5.0485544201E-06 6.43624909564E-09 0.000165041629177602 7.049382554E-06 8.09371916000003E-07 
394 124.306121539 23.5972416793 2.5135388023 0.000164964080945 -5.0432075996E-06 5.84490572668E-09 0.000165041152380502 7.044180599E-06 7.96512352999989E-07 
395 124.322617999 23.59673757 2.51354026563 0.00016496945581 -5.03539508843E-06 3.26986876303E-08 0.000165046289334684 7.08600886299999E-06 8.35329263000004E-07 
396 124.339116585 23.5962338236 2.51354344049 0.000164966026729 -5.03182525559E-06 3.06145098748E-08 0.000165042752574611 7.078225921E-06 8.17659608000018E-07 
397 124.355616956 23.5957303214 2.51354635517 0.000165001675223 -5.04020873936E-06 2.77053476727E-08 0.000165078639739122 7.065485585E-06 7.97618808999999E-07 
398 124.372118221 23.5952270396 2.51354901018 0.000165026093016 -5.03019321197E-06 2.56960007348E-08 0.000165102740377499 7.07626777199998E-06 7.73582820999986E-07 
399 124.388620432 23.5947241566 2.51355151152 0.000165029474809 -5.02254067171E-06 2.42445119419E-08 0.000165105887412683 7.08295448900002E-06 7.6638150299998E-07 
400 124.405123585 23.5942217796 2.5135538642 0.000165064293987 -5.02458460071E-06 2.25137077498E-08 0.000165140752410492 7.071584644E-06 7.61388399000003E-07 
401 124.421627351 23.5937200191 2.51355601467 0.000165058794177 -5.01561864369E-06 2.04849714255E-08 0.000165134982318037 7.064227205E-06 7.69916784999986E-07 
402 124.438131804 23.5932188866 2.51355799497 0.000165050433382 -5.01048682622E-06 1.92214491024E-08 0.000165126469432632 7.05222663699998E-06 7.89922091E-07 
403 124.4546367 23.5927184253 2.51355982363 0.00016504236433 -5.00048599354E-06 1.71882396486E-08 0.000165118100701418 7.04316776599999E-06 7.78684069000011E-07 
404 124.471142277 23.5922186142 2.51356165903 0.000165078885811 -4.99841106189E-06 2.57972725526E-08 0.000165154543743865 7.013007112E-06 7.77417779999976E-07 
405 124.487648609 23.5917196746 2.51356408465 0.000165058301422 -4.98674021725E-06 2.29145712231E-08 0.000165133615509949 7.024387461E-06 8.11007994000023E-07 
406 124.504154885 23.591221671 2.5135662278 0.00016505761063 -4.97530211691E-06 2.00811620646E-08 0.00016513257964827 7.02050794600001E-06 8.01789110999995E-07 
407 124.520661294 23.5907246093 2.51356808037 0.000165068554177 -4.9689548101E-06 1.68892869127E-08 0.000165143326765686 7.017985129E-06 7.81946061999999E-07 
408 124.537167909 23.5902285298 2.51356960289 0.000165059326164 -4.95684800858E-06 1.35847788786E-08 0.000165133738770852 7.02870331999999E-06 8.08421750000005E-07 
409 124.553674506 23.5897334895 2.51357078158 0.00016505709324 -4.94294334708E-06 1.00723082605E-08 0.000165131089802078 7.02847189599999E-06 8.10817955999984E-07 
410 124.570181079 23.5892395885 2.51357158727 0.00016506188685 -4.93289337018E-06 6.1265466748E-09 0.000165135580554338 7.01633062600001E-06 7.93537806000001E-07 
411 124.586687493 23.5887469812 2.51357201664 0.000165083543264 -4.92336646486E-06 2.40269035764E-09 0.000165156942935249 7.01544138599999E-06 7.96863626999976E-07 
412 124.603193694 23.5882556435 2.51357207293 0.00016505751375 -4.90833676967E-06 -1.24784505896E-09 0.00016513047755255 7.012508732E-06 8.14931260000019E-07 
413 124.619699642 23.5877656062 2.51357176623 0.000165078714772 -4.89851861783E-06 -4.94156549229E-09 0.000165151377771557 7.010536549E-06 7.93960868999998E-07 
414 124.63620535 23.5872768102 2.51357109904 0.000165047933138 -4.88298246588E-06 -8.2742733075E-09 0.000165120149646709 7.021073448E-06 8.35243963999991E-07 
415 124.652710721 23.586789227 2.5135701183 0.000165044594116 -4.8722428493E-06 -1.11419266313E-08 0.000165116495001076 7.02509431900001E-06 8.1851897400001E-07 
416 124.669215901 23.5863028968 2.5135688654 0.000165037739972 -4.85891421788E-06 -1.36742985216E-08 0.00016510925125331 7.03390938E-06 8.46691789000011E-07 
417 124.685720744 23.5858179054 2.513567384 0.00016502938773 -4.84491258488E-06 -1.57231433705E-08 0.000165100491336976 7.02203832099999E-06 8.38815411E-07 
418 124.702224905 23.5853348194 2.51356570939 0.00016504483885 -4.81399054859E-06 -1.76251955496E-08 0.000165115031558825 7.04596855400001E-06 8.30824023999999E-07 
419 124.71872082 23.584855876 2.51356387568 0.000164909682954 -4.7685988057E-06 -1.91184090125E-08 0.000164978615075021 7.048997406E-06 8.13495248999993E-07 
420 124.73520696 23.5843808103 2.51356187447 0.000164840592254 -4.73996648661E-06 -2.11434152196E-08 0.000164908728040658 7.06198160499999E-06 8.14404761999982E-07 
421 124.751686089 23.583908887 2.5135596379 0.000164759052019 -4.71011044094E-06 -2.37616916654E-08 0.000164826365995199 7.05684258999999E-06 8.05988010000002E-07 
422 124.768160218 23.5834393054 2.51355713627 0.000164726608321 -4.6781483821E-06 -2.56335751076E-08 0.000164793025393386 7.065175353E-06 8.22739310999993E-07 
423 124.784629248 23.582972636 2.51355456362 0.000164656192404 -4.65332481995E-06 -2.56048292565E-08 0.000164721934739944 7.06232564300001E-06 8.17610865000011E-07 
424 124.801093678 23.582509095 2.5135520309 0.000164642193918 -4.62485255019E-06 -2.51975133673E-08 0.00016470713983965 7.060898602E-06 8.19520139999993E-07 
425 124.817554411 23.5820480539 2.51354952588 0.000164596836201 -4.59219356139E-06 -2.48758555361E-08 0.00016466088590765 7.06531157500001E-06 8.37913564999995E-07 
426 124.834011157 23.5815900247 2.51354703278 0.00016455356331 -4.56140295338E-06 -2.46598997912E-08 0.000164616773759638 7.05143050599999E-06 8.18730296000002E-07 
427 124.850464043 23.5811348494 2.51354460752 0.000164519082799 -4.53683851824E-06 -2.38692021714E-08 0.000164581627402647 7.049646794E-06 8.15417544999998E-07 
428 124.866913765 23.5806819718 2.51354226626 0.000164479341208 -4.51634093474E-06 -2.29605664447E-08 0.000164541336893937 7.04815600499999E-06 8.12242867000021E-07 
429 124.883358799 23.5802320581 2.51354000531 0.000164445473404 -4.48730784007E-06 -2.22920467924E-08 0.000164506687255116 7.040386321E-06 7.86517248999995E-07 
430 124.899799707 23.5797846506 2.51353782689 0.000164365120616 -4.46067495565E-06 -2.13681273821E-08 0.000164425639584491 7.02781223099999E-06 8.08317472999993E-07 
431 124.916237524 23.5793392765 2.51353571557 0.000164354152109 -4.43747188193E-06 -2.09118965748E-08 0.000164414047178088 7.031471215E-06 8.12870087999986E-07 
432 124.932673808 23.5788961527 2.51353595592 0.000164356521145 -4.42470678677E-06 7.1670427278E-09 0.000164416070152532 7.02248600800001E-06 8.30100893000013E-07 
433 124.949107122 23.5784555085 2.51353664644 0.000164322137373 -4.39359612682E-06 6.71520518259E-09 0.000164380864345126 7.04524430100001E-06 8.22706236999993E-07 
434 124.965538167 23.5780172289 2.5135373102 0.00016429257384 -4.38911433415E-06 6.79987369251E-09 0.000164351191628927 7.057676266E-06 8.05313112999982E-07 
435 124.981967993 23.5775735623 2.5135382671 0.000164235823352 -4.44589778217E-06 1.03280394383E-08 0.000164295988343804 7.04312259199998E-06 8.38070966999985E-07 
436 124.998396378 23.5771286277 2.51353928163 0.000164274810667 -4.44996859792E-06 9.98597143532E-09 0.000164335071545671 7.022754655E-06 8.02552541999998E-07 
437 125.014823322 23.5766852503 2.51354027131 0.000164272883253 -4.42408066317E-06 9.7239101606E-09 0.00016433244584233 7.00383060299998E-06 7.95023598000014E-07 
438 125.031248421 23.5762439965 2.51354120566 0.000164266920486 -4.40132248799E-06 8.93187392551E-09 0.000164325874059369 6.99781847399999E-06 7.74065969E-07 
439 125.047672014 23.5758050228 2.51354208133 0.000164262749386 -4.38397995152E-06 8.43766394172E-09 0.000164321240828011 6.99212508299999E-06 7.75425916000011E-07 
440 125.064094278 23.5753683405 2.5135429023 0.000164238293 -4.36326259752E-06 7.83944645074E-09 0.000164296241617104 6.96895349500002E-06 7.8558353200001E-07 
441 125.080515824 23.5749339444 2.51354362186 0.000164183611135 -4.33296560726E-06 6.45275085484E-09 0.000164240776903668 6.983409926E-06 7.97392654999985E-07 
442 125.096936663 23.5745018812 2.51354419169 0.000164199395056 -4.30953015138E-06 4.83426910661E-09 0.000164255938736632 6.98176401099998E-06 8.06328712000008E-07 
443 125.113357265 23.5740719219 2.5135445885 0.000164202992662 -4.28769146062E-06 3.15523212278E-09 0.000164258963551989 6.970124333E-06 8.05149318000012E-07 
444 125.129777566 23.5736439321 2.51354483142 0.000164155009084 -4.26363398391E-06 1.80436823816E-09 0.000164210369908154 6.99070801499999E-06 8.36788689000004E-07 
445 125.146197689 23.5732180031 2.51354492743 0.000164167509727 -4.24615512838E-06 1.64512060013E-10 0.000164222413462249 6.98325050999999E-06 8.30165942999986E-07 
446 125.162617973 23.5727940496 2.51354484319 0.000164206633483 -4.22291329714E-06 -1.931763951E-09 0.000164260924995165 7.002971623E-06 8.06777823999984E-07 
447 125.179038522 23.5723722019 2.51354452768 0.000164205154329 -4.20817584223E-06 -4.39645550673E-09 0.000164259068155943 6.98872835E-06 8.26848206999994E-07 
448 125.195459298 23.5719525984 2.51354394805 0.000164202119309 -4.18124141229E-06 -7.15534987297E-09 0.000164255346386393 6.99485500499998E-06 8.36948143000002E-07 
449 125.211880388 23.5715353579 2.51354307377 0.000164234719646 -4.16598778057E-06 -1.02638894667E-08 0.000164287548818331 6.98463092299999E-06 8.14918488999995E-07 
450 125.228302425 23.571120385 2.5135418887 0.000164228998279 -4.14628147342E-06 -1.34396093524E-08 0.000164281330973436 6.97827287500001E-06 8.18889719000004E-07 
451 125.244726327 23.5707064399 2.51354041003 0.000164244882942 -4.13065408456E-06 -1.60853417856E-08 0.000164296817177132 6.98530315300001E-06 8.34672839000023E-07 
452 125.261143959 23.5702810999 2.51353871484 0.000164134688344 -4.46580456491E-06 -1.77028500494E-08 0.000164195431244553 6.776303859E-06 8.37261562999997E-07 
453 125.277559774 23.569822127 2.51353686866 0.000164184360989 -4.65914236559E-06 -1.91812578305E-08 0.000164250456221192 6.85558925899999E-06 8.19191859000008E-07 
454 125.29397909 23.5693530961 2.51353487476 0.000164200708918 -4.70911749703E-06 -2.06680953348E-08 0.000164268222806314 6.89793305599999E-06 8.39505552999999E-07 
455 125.31040051 23.5688809583 2.51353273967 0.000164213029138 -4.7231592068E-06 -2.20808265707E-08 0.000164280941253492 6.926992047E-06 8.43040872000004E-07 
456 125.326823617 23.5684083396 2.51353047922 0.000164247026702 -4.7246013246E-06 -2.31633387426E-08 0.000164314966374534 6.93820011700002E-06 8.34452747000005E-07 
457 125.343248992 23.5679353313 2.51352810459 0.000164261725355 -4.72295397815E-06 -2.44861599636E-08 0.000164329611788178 6.93574888800002E-06 8.47302480000005E-07 
458 125.359675514 23.5674628087 2.51352558609 0.00016426299539 -4.71664634996E-06 -2.59485421616E-08 0.000164330700359405 6.937056062E-06 8.54766946999997E-07 
459 125.376102694 23.5669913662 2.51352292229 0.000164292049156 -4.68030458005E-06 -2.74797951564E-08 0.000164358703517577 6.890274479E-06 8.54371308000001E-07 
460 125.392534669 23.5665332762 2.51352010899 0.000164449171287 -4.48493910686E-06 -2.85207770542E-08 0.000164510320129796 6.97470499199998E-06 7.70565356999993E-07 
461 125.408985191 23.5660924538 2.51351721698 0.000164613884599 -4.34236770084E-06 -2.94434600501E-08 0.000164671151167834 6.99718440799998E-06 7.91917240000004E-07 
462 125.425452678 23.5656628854 2.51351585569 0.000164750530897 -4.25681235968E-06 -2.28779925103E-09 0.000164805515343216 6.884622023E-06 8.56636728000003E-07 
463 125.441930358 23.5652386602 2.51351551797 0.000164765339443 -4.2228860271E-06 -4.35063866783E-09 0.000164819446264975 6.882088895E-06 9.10147938000002E-07 
464 125.458411373 23.5648161191 2.51351498328 0.000164828447111 -4.2278003304E-06 -6.07196542565E-09 0.00016488265921414 6.85204506399998E-06 8.74091168999994E-07 
465 125.474894231 23.5643920197 2.51351431722 0.000164827303571 -4.2495850589E-06 -7.32742465357E-09 0.000164882076131248 6.845619371E-06 8.75781467999992E-07 
466 125.491381116 23.5639653423 2.51351352138 0.000164876982267 -4.27192657685E-06 -8.55796384401E-09 0.000164932315546073 6.83887959599999E-06 9.09476837999994E-07 
467 125.507870369 23.5635383613 2.51351258674 0.000164942867316 -4.27537893394E-06 -1.0061730334E-08 0.000164998268005124 6.80955503500001E-06 8.63531471000003E-07 
468 125.524360375 23.5631126849 2.51351150644 0.000164908175653 -4.24440878118E-06 -1.16377157864E-08 0.000164962788344944 6.812459892E-06 8.75918354000004E-07 
469 125.540851754 23.5626882719 2.51351026276 0.000164913378323 -4.26253000364E-06 -1.32564368682E-08 0.000164968456644505 6.81153538E-06 9.04660683999998E-07 
470 125.557344588 23.5622621649 2.51350886723 0.000164921880648 -4.2574906977E-06 -1.4583906947E-08 0.000164976826118714 6.79659959000001E-06 9.00292411000004E-07 
471 125.573838265 23.5618379742 2.51350729478 0.000164901164242 -4.22019568974E-06 -1.68909480494E-08 0.000164955158468388 6.791452779E-06 8.77876813999999E-07 
472 125.590331505 23.5614174667 2.51350555567 0.000164943675545 -4.19140404301E-06 -1.80523327719E-08 0.000164996922080482 6.77514221699999E-06 8.56394766000007E-07 
473 125.606825723 23.5609999159 2.51350370155 0.000164924767022 -4.15778635678E-06 -1.90629635284E-08 0.000164977169111505 6.77988726699999E-06 9.05635869999984E-07 
474 125.623320322 23.5605855023 2.51350173724 0.000164978173299 -4.128216063E-06 -2.02435728842E-08 0.000165029816223433 6.769964385E-06 8.80724955000008E-07 
475 125.639815863 23.5601739508 2.5134996383 0.000164971830547 -4.10887843253E-06 -2.16049467556E-08 0.000165022993012414 6.748529852E-06 8.93123792999987E-07 
476 125.656311844 23.559764975 2.51349742439 0.000164956706298 -4.07666637641E-06 -2.25991725936E-08 0.000165007074612429 6.76735822099998E-06 8.7951227400001E-07 
477 125.672808363 23.5593583684 2.51349509162 0.000164974266718 -4.05228342652E-06 -2.40777678777E-08 0.000165024029340728 6.77978030399999E-06 8.84711332000017E-07 
478 125.68930548 23.5589543583 2.51349262094 0.000164964808272 -4.01552629447E-06 -2.5240551391E-08 0.000165013675362755 6.80380644800001E-06 9.10965781000003E-07 
479 125.705802956 23.5585548355 2.51349002051 0.000164964817379 -3.97534916858E-06 -2.66460674264E-08 0.000165012711885818 6.79200272799999E-06 8.92200306000008E-07 
480 125.722300366 23.5581602282 2.51348730436 0.00016496460858 -3.91942971592E-06 -2.76771244792E-08 0.000165011165620008 6.81083131500002E-06 8.7665022899998E-07 
481 125.738796912 23.5577716706 2.51348451752 0.000164952972163 -3.81602438967E-06 -2.8127738969E-08 0.000164997108637454 6.78353869299999E-06 8.69519463000008E-07 
482 125.755293038 23.5573950898 2.51348166853 0.000164954973105 -3.73414303511E-06 -2.91534855723E-08 0.000164997235813827 6.82647078E-06 8.72502142000006E-07 
483 125.771790262 23.5570233514 2.51347992383 0.000164968030564 -3.69449368172E-06 -1.03219215044E-08 0.000165009395181823 6.78145630799999E-06 8.85473123999996E-07 
484 125.788287846 23.556655064 2.51347870506 0.000164974164112 -3.66622782671E-06 -1.41155556744E-08 0.000165014897055325 6.82069989000001E-06 8.8793202299999E-07 
485 125.804785714 23.5562906158 2.51347709589 0.000164971822357 -3.62016097825E-06 -1.81595407857E-08 0.000165011539193679 6.821772054E-06 8.81906363E-07 
486 125.821283668 23.5559301354 2.51347508909 0.000164985627743 -3.5923118857E-06 -2.20710823927E-08 0.000165024733157089 6.82493057100001E-06 8.75581360000024E-07 
487 125.837782668 23.5555725402 2.51347270081 0.000165015387345 -3.56394694896E-06 -2.5820033177E-08 0.000165053871342509 6.844671712E-06 8.67146461999989E-07 
488 125.85428243 23.5552178604 2.51346995518 0.000164985646369 -3.53518151441E-06 -2.92106329235E-08 0.000165023519140144 6.84535774000001E-06 8.92286879999985E-07 
489 125.870782152 23.5548657641 2.51346686208 0.000164992014179 -3.50680825719E-06 -3.27475008755E-08 0.00016502928079403 6.859441765E-06 8.6871605800001E-07 
490 125.887282215 23.5545147862 2.51346341854 0.000165035427017 -3.50754134667E-06 -3.59713974669E-08 0.000165072700077643 6.84274576099998E-06 8.74303577999997E-07 
491 125.903776055 23.5541631892 2.51345974945 0.000164856890764 -3.50674155788E-06 -3.73682288463E-08 0.000164894187481281 6.86965917299999E-06 9.01093111000013E-07 
492 125.920261648 23.5538008242 2.51345808365 0.000164820103494 -3.71375471878E-06 -4.52171764273E-09 0.000164861937724661 6.86052359300001E-06 9.43133847000019E-07 
493 125.936740938 23.5534255809 2.51345750329 0.000164763148366 -3.77821215069E-06 -6.93684742452E-09 0.000164806462235715 6.86172533599999E-06 9.24722303000011E-07 
494 125.953214726 23.5530467077 2.51345669462 0.000164683132361 -3.79025939243E-06 -9.14551575865E-09 0.000164726744137475 6.85141296000001E-06 9.14021837000007E-07 
495 125.969683844 23.5526667134 2.51345567897 0.000164648503157 -3.80117675359E-06 -1.10555325023E-08 0.000164692375836823 6.845526942E-06 9.20784850999985E-07 
496 125.986148633 23.5522865007 2.51345445808 0.000164637854263 -3.80133383755E-06 -1.34005764343E-08 0.00016468173357979 6.82520750099999E-06 8.60954114999994E-07 
