0 0.00648568200000454 39.039216954 2.77355441226 0.000137867119336 -2.03439038448E-06 9.42485381871E-07 0.000137885349536992 2.40379747999984E-07 -1.7213714785E-05 
1 0.0202934800000207 39.0389875992 2.77364978412 0.000133686475689 -1.4414240657E-06 1.13242812466E-06 0.0001336990421766 -2.28579341200001E-06 -0.000113327316253 
2 0.0341416960000061 39.0387508615 2.77372955048 0.000139329783089 -2.65813017395E-06 2.9761371205E-07 0.000139355454452171 -2.81167321499999E-06 0.000461950183706 
3 0.0479888649999793 39.038509015 2.77381044293 0.000141118686573 -2.50875308567E-06 -1.35745708348E-07 0.00014114104990764 -1.49556615100001E-06 0.0001942830477602 
4 0.0618251079999936 39.0382790866 2.77354753643 0.000141788908078 -1.84689876059E-06 9.68589712349E-07 0.000141804244136113 -3.35853848999998E-06 7.06064997056E-05 
5 0.0756710850000104 39.038054251 2.77362977155 0.000135132993232 6.72143149065E-08 7.38004290695E-07 0.00013513502517089 -1.03798177E-06 1.3212900688E-05 
6 0.0895208480000065 39.0378195289 2.77370966697 0.000139044828579 -2.51726690098E-06 7.19199223843E-07 0.000139069472691665 -2.40051957999999E-06 -3.33740515499998E-06 
7 0.103350308000017 39.0375789947 2.77343823948 0.000131589456749 -1.86079144245E-06 2.12018929179E-06 0.000131619690300966 -1.00928652300002E-06 -6.66661765700002E-06 
8 0.117197422000004 39.03735183 2.77352787793 0.000137064918482 -9.43308456737E-07 8.42079622932E-07 0.000137070751101076 4.62302990099998E-06 -1.7648781413E-05 
9 0.131043773999977 39.037124429 2.77360453441 0.000138457656293 -2.01500714508E-06 8.17510485148E-07 0.000138474731136546 -1.34789900700001E-06 -1.5184355869E-05 
10 0.144866127 39.0368943268 2.77332928556 0.000138502404284 -1.9681793733E-06 3.06582181617E-06 0.000138550312110448 -2.217917667E-06 4.1320434652E-05 
11 0.158708156999978 39.036668593 2.77342198169 0.000139196776324 -2.00438825506E-06 9.15635891338E-07 0.000139214218025158 -3.29740379500002E-06 -1.6025374788E-05 
12 0.172551836000025 39.0364425621 2.77350157484 0.000137744358938 -2.31136676087E-06 9.03391287913E-07 0.00013776671205833 -6.56973601000007E-07 -1.5537105371E-05 
13 0.18639221799998 39.0362134542 2.77322806541 0.000137835572059 -1.71724830425E-06 2.22602807E-06 0.000137864241438956 -3.44606878699999E-06 -1.5421262419E-05 
14 0.200201116000017 39.0359908554 2.7736653739 0.000134344087024 -1.87401695115E-06 1.51391249121E-07 0.000134357242369571 -8.35670355E-06 -9.020173043E-05 
15 0.214044748999981 39.0357720235 2.77373624286 0.000138096951926 -4.50475327261E-06 2.28101034611E-07 0.000138170593699893 9.01636692999982E-07 0.000440836680918 
16 0.227879567000002 39.035553654 2.77380480085 0.000140581896918 -5.64630163402E-06 -1.14661333422E-07 0.000140695286383116 -4.23141214400002E-06 0.0001516236571679 
17 0.241703733999998 39.0353273143 2.77353732197 0.000140310275171 -3.31056261695E-06 7.61001401898E-07 0.000140351388545095 3.16228442899999E-06 5.44974147717E-05 
18 0.255551754999999 39.0351014927 2.77360705726 0.000140573446893 -1.11695133461E-06 5.75367708548E-07 0.000140579061739873 -9.98878691999987E-07 8.07498751499998E-06 
19 0.269381291999991 39.0348841466 2.77367818804 0.000138982675244 -1.55741559755E-06 6.41988706658E-07 0.000138992883669712 -2.27803720000055E-08 -3.26587793800001E-06 
20 0.283185924000009 39.0346667606 2.77340823918 0.000138732970763 -1.78905885983E-06 9.85558157528E-07 0.000138748006231489 -3.64330012600001E-06 -9.60144349399999E-06 
21 0.297013890000017 39.0344456842 2.77348127033 0.0001330258088 -3.84223928196E-06 -7.60353522823E-07 0.00013308345782656 6.52249301000003E-07 -1.5842871263E-05 
22 0.310833285000001 39.0342316103 2.77355150218 0.000139918398743 -3.47628858246E-06 2.62721755177E-07 0.000139961823051268 -1.539461756E-06 -1.800015993E-05 
23 0.324633306999999 39.0340234944 2.77326961555 0.000138797157564 -1.51741936077E-07 1.97666360988E-06 0.000138811315001651 -3.61234496999989E-07 -1.3716656616E-05 
24 0.338462553999989 39.0338450719 2.77334846068 0.000138852483927 -1.50126527566E-06 8.14756435156E-07 0.000138862989735114 8.85484359000013E-07 -2.0743941274E-05 
25 0.35232363099999 39.0336867874 2.77341674105 0.000138043047893 -1.64252492572E-06 8.10989677119E-07 0.000138055201510038 2.077829871E-06 -1.7461784242E-05 
26 0.366139616999988 39.0335252956 2.7734702167 0.000136022590281 -5.72346473495E-07 3.25810448957E-06 0.000136062808629337 -7.87812849800001E-06 -2.584528398E-05 
27 0.380035229999976 39.0333731584 2.77355708452 0.000140646854276 -1.60637347558E-06 4.82959241888E-07 0.000140656856580498 -1.590169659E-06 0.000229215545056 
28 0.393910799000025 39.0332183582 2.77362177955 0.000137634211573 -1.00598423979E-06 5.391171994E-07 0.000137638943787602 1.06330105799999E-06 6.81259898685E-05 
29 0.40777325900001 39.0330628409 2.77332888137 0.000135847691261 -2.11396414332E-06 2.98028588301E-06 0.000135896821777728 2.34997929999918E-08 5.28119359998E-05 
30 0.421666085000027 39.0329224277 2.77342068474 0.000135163573479 -9.98256173128E-07 1.10142345069E-06 0.00013517174721301 6.06057271200001E-06 -2.63493714199999E-06 
31 0.435531185999992 39.0327733999 2.77349696073 0.000139801765152 4.60361137646E-07 6.97551361977E-07 0.000139804263346633 -2.96975472299999E-06 -1.4574168647E-05 
32 0.449419621000004 39.0326254365 2.77356928705 0.000139397104588 -3.03004395153E-06 7.51869990222E-07 0.000139432059593008 1.20229599000001E-06 -1.6286335778E-05 
33 0.463297367999985 39.0324723059 2.77329394782 0.000139794088012 -1.7777573065E-06 1.83841922197E-06 0.000139817478340096 3.822012148E-06 8.69619651500001E-06 
34 0.477177461999986 39.0323362993 2.77337476443 0.000139483953703 -1.31716370583E-06 8.21838776575E-07 0.000139492593637882 -8.38818688999996E-07 -1.680722738E-05 
35 0.491060253000001 39.0321927087 2.77344802683 0.000137278386926 -1.38450307015E-06 8.62476329095E-07 0.000137288077527417 2.98690237300001E-06 -1.6261943196E-05 
36 0.504917995000028 39.0320601584 2.77352239535 0.000140092263845 -1.21119860458E-06 9.20283271361E-07 0.000140100522170963 -5.19931212799999E-06 -2.1396694369E-05 
37 0.518843285999992 39.0319215485 2.7735944926 0.00014221308714 -1.89079406209E-06 5.16889273563E-07 0.000142226595370189 -3.32726660000018E-07 0.00024897405587 
38 0.532747933999985 39.0317697509 2.77366695664 0.000139474341886 -1.07458159335E-06 5.00185905024E-07 0.000139479378246654 -2.63373095999998E-07 7.01507785331E-05 
39 0.546636298999999 39.0316332994 2.77336987829 0.000136530237833 -1.47234797004E-06 -8.22051400916E-07 0.000136540651162158 9.54372858E-06 0.0001470030640641 
40 0.560541392000005 39.0315037769 2.77346766559 0.000141242789238 -3.35411847395E-06 2.10749583471E-07 0.000141282766245053 -3.20695278999979E-07 -7.37316451700001E-06 
41 0.574486381999975 39.0313749539 2.77353748342 0.000139635976405 -1.36251997649E-06 6.90803017052E-07 0.00013964433241658 6.77086635000017E-07 -1.4054992145E-05 
42 0.588399912999989 39.0312315044 2.77360959938 0.000134342334662 -1.09957751806E-06 -3.96984933368E-07 0.000134347421077564 2.364882285E-06 -1.7584481422E-05 
43 0.602310488000001 39.0311054582 2.77334264144 0.000139356447526 2.67703479319E-07 1.07032452016E-06 0.000139360814889976 -1.48305114600002E-06 -1.5719503715E-05 
44 0.61622994999999 39.0309696853 2.77341366243 0.000143749086071 -5.222781368E-06 8.50975956693E-07 0.00014384645060461 -7.28642383699999E-06 -1.570974604E-05 
45 0.630164275000027 39.0308330584 2.77348660131 0.000137581800345 -2.54191419957E-06 8.04423011213E-07 0.000137607631366688 7.10832779099999E-06 -1.7746819476E-05 
46 0.644071626000027 39.030713263 2.77355868636 0.000140945784582 -7.15910845249E-07 1.10242189905E-06 0.000140951913977134 -3.09466420899998E-06 0.000374995184057 
47 0.658020925000017 39.0305846414 2.77363636272 0.000139446007602 -4.24098070927E-07 4.98713767666E-07 0.000139447544297965 3.638934915E-06 0.000102839526066 
48 0.671962618999999 39.0304564246 2.77370378847 0.000135075853601 -1.67412245714E-06 7.76828177269E-07 0.000135088461291323 3.630226234E-06 2.3385477899E-05 
49 0.685896999000022 39.0303318986 2.77342892591 0.000139087437369 -2.21790651523E-06 1.72206412751E-06 0.000139115778573263 8.85086933199999E-06 2.473091029E-05 
50 0.699833109999986 39.0302131656 2.77350626896 0.000139935656544 -4.61313670764E-07 7.07367185521E-07 0.000139938204758523 3.63180165000021E-07 -1.1687027273E-05 
51 0.713754300000005 39.0300852594 2.773577808 0.000140022078557 -2.79396840437E-06 7.36358516941E-07 0.000140051886694656 1.91326697199999E-06 -1.4550576326E-05 
52 0.727713682000001 39.0299660767 2.77330229504 0.000141345586304 -1.90821984123E-06 1.49460346609E-06 0.000141366367676703 -1.93275531999999E-06 -1.9797958879E-05 
53 0.741669060999982 39.0298367357 2.77337950031 0.000137776337148 -2.4866207027E-06 9.16467717897E-07 0.000137801822460795 -9.25325713999997E-07 -1.5119182606E-05 
54 0.755593029000011 39.0297212858 2.77345253279 0.000137981635042 -2.12450232642E-06 8.55223683932E-07 0.000138000639587461 -2.16109635000001E-06 -1.9416750912E-05 
55 0.769506329000023 39.0296046593 2.77352357944 0.000140196302947 -1.01535814131E-06 2.02905389202E-06 0.000140214661757816 -3.717367588E-06 3.6262377149E-05 
56 0.783454536000022 39.0294791434 2.77361313656 0.000141003287723 -2.14295823669E-06 5.98970022581E-07 0.000141020843082813 2.63359943000001E-06 0.000112717813209 
57 0.797397800999988 39.0293479902 2.77368669681 0.000140726273007 -1.17400124998E-06 5.57212930092E-07 0.000140732273056414 2.85762047700001E-06 2.4904721088E-05 
58 0.811311642000021 39.0292400666 2.77339888126 0.000136214869075 3.29215066774E-07 3.4584097777E-06 0.000136259163133604 1.36311986999999E-06 1.9179174559E-05 
59 0.825222801999985 39.0291217318 2.77350190294 0.000138933034072 -1.10508130531E-06 8.50605053883E-07 0.00013894003271232 -4.98436656000021E-07 -1.0920837209E-05 
60 0.839130653999973 39.0289946817 2.77357655091 0.000139016530476 -1.93274048866E-06 8.00721311096E-07 0.00013903227102367 1.59103526600001E-06 -1.3778408536E-05 
61 0.853022674999977 39.0288693298 2.77330036823 0.000132615678221 -3.43689226741E-07 2.98477598409E-06 0.00013264970832978 1.43268446800002E-06 -1.0322798234E-05 
62 0.866915903000006 39.028766607 2.77339447965 0.000138505338 -6.81917543713E-07 1.22197966081E-06 0.000138512407026671 -6.18997211E-07 -1.3415182746E-05 
63 0.880785103999983 39.0286552068 2.77348034327 0.000141386759264 -7.28963139489E-07 8.9295857883E-07 0.000141391458219578 1.323541389E-06 -2.0887010459E-05 
64 0.894641272000001 39.0285336131 2.77390700271 0.000126757437342 1.07664003598E-06 1.50604843777E-05 0.000127653536045693 3.448750552E-06 0.0001592589712071 
65 0.908527079999999 39.0284264227 2.77364540663 0.000139965086924 -8.7337131922E-07 5.97109626837E-07 0.00013996908542607 6.716187964E-06 0.000288302043805 
66 0.922403471999985 39.0283260661 2.77372324309 0.000139172366547 -6.66809175955E-07 5.3267046668E-07 0.000139174983321701 2.806447502E-06 9.14387561232E-05 
67 0.936286116000019 39.0282082451 2.77380151698 0.000139558228169 -1.03313164594E-06 6.69042087879E-07 0.000139563655827668 2.87934764299998E-06 2.6789846178E-05 
68 0.950161948000016 39.0281048596 2.77354051354 0.000140084716313 -1.82555294758E-06 9.03265076302E-07 0.000140099522753849 -6.33448099000009E-07 1.90403065800001E-06 
69 0.964049593000027 39.0279892145 2.77361975322 0.000138186897474 -5.0141777465E-07 7.03561047103E-07 0.000138189598202692 3.10506153300001E-06 -8.17691636000002E-06 
70 0.977911248999987 39.0278892049 2.77333200805 0.000136091253438 -5.15660863102E-08 2.92036242007E-06 0.000136122593415097 8.51191726699999E-06 6.484193986E-05 
71 0.991782761000024 39.027783084 2.77343673558 0.000137865418588 -7.82316183636E-07 1.39783953749E-06 0.000137874724356672 -2.71145780300001E-06 -1.4048227933E-05 
72 1.00566475900001 39.0276735052 2.77352001567 0.000140156914795 -2.74561745031E-06 8.26870892963E-07 0.000140186243602965 -7.30561530999977E-07 -2.0278602426E-05 
73 1.01955531499999 39.0275572307 2.77359793192 0.000139118460331 -9.0618567473E-07 8.19337557531E-07 0.000139123824312654 1.112907064E-06 -1.7794929976E-05 
74 1.03341217500002 39.027459302 2.77333685109 0.000139182524813 -1.17059380226E-06 1.58241276616E-06 0.000139196442243808 4.91014896200002E-06 -8.461940003E-06 
75 1.047277769 39.0273522898 2.77377080439 0.000137589068154 -1.08441561239E-06 -1.90027530661E-07 0.000137593472749142 -4.14351196899998E-06 -6.5809973248E-05 
76 1.061167087 39.02724262 2.77383998838 0.00013987213757 -6.01101015141E-07 5.76808009465E-07 0.000139874618492102 -1.5553642306E-05 0.000359283536426 
77 1.07506099 39.0271282601 2.77357488389 0.00013498224468 -1.34752488332E-06 8.70203269855E-07 0.000134991775512042 -3.86979763200001E-06 7.7858577174E-05 
78 1.08894256500002 39.0270188337 2.77365430929 0.000138720645707 -5.10330843968E-07 7.16769901109E-07 0.000138723436167176 2.024389484E-06 1.520788468E-05 
79 1.10280895400001 39.0269101616 2.7737324955 0.000139046529739 -1.01799464519E-06 6.87020850551E-07 0.000139051953395863 1.43345237499999E-06 -3.77977832600001E-06 
80 1.11666502999998 39.0267946493 2.77346365007 0.000137904118462 -2.79429203968E-06 1.64189378267E-06 0.000137942197213101 1.489264701E-06 -1.0871799588E-05 
81 1.13056096700001 39.0266902644 2.7735474597 0.000138590285808 -1.87797085256E-06 7.52022677946E-07 0.000138605049089037 4.66415057700001E-06 -1.6790002924E-05 
82 1.144431596 39.0265736105 2.77362277901 0.000138939511956 -9.92498501993E-07 8.51249976577E-07 0.000138945664424517 -1.54440333000001E-07 -1.619628456E-05 
83 1.158264675 39.0264622723 2.77335364401 0.000139131030383 -1.48302371546E-06 2.18831371885E-06 0.00013915614140852 -1.609058592E-06 1.8626859637E-05 
84 1.17213865799999 39.026345365 2.77344171356 0.000138302009679 -9.45964724141E-07 8.87453238755E-07 0.000138308091967753 1.99339503899999E-06 -1.7632510099E-05 
85 1.18598644500003 39.0262285347 2.77351513849 0.00013942481413 -5.80782876525E-07 8.04455025499E-07 0.000139428344506498 3.282594426E-06 -1.5593384893E-05 
86 1.19981754999998 39.0261181544 2.77359610703 0.000142214391066 -1.91890900444E-06 7.47246489628E-07 0.000142229299426513 -3.14220814600001E-06 1.3038735235E-05 
87 1.21368918799999 39.0259975814 2.77367345104 0.000139088930536 -1.31282922972E-06 5.49829233693E-07 0.000139096212854344 3.13457111999994E-07 0.0002059828130005 
88 1.22753622300002 39.0258746563 2.77374866469 0.000137846535361 -1.65796565018E-06 4.80260801475E-07 0.000137857342247579 3.95072464999996E-07 6.15139644846E-05 
89 1.241356306 39.0257628634 2.7734684036 0.000139437424562 -8.50234712985E-07 2.04755141634E-06 0.000139455049153314 2.08165297700002E-06 2.0798766561E-05 
90 1.25519050600002 39.0256520399 2.77355772062 0.000138406785541 -1.0277057572E-06 7.25447542685E-07 0.000138412502098087 1.64627035199999E-06 -7.07847717000001E-06 
91 1.26900446799999 39.0255399316 2.77363108557 0.000140254149379 -3.04428831114E-06 7.41050119946E-07 0.000140289141649054 -9.501892786E-06 -1.1887782002E-05 
92 1.28280776000003 39.0254151974 2.77334500833 0.000134311275139 -8.84044954675E-07 3.81493335731E-06 0.000134368351487494 -4.79648230000012E-07 2.7293612051E-05 
93 1.29661439799997 39.0253175946 2.7734423286 0.000134252835166 2.60171830477E-06 -6.37799453612E-06 0.000134429429451104 4.24925038999997E-07 -1.6993313308E-05 
94 1.31041471100002 39.0251952589 2.77351923447 0.000138579079722 -1.05192562454E-06 7.87891144811E-07 0.000138585311835606 3.45350899700001E-06 -1.5522285985E-05 
95 1.324199652 39.0250935216 2.77324703256 0.00013779878447 -4.65282655043E-07 1.99937155568E-06 0.000137814073940132 -1.334351971E-06 -1.9033688818E-05 
96 1.33796904299999 39.024988395 2.77361564807 0.000138260293493 -2.81096968646E-06 0.000691156706063 0.00070485558992123 1.1692114048E-05 -8.7993460053E-05 
97 1.35172917800003 39.0248758773 2.77375809331 0.000139188124162 -1.16150223116E-07 2.82221221843E-07 0.000139188458743635 -2.64793207699999E-06 0.000525950637452 
98 1.36551303200002 39.0247624261 2.77346097535 0.000136615064697 -2.43483755118E-06 1.60365025443E-06 0.000136646170931368 8.57918095399998E-06 0.0002476616337966 
99 1.37928591999997 39.0246534728 2.77356455442 0.000138363064994 -9.17863117394E-07 8.7692889292E-07 0.000138368888235468 3.88899134600001E-06 4.5150705123E-05 
100 1.39305915800003 39.0245510949 2.77364104265 0.000135908741583 -2.74672319778E-06 6.49200312018E-07 0.00013593804466758 7.12716593199999E-06 3.61645494100001E-06 
101 1.40682555500001 39.0244392569 2.77371776654 0.000137497044185 2.93316919549E-06 8.2798075368E-07 0.000137530819067108 3.437749289E-06 -6.25547025600001E-06 
102 1.420563281 39.0243302419 2.77345716664 0.000138035394639 -1.11719078984E-06 1.02842301325E-06 0.000138043746480236 -2.151166783E-06 -1.3026940983E-05 
103 1.43433021999999 39.0242145389 2.77353581975 0.000137747818665 -1.22762266643E-06 8.07151392236E-07 0.000137755653596311 2.483027142E-06 -1.3484853637E-05 
104 1.448060688 39.0241046054 2.77327695841 0.000137670188743 -8.35122778978E-07 7.61480603392E-07 0.000137674827587684 -6.11040453999984E-07 -2.140264839E-05 
105 1.46179706700002 39.0239828055 2.77335892125 0.000137105036897 -1.32021625214E-06 9.4258063168E-07 0.000137114632959897 6.12592673000019E-07 -1.5238424833E-05 
106 1.47551301800002 39.0238659641 2.77344310125 0.000137131465117 -2.09563378102E-06 9.05328639278E-07 0.000137150464913628 3.02867366999986E-07 -1.5819328604E-05 
107 1.48923405900001 39.0237325431 2.773541203 0.00014550035748 -2.45187214301E-06 5.44361321589E-05 0.000155369424882229 2.4724922517E-05 -3.1850386125E-05 
108 1.502941088 39.0236089761 2.77361844895 0.000138631032012 -1.35813503328E-06 7.40410185149E-07 0.000138639661622218 -5.32081129200001E-06 0.000510987171168 
109 1.51667840900001 39.0234771404 2.77370150278 0.000138995116238 -1.36214521611E-06 5.08798340854E-07 0.000139002721748017 2.29371561000013E-07 0.0001787353412758 
110 1.53039187000002 39.0233413791 2.77378249504 0.00013841068744 -7.56041562561E-07 6.09438455766E-07 0.000138414093977778 1.68987264499999E-06 5.52823976421E-05 
111 1.54409126899998 39.0232071079 2.7735243198 0.000137302486084 -8.0402088062E-07 1.33593116866E-06 0.000137311339103917 5.58448538399999E-06 2.183336099E-05 
112 1.55779749200002 39.0230765681 2.77361147276 0.000137035969584 -1.41951323429E-06 7.5622953574E-07 0.000137045408025078 -4.39548705000002E-07 -6.94377501900002E-06 
113 1.571513133 39.0229333517 2.77369532539 0.000136165889458 -1.58165571545E-06 8.76782533355E-07 0.000136177897745197 4.37409472999991E-07 -1.1565574223E-05 
114 1.58519930400001 39.0227966718 2.77344217045 0.000135958291804 -9.22015867602E-07 8.51128338906E-07 0.00013596408217971 -9.44173207999982E-07 -1.7276272747E-05 
115 1.59889389199998 39.0226623837 2.77352760622 0.000137908718156 -1.13156542425E-06 8.85369922396E-07 0.0001379162023246 8.83622425999981E-07 -1.4377788178E-05 
116 1.61257241700002 39.0225192553 2.77361242479 0.000136787156723 -1.77484532163E-06 8.98431578203E-07 0.00013680162096839 -1.037781261E-06 -1.4569476208E-05 
117 1.62626222900002 39.0223824919 2.77336005641 0.000137303212428 -2.04789170046E-06 1.06644533642E-06 0.000137322624898889 -1.33642253500002E-06 -1.5815808369E-05 
118 1.63994903399998 39.0222286113 2.77344446689 0.000139602999374 -5.53656287955E-06 8.05422227522E-07 0.000139715066001133 -1.778678256E-06 -1.6932814295E-05 
119 1.65364461199999 39.0220840602 2.77353116692 0.000139683094092 -9.12630958319E-07 8.90430858875E-07 0.000139688913438021 5.91974242000016E-07 -1.9041719041E-05 
120 1.66731427600001 39.0219485391 2.77361835305 0.000140657693777 4.98447872602E-07 1.13419375545E-06 0.000140663149632094 -7.076073651E-06 0.00046302442315 
121 1.68099945400002 39.021810482 2.77337093095 0.000137736562196 -1.07426247556E-06 6.92372470693E-07 0.000137742491574231 -8.80819471000015E-07 0.00012979762816284 
122 1.69467991900001 39.0216598962 2.77344361494 0.00013847883705 -8.34093958405E-07 1.53317279895E-06 0.000138489835880773 7.15962416999999E-07 6.22795820866E-05 
123 1.70837089700001 39.0215183706 2.77353577261 0.000137467338368 -1.11647450663E-06 9.21941080138E-07 0.000137474963570322 -1.86543411399999E-06 3.3892787997E-05 
124 1.722061801 39.0213694219 2.77362352611 0.00013663926 -1.17830766877E-06 7.2856621562E-07 0.000136646282756028 -2.062317451E-06 -2.11754886699999E-06 
125 1.735735181 39.0212284439 2.77370797792 0.000137005536097 -1.53009079392E-06 7.92394306714E-07 0.000137016371240087 -5.14209069999989E-08 -8.360852712E-06 
126 1.74937231299998 39.0210848398 2.77310298547 0.000137769881073 -9.73991615592E-07 2.65435205894E-06 0.000137798891052826 2.41207381699999E-06 3.03525684999998E-06 
127 1.76307837100001 39.0209387035 2.7735392681 0.000137030641519 -1.55872293382E-06 8.09514125282E-07 0.000137041897408829 -1.47742882599999E-06 -1.4953273793E-05 
128 1.77673979100001 39.0207877273 2.77326272952 0.000135166758951 -9.12139264051E-07 3.03585925398E-06 0.00013520392436895 -3.97271904499998E-06 2.2796968732E-05 
129 1.79041536099999 39.0206509374 2.77337198933 0.000137647843732 2.3992891527E-07 1.22984374338E-06 0.000137653546868893 9.71950830000023E-08 -1.7699201269E-05 
130 1.80408084300001 39.0205040315 2.77345823821 0.000136131604546 -1.7175977372E-06 8.94328945368E-07 0.00013614537716176 -1.09707067999997E-07 -1.6849402228E-05 
131 1.81775022699998 39.0203600102 2.77354476915 0.000136357916754 -1.5325632694E-06 9.16988077322E-07 0.000136369612006486 -2.15533795000007E-07 -1.5670280841E-05 
132 1.83141509299998 39.0202206929 2.77328600667 0.000136226516606 -2.06429859442E-06 1.96494654058E-06 0.000136256325248405 2.61322803199999E-06 5.046193356E-06 
133 1.84506123800003 39.0200767316 2.77372972382 0.000138527633376 -2.46778870097E-07 3.22950026669E-07 0.000138528229633118 -9.06790800899999E-06 4.71696050700001E-06 
134 1.85874465799998 39.0199277014 2.77381176632 0.000137934848248 -2.09231918371E-06 4.04604648829E-07 0.000137951309764305 -9.74586980000028E-08 0.000293626050029 
135 1.87240688000003 39.0197739378 2.77355265423 0.000138728625118 -1.21292111585E-06 1.28014477216E-06 0.000138739833412764 -3.249169019E-06 9.97294275855E-05 
136 1.886081881 39.0196381292 2.77364117534 0.000136409519742 -1.63663763039E-06 7.62070298033E-07 0.000136421466089892 -5.16307566000005E-07 1.9014728407E-05 
137 1.89972935100002 39.0194975074 2.77339236225 0.000136835596395 -1.15530037389E-06 7.74262937504E-07 0.000136842663825379 -5.38919880000013E-07 -1.2708108912E-05 
138 1.91339506200001 39.0193527689 2.77347489352 0.000136652715905 -1.55181774906E-06 9.67556691357E-07 0.000136664951865831 -2.26961750999998E-06 -6.002004944E-06 
139 1.92705185599999 39.0192010208 2.77356405644 0.000136063003557 -1.58247617793E-06 8.68249324984E-07 0.00013607497574755 -6.95673800999987E-07 -9.32800608700001E-06 
140 1.94071052599998 39.0190541989 2.77365096466 0.000138419886809 -5.37881751298E-07 1.143049551E-06 0.000138425651319655 -7.01606013800001E-06 -1.6242178075E-05 
141 1.95435665500003 39.018915003 2.77339394819 0.000136373772539 -1.25837641094E-06 1.81797713215E-06 0.00013639169471989 -1.85692256900001E-06 -1.5466455221E-05 
142 1.96801541000002 39.0187796156 2.77348962222 0.000137494019332 1.65698555595E-07 1.10536302917E-06 0.000137498562303415 -3.56440129699998E-06 -1.385939751E-05 
143 1.98167349300002 39.0186402826 2.7735781678 0.000137877000935 -1.6389037512E-06 8.20854784839E-07 0.000137889184474031 -2.07537027299999E-06 -1.8754227316E-05 
144 1.99531851199998 39.0184899763 2.77331051873 0.00013695797999 -8.18569603887E-07 2.63518599657E-06 0.000136985774970886 3.22596926000004E-07 -6.35795419999991E-07 
145 2.00897150999998 39.0183646916 2.77341695978 0.000133942137443 -2.42321680656E-06 1.18583359752E-06 0.000133969303811777 -1.23222374399999E-06 -2.1191010187E-05 
146 2.02263794100003 39.0182294613 2.77385884442 0.000129762634812 1.19968778948E-06 -4.48256378172E-05 0.00013729209172368 1.3056845093E-05 8.71474455891E-05 
147 2.03624888600001 39.018086932 2.7735801577 0.000133586574245 -3.67266203438E-07 3.54779625331E-06 0.000133634181859411 -7.36457300599998E-06 1.1649213369E-05 
148 2.04991456900001 39.0179527971 2.7736951219 0.000138435044287 2.80714454806E-08 5.77393224369E-07 0.000138436251241087 8.01573089999862E-08 0.000231421097713 
149 2.06357162799998 39.0178137452 2.77378265532 0.00013636896049 -1.40207718096E-06 6.17497329038E-07 0.000136377566001509 7.90841839999997E-07 0.0001024318411319 
150 2.07720834899999 39.017669585 2.7738729012 0.000138363579793 -1.42828960691E-06 1.19077376661E-06 0.000138376075123189 -1.21599762700002E-06 4.52908886E-05 
151 2.09084652000001 39.0175343967 2.77362437367 0.000136755715589 -1.40481412695E-06 9.75374844816E-07 0.00013676640890613 -2.84126986E-06 1.5404796901E-05 
152 2.10449581300003 39.0173991312 2.77371482174 0.000137108409149 -1.84189965258E-06 8.56905053651E-07 0.000137123458022217 -8.2290179899999E-07 -2.97347214499999E-06 
153 2.11813078400002 39.0172639657 2.77346842334 0.000136461636208 -1.5768049253E-06 8.27390061138E-07 0.000136473253953477 -1.53381676299999E-06 -1.5597306785E-05 
154 2.13177559399998 39.0171298503 2.77355910516 0.000137246743132 -1.62957225965E-06 8.80289221938E-07 0.000137259239817234 -2.52643468000004E-07 -1.1377142036E-05 
155 2.14541679299998 39.0169908801 2.77364986909 0.000136936293446 -1.7997651891E-06 8.54131269403E-07 0.00013695078370601 8.46724059999876E-08 -1.3349568626E-05 
156 2.159051723 39.0168548411 2.77339697081 0.000137314587694 -7.71078871183E-07 1.45743962927E-06 0.000137324486842193 -4.19283391299999E-06 -1.9547370379E-05 
157 2.17268439200001 39.0167232415 2.77349458982 0.000137111581359 -9.23771798118E-07 1.11102799011E-06 0.000137119194426949 -2.69524894800001E-06 -1.3171203255E-05 
158 2.18632638299999 39.0165884429 2.7735879328 0.000134467461371 -1.59014851703E-06 9.63186593564E-07 0.000134480312567608 3.00860769000003E-07 -1.352712111E-05 
159 2.19995109000001 39.0164523094 2.77332665885 0.000135743587658 -1.10290642698E-06 2.70204521346E-06 0.000135774957341873 -3.61756349E-06 -6.03442746599999E-06 
160 2.21359159999997 39.0163180069 2.77343346073 0.000134947341139 -1.5867649952E-06 1.32052262071E-06 0.000134963130089767 -3.98242782499999E-06 -1.3408844129E-05 
161 2.22720833900001 39.0161841615 2.77319328854 0.00013539958279 -1.51996025442E-06 1.00150951912E-06 0.000135411817505704 -2.58139195200003E-06 -2.7084587066E-05 
162 2.24085408600001 39.0160470366 2.77327711551 0.000137861628289 -3.4509462778E-06 9.17909336403E-08 0.000137904844042123 -9.906311677E-06 -1.2005726124E-05 
163 2.25447089900001 39.0159040717 2.77372555874 0.000126931677273 -1.13855067278E-06 -3.13332617432E-06 0.000126975449303738 -4.515783476E-06 0.000212644956067 
164 2.26811957899997 39.0157736631 2.7738159789 0.000138380401099 -8.54801807493E-07 1.95734872898E-07 0.000138383179637522 -4.70786884600001E-06 1.6140745984E-05 
165 2.28175114099997 39.0156468544 2.77354981374 0.000136449330887 -1.45265214704E-06 2.13654921092E-06 0.000136473788473468 -2.14148739999872E-08 0.000342954952085 
166 2.29539408699998 39.0155198168 2.77365368859 0.000137090933444 -1.2026602095E-06 9.49638561301E-07 0.000137099497583047 -1.660962917E-06 9.8790176728E-05 
167 2.30904505799998 39.0153843729 2.7737488799 0.000140641603232 -2.23668524028E-06 5.91006138065E-07 0.000140660629206565 8.78565137999983E-07 4.50042781559E-05 
168 2.32268255600002 39.0152523241 2.77384005051 0.000136351674234 -9.17773020736E-07 7.0039602659E-07 0.000136356561735497 1.542379262E-06 1.8666517669E-05 
169 2.33628278100002 39.0151226929 2.77359244055 0.000137442796492 3.43774120554E-07 1.34027383564E-06 0.000137449761084339 1.87253946699997E-06 6.57469376900001E-06 
170 2.34992608599998 39.0149953865 2.77368766301 0.00013634669033 -1.16143323125E-06 9.02384780187E-07 0.000136354622911682 -1.179788137E-06 -8.003332901E-06 
171 2.36355837899998 39.0148624054 2.77378030677 0.000135976076524 -1.43353891131E-06 9.01791063872E-07 0.000135986623047246 -5.11351798000015E-07 -9.804705033E-06 
172 2.37718419100003 39.0147342011 2.77353535157 0.000136696907842 -1.83723358482E-06 8.17311137545E-07 0.000136711696786723 -4.71916520999979E-07 -1.6036229901E-05 
173 2.39081739599999 39.0146054675 2.7736274264 0.00013687101727 -1.22606239425E-06 9.59152467622E-07 0.000136879869122437 -6.31379659999986E-07 -1.3745922196E-05 
174 2.40443936000003 39.0144812902 2.77335357406 0.000131526839563 -9.68007699232E-07 4.63086638784E-06 0.000131611897212368 -2.98581984800001E-06 -1.307808553E-06 
175 2.418049204 39.0143546748 2.77347396052 0.000136201509192 -1.89559023247E-06 1.03113141993E-06 0.00013621860225576 -1.00088150499999E-06 -1.5706168154E-05 
176 2.43169332999997 39.0142239988 2.77356760049 0.000136978685123 -1.08631906109E-06 8.24117881918E-07 0.000136985471628972 5.60944164999989E-07 -1.4760201345E-05 
177 2.445320052 39.0140956775 2.77330419932 0.000136008844243 4.96239473563E-07 2.82011678547E-06 0.000136038983473913 -9.01496322000002E-07 2.38857840700001E-06 
178 2.45894708899999 39.0139749106 2.77341411086 0.000136590271222 -1.5273330036E-06 1.28310326251E-06 0.00013660483627085 -2.978427717E-06 -1.3680696799E-05 
179 2.47257520900001 39.0138445715 2.77351159901 0.000136006779044 -1.37121158788E-06 1.04215890247E-06 0.000136017683638269 -2.38164736100001E-06 -1.5119886033E-05 
180 2.48620523099999 39.0137203855 2.77360679598 0.000135663020994 -1.58844629204E-06 8.5651558654E-07 0.000135675023662394 -2.35733748100002E-06 -1.7552986478E-05 
181 2.49981392299998 39.0136017794 2.77370465474 0.000131671120529 -1.0813066511E-06 1.14232088391E-06 0.000131680515272526 -4.13222264099999E-06 1.7507191732E-05 
182 2.51344280699999 39.013475729 2.77380378684 0.000138532204126 -2.22416149425E-06 5.29445101358E-07 0.000138551069236133 -1.695349588E-06 0.000346332324727 
183 2.52707231099998 39.0133475802 2.77389518869 0.000137348085652 -1.17202431382E-06 6.34013086394E-07 0.000137354549418121 1.35398968000006E-07 0.0001632058756923 
184 2.54069158099998 39.0132195555 2.77364323792 0.000136959257723 -1.6611502469E-06 1.6050185097E-06 0.000136978734775126 2.23386835600001E-06 9.88601648926E-05 
185 2.55432230299999 39.0131004047 2.77374322472 0.000135829815916 -2.66850560105E-06 8.4063039824E-07 0.000135858626790439 1.21933327599998E-06 2.4852076732E-05 
186 2.56793740000001 39.0129761472 2.77383665113 0.000135893195089 -1.51838116413E-06 8.37266623058E-07 0.000135904256623016 4.16063979999999E-07 8.83396684700001E-06 
187 2.58154476800001 39.0128534836 2.77358163656 0.000137584646621 -1.73170473387E-06 2.22071363803E-06 0.000137613463571603 3.09974348999999E-06 3.1599118578E-05 
188 2.595165651 39.0127363798 2.77368228175 0.000138670310057 -1.9772583296E-06 3.06279376278E-06 0.000138718222117499 -1.4904488952E-05 -8.28572989200002E-06 
189 2.60878258600002 39.012611455 2.77377431059 0.000136825810439 -1.77165405189E-06 8.27828901065E-07 0.00013683978391191 1.21050328E-06 -1.1221938118E-05 
190 2.622396047 39.0124922636 2.77352478535 0.000136982158372 -1.07839993953E-06 1.46116944183E-06 0.000136994195770547 -3.08752229599999E-06 -1.5422583634E-05 
191 2.636012413 39.0123715927 2.77362328392 0.000136526329813 -1.21210271482E-06 9.96662578741E-07 0.000136535348029348 -1.288566606E-06 -1.3582598729E-05 
192 2.64962235299998 39.012249788 2.77371851092 0.000136081081324 -1.45538135398E-06 1.25525319865E-06 0.000136094652686236 -7.33585570699999E-06 -1.8072611783E-05 
193 2.66321208900001 39.0121396864 2.7734625264 0.000136851556115 -5.35105477617E-07 1.91644195115E-06 0.000136866020248714 -1.542281906E-06 -1.6116081268E-05 
194 2.67681891199999 39.0120265437 2.77356394915 0.000134269099489 -6.76045155908E-07 1.01316607727E-06 0.000134274623887539 -2.61117116600001E-06 -1.3001205077E-05 
195 2.69043119999998 39.0119116166 2.77365893375 0.000136427174453 -1.46403722386E-06 9.04462160474E-07 0.000136438027639005 -2.006731646E-06 -1.9149678525E-05 
196 2.70403423400001 39.0117926584 2.77340034903 0.000133824059205 -1.23639945046E-06 2.25261800465E-06 0.000133848727276651 -2.224246669E-06 -1.4255483441E-05 
197 2.7176293 39.0116795539 2.77349743877 0.000147888760566 -5.1730364397E-06 0.000375110644619 0.000403244146286385 1.6127635478E-05 -0.000127990498874 
198 2.73122465099999 39.0115616188 2.77359884694 0.000138859083537 2.64628389215E-07 1.55240802775E-06 0.000138868013162155 -6.191515921E-06 2.4871764851E-05 
199 2.74483146599999 39.0114438996 2.77370131428 0.000137500224569 -1.51238960423E-06 6.82333220184E-07 0.000137510234737142 -4.15982644399998E-06 0.000465394705811 
200 2.75844029699999 39.0113235262 2.7737957488 0.000138334482788 -7.8769415154E-07 4.52129205363E-07 0.000138337464235536 -2.25899464199999E-06 0.000296588230718 
201 2.77205634299997 39.011215275 2.77388446102 0.000138277294375 -1.32431654734E-06 5.36411488305E-07 0.000138284676270629 -1.53819935400001E-06 0.0001563333494059 
202 2.78564864100002 39.0111067505 2.77363487747 0.00013634786058 -2.40667311185E-06 1.32084503045E-06 0.00013637549556942 2.29242505200001E-06 8.81674583681E-05 
203 2.79925272700001 39.0109969636 2.77372654879 0.000136665158467 -2.42260708207E-06 5.55933685757E-06 0.000136799637390529 -1.5992656417E-05 2.81811489472E-05 
204 2.81286398499998 39.0108697832 2.77381798238 0.000137153563898 -1.65118833757E-06 7.12406603631E-07 0.000137165352899403 5.47678333000007E-07 1.1007654399E-05 
205 2.82644820100001 39.0107543341 2.77356279757 0.000136977565726 -1.11016183903E-06 1.92249368353E-06 0.000136995554502665 3.61675639700001E-06 2.4867930635E-05 
206 2.84004720399997 39.0106478693 2.77366172206 0.000138305775375 -7.20027054148E-07 7.75832486568E-07 0.000138309825598494 1.10525600800001E-06 -9.025196626E-06 
207 2.853670018 39.0105336541 2.77375168418 0.000136254698946 -7.72937012208E-07 8.01856346629E-07 0.000136259250658774 4.01712401999993E-07 -1.1765080893E-05 
208 2.867262127 39.0104269185 2.77350580092 0.000135965724312 -9.76035330504E-07 8.11981419047E-07 0.000135971651995841 -1.04989566000001E-06 -1.7473769516E-05 
209 2.88085203600002 39.0103194963 2.77359606362 0.000136216155366 1.09234802346E-06 8.91652788334E-07 0.000136223453383012 -2.56080295099999E-06 -1.3506428448E-05 
210 2.894442723 39.0102071507 2.77368698863 0.000135734949429 -1.29196787979E-06 8.92302120628E-07 0.00013574403073642 -5.11109847999995E-07 -1.4175456662E-05 
211 2.9080141 39.01010023 2.7734406257 0.000136246835456 -1.30047346903E-06 1.13877811436E-06 0.000136257800578946 -3.59284215499999E-06 -1.5782498574E-05 
212 2.92159610200002 39.0099844517 2.77353272602 0.00013821074529 -1.92346901232E-06 8.47345479607E-07 0.000138226726218269 1.49220838199999E-06 -1.4899347917E-05 
213 2.93520030799999 39.0098717266 2.77362466686 0.000135375564774 -1.43515505922E-06 8.9110217225E-07 0.000135386104423626 -3.26702565900001E-06 -1.7780609142E-05 
214 2.948776232 39.0097722542 2.77337025696 0.00013565536498 -1.74074048118E-08 1.72904843953E-06 0.000135666384780391 -3.49877757999998E-06 -1.6326568885E-05 
215 2.96235980300003 39.0096627517 2.77346814664 0.000133998833606 -1.38715089748E-06 1.0474938147E-06 0.000134010107225809 -2.71121585699999E-06 -1.5026988574E-05 
216 2.97593882199999 39.0095497143 2.77356090597 0.000136036818158 -1.28957142515E-06 9.21989025274E-07 0.000136046054528516 -4.36885162000001E-06 -1.9133044538E-05 
217 2.98950018300002 39.0094408695 2.77365491152 0.000135984167844 -6.92752478031E-07 1.13761713285E-06 0.000135990690795223 -7.388696938E-06 3.25614699999999E-06 
218 3.00306655499998 39.0093318169 2.77375412498 0.000139133282741 -1.87623299879E-06 3.241334306E-07 0.000139146310332088 -3.624116295E-06 0.000522022350393 
219 3.01666557200002 39.0092236615 2.77384325765 0.000136218330247 -1.83252981048E-07 3.54632983739E-07 0.000136218915138423 4.02122792399998E-06 0.000301620005396 
220 3.03024462600001 39.0091135661 2.77357131098 0.000136490323158 -6.8304120505E-07 2.62714769648E-06 0.000136517313063517 -5.02836959999993E-07 0.000189046440783 
221 3.04381452400003 39.0090156668 2.77334118755 0.000136746948575 -9.26774219052E-07 1.19988645866E-06 0.00013675535303066 4.21603144999997E-07 6.43571182E-05 
222 3.05741267399998 39.0089028226 2.7734031037 0.000134631412576 -2.13291375793E-06 -1.23955931977E-06 0.000134654012493557 9.015990737E-06 0.0001692787977292 
223 3.07097022599999 39.0088039184 2.77351678777 0.000136230629079 1.39991870523E-06 1.4584706047E-06 0.000136245628216637 -1.93484065599998E-06 2.564871372E-05 
224 3.084551508 39.0086894975 2.77361428084 0.000136089818693 -1.65998960223E-06 8.22846818376E-07 0.000136102429788228 -1.103612034E-06 3.138155386E-06 
225 3.09811758199999 39.0085839999 2.77370381746 0.000136262362919 -1.5213552317E-06 7.14029243594E-07 0.000136272726206571 -8.36581803E-07 -2.08224139499998E-06 
226 3.11168830399998 39.0084777016 2.77342755146 0.000132100362613 -1.89357285235E-06 4.09100490969E-06 0.00013217725879214 3.34217015500002E-06 5.7885768182E-05 
227 3.125247538 39.0083794854 2.7735464924 0.000137513634633 -5.64140968669E-08 1.04894057724E-06 0.000137517646754382 -2.02756508300002E-06 -1.2315068495E-05 
228 3.13882628900001 39.0082759322 2.77363637677 0.000135822745572 -1.34359840409E-06 7.9890685671E-07 0.000135831740486358 -6.11489206999994E-07 -1.3623022835E-05 
229 3.15239396599998 39.0081643998 2.77372562915 0.000135110438361 -6.8068505E-07 8.1077277301E-07 0.000135114585588412 3.26046367000012E-07 -1.2967524576E-05 
230 3.16595550400001 39.0080646598 2.77347675038 0.000136196474288 -2.55173596353E-06 1.182789432E-06 0.000136225511398379 -3.60500828399998E-06 -1.5071106378E-05 
231 3.17952318699997 39.0079583153 2.77356902871 0.000127735745585 -1.16535851189E-06 1.62620941135E-06 0.000127751412194412 -2.79313822000005E-07 -1.4917989171E-05 
232 3.19308782600001 39.007844424 2.77366058946 0.000135207984989 -1.40503092828E-06 8.89576197341E-07 0.000135218211282748 -3.26397280300001E-06 -1.7016891449E-05 
233 3.20664320499998 39.0077547743 2.77340111331 0.000134661692351 -1.15993383763E-06 6.38253117082E-06 0.000134817853185287 -2.0832675382E-05 -1.3286584495E-05 
234 3.22023043299998 39.0076465409 2.77349869802 0.000136054593247 -7.06819610259E-07 9.37162950096E-07 0.000136059656812602 -7.62471208000018E-07 -1.3434793391E-05 
235 3.23380291900003 39.007545414 2.773589472 0.000136099281669 -8.13052147146E-07 8.04101561324E-07 0.000136104085551951 -1.76930697899999E-06 -1.8616842531E-05 
236 3.24736840399999 39.0074402343 2.77332297741 0.000135339934475 -8.0428637698E-07 2.63155399973E-06 0.000135367905416044 -1.829151693E-06 -3.510229336E-06 
237 3.26093717700002 39.0073378551 2.77343067085 0.000135644584975 -7.55346440052E-07 1.09004931334E-06 0.000135651067776078 1.20792288599999E-06 -1.9822279214E-05 
238 3.27450582300003 39.0072347175 2.77387816593 0.00013717126845 5.94969508033E-07 -2.18587533363E-05 0.000138903261208348 1.4502728904E-05 9.46345230323E-05 
239 3.28805354299999 39.0071316493 2.77359792927 0.000128797323343 2.03716630945E-06 6.64549392E-06 0.00012898473993591 -3.531745902E-06 5.4551758113E-05 
240 3.30161618400001 39.0070286412 2.77371365882 0.000136461391386 -1.28459774962E-06 4.48846431498E-07 0.000136468175753545 -3.271486669E-06 0.000382902793369 
241 3.31519147500001 39.0069279408 2.77380131914 0.000137094517158 -2.45102711378E-07 3.6644785541E-07 0.000137095226007892 7.93241786000012E-07 0.0002146493759427 
242 3.32875945500001 39.0068266945 2.77388783906 0.000136307323143 -1.01945017663E-06 5.54107996886E-07 0.000136312261578866 4.86336278000002E-07 0.00012218219432392 
243 3.342324862 39.0067288657 2.77363562143 0.000135657425036 -8.75600565396E-07 9.53246093941E-07 0.000135663599841165 -3.170588155E-06 4.21059434341E-05 
244 3.35587655000001 39.006621024 2.77372485306 0.000135733634792 -1.92142331869E-06 7.33894183952E-07 0.00013574921761134 2.527091669E-06 1.5678287895E-05 
245 3.36944949700001 39.0065220513 2.77381410737 0.000136500062856 -6.15618060155E-07 4.30497315784E-07 0.000136502129921942 -2.169326631E-06 3.20333492199998E-06 
246 3.38298969300001 39.006423253 2.77355620882 0.000136306009188 -9.83144287564E-07 1.48431262076E-06 0.000136317636046865 -1.968322495E-06 -2.20319460800001E-06 
247 3.39654768100002 39.0063186482 2.77365213454 0.000134084210675 5.79909583435E-07 7.99182558122E-07 0.00013408784635538 5.93687998300002E-06 -1.100736249E-05 
248 3.410129176 39.0062144828 2.77373506519 0.000136042914581 -1.42848956188E-06 6.50784822181E-07 0.000136051970625223 2.03061216000013E-07 -1.4671968066E-05 
249 3.42368793499998 39.0061152244 2.77346762644 0.000136416225291 2.09140015072E-07 2.23924708878E-06 0.000136434762761238 1.69109301999991E-07 -1.75805382699999E-06 
250 3.43723987099997 39.0060249097 2.77357060396 0.000135726268036 -6.47746216556E-07 8.94604054396E-07 0.000135730761902213 -1.01931241200002E-06 -1.7813613516E-05 
251 3.45080438000002 39.0059259879 2.77365710294 0.000134938078553 -1.46380715635E-06 8.3145881149E-07 0.000134948579461667 1.83038701899999E-06 -1.5753475875E-05 
252 3.464357232 39.0058285313 2.7733764007 0.000130499037484 -1.04320469329E-06 4.48011697433E-06 0.000130580084654538 -3.60242626300001E-06 -2.460843532E-06 
253 3.477922337 39.0057326696 2.77349277692 0.000135541845107 -1.31116195747E-06 9.54463879448E-07 0.000135551547102886 -2.48015110799999E-06 -1.7191240948E-05 
254 3.49148243299999 39.0056355679 2.77357964988 0.000136153503684 -1.42527940314E-06 8.72047213126E-07 0.000136163756018802 -3.98796169999969E-08 -1.6749615208E-05 
255 3.50503533800003 39.0055396952 2.77331446716 0.000135232962431 -4.69992504925E-07 2.28255947731E-06 0.000135253040995707 -1.635723418E-06 -1.3672916642E-05 
256 3.51860036099998 39.0054524129 2.77341282623 0.000133550598864 -3.87593214038E-06 1.16254576436E-06 0.000133611888765724 3.36904730199999E-06 -1.2744276845E-05 
257 3.53214926300001 39.0053472025 2.77350114769 0.000135583192529 -5.97516004795E-07 9.55851262838E-07 0.000135587878416061 -2.21577216699998E-06 -1.5267063823E-05 
258 3.54567497699998 39.0052500578 2.77358037911 0.000132803560936 -1.03561469928E-06 2.19727229775E-06 0.000132825774233157 -8.530807029E-06 2.0399200075E-05 
259 3.55924488199997 39.0051590303 2.77368091575 0.000136476866376 -2.60930034768E-06 9.58830525813E-07 0.000136505175213595 -1.206938896E-06 0.000241559827614 
260 3.57280189300002 39.0050645235 2.77343071111 0.000137290425461 -1.50706188817E-06 5.91364453296E-07 0.000137299970395896 -1.647462714E-06 9.46075220195E-05 
261 3.586350079 39.0049625034 2.7735096562 0.00013599760607 -9.14797087114E-07 1.22556279634E-06 0.000136006204691732 -2.58230924099999E-06 6.35748066063E-05 
262 3.59989392099999 39.0048735284 2.77359521592 0.00013805490908 -1.34094566929E-06 7.75026022731E-07 0.000138063596656436 -1.78264563000018E-07 2.4622598409E-05 
263 3.61346826300002 39.0047790565 2.77368138515 0.000134899104995 -1.04687542649E-06 5.59256121055E-07 0.000134904326261316 7.49310730000028E-08 6.69291674100002E-06 
264 3.62701727500001 39.0046866949 2.77376440169 0.000136288640009 -1.06546908338E-06 6.21219961054E-07 0.000136294220472148 8.32273645000006E-07 -1.73576808599999E-06 
265 3.64055972400001 39.0045910386 2.77350326042 0.00013611049633 -7.59911458357E-07 1.30020100234E-06 0.000136118827497411 -1.96410857799999E-06 -5.719733109E-06 
266 3.65410372500003 39.0045021318 2.77359284209 0.000137188926198 -4.17773219783E-07 6.35223945319E-07 0.000137191032925932 -1.97131886600001E-06 -1.5299116897E-05 
267 3.66765972000002 39.0044121347 2.77367608644 0.000134898375994 -6.51767155863E-07 8.22392550951E-07 0.00013490245726358 -7.91666197000004E-07 -1.5379055999E-05 
268 3.68117776000003 39.004318505 2.77340881744 0.000135020209402 -8.93901609024E-07 2.54411637775E-06 0.000135047134494554 3.27302515999988E-07 3.3685208062E-05 
269 3.69472235500001 39.0042302163 2.77350556151 0.000135942229636 -1.04476805851E-06 8.32218197519E-07 0.000135948791557083 -1.30705886900001E-06 -1.6323213855E-05 
270 3.70827251999998 39.0041398786 2.77358825738 0.000135112437215 -1.3830877043E-06 7.6183897359E-07 0.000135121663771568 8.34005941999997E-07 -1.521431166E-05 
271 3.72180197099999 39.0040491623 2.77330073682 0.000131770473868 2.0970066956E-06 6.4193911366E-06 0.000131943411366553 5.29022453900002E-06 0.000111798624085 
272 3.73534668500002 39.0039562519 2.77341401665 0.000139445695577 -1.02851813628E-06 9.10171841192E-07 0.000139452458842756 -2.673161342E-06 -1.9509392679E-05 
273 3.74887065199999 39.0038596527 2.77349682391 0.000132285694628 -3.31747004353E-06 1.04049528305E-06 0.000132331376631305 -5.11919459899999E-06 -1.6474363406E-05 
274 3.76238610799999 39.0037569914 2.77357672505 0.00013026510198 -1.52218660276E-07 2.60021631273E-06 0.000130291139718913 -1.0149586388E-05 -7.1619298875E-05 
275 3.77592253400002 39.0036770184 2.77367143644 0.000135837298977 -7.56703948628E-07 7.7786261344E-07 0.000135841633766965 -3.04161104100001E-06 0.000386514100672 
276 3.78945673099997 39.0035810928 2.77375439532 0.000136069712456 -1.43639050199E-06 4.97535475075E-07 0.000136078203276945 -4.33161783000016E-07 0.000193373718029 
277 3.802988148 39.0034954439 2.77382999389 0.000135022683001 -1.72432195448E-07 7.82586047326E-07 0.000135025061001919 -1.9120952344E-05 8.5385299908E-05 
278 3.81651990900002 39.0033990065 2.77356292257 0.000138843421006 -9.41443306432E-07 1.22588589114E-06 0.000138852024358187 -8.89301862000007E-07 3.39980370236E-05 
279 3.83005004900002 39.0033131142 2.77331149247 0.00013644909554 -2.42996684754E-08 8.1069743906E-07 0.00013645150601769 8.4147745599999E-07 1.1855830487E-05 
280 3.84358080800001 39.0032183261 2.77337736323 0.000135486565572 2.20259771846E-07 1.98987862134E-06 0.000135501356383582 -1.29124990999997E-07 2.74566375199999E-06 
281 3.85711682499999 39.0031270603 2.77346862449 0.000135492632977 -8.39237888467E-07 1.00489502563E-06 0.000135498958391886 -2.27021294599999E-06 -2.85947840300002E-06 
282 3.87063824699999 39.0030322678 2.77355222086 0.000136098769929 -9.43820943601E-07 6.40083924741E-07 0.000136103547645134 -9.81051723999998E-07 -1.3921993749E-05 
283 3.884167795 39.0029448143 2.77363053729 0.000135327887798 -4.32603912238E-07 7.44700607129E-07 0.000135330628244338 -7.82687029999982E-07 -1.5039069039E-05 
284 3.89768955900001 39.0028575788 2.77335745361 0.000136418284063 -1.09438420439E-07 1.95143887724E-06 0.000136432284731851 -1.35802112899999E-06 -5.97854641299999E-06 
285 3.91121235499998 39.0027644096 2.77345171373 0.000135093827461 -3.52441590706E-07 9.10371518509E-07 0.000135097354561216 -7.25318285999991E-07 -1.9852427155E-05 
286 3.92473928700002 39.0026778678 2.77353120092 0.000135007878146 -8.30213742444E-07 8.09382853725E-07 0.000135012856857957 -1.16272263699999E-06 -1.6781230569E-05 
287 3.93824831699999 39.0025898422 2.77361052733 0.0001341444144 -2.46724289329E-06 8.35501884282E-07 0.000134169703232928 1.49437389999993E-07 -1.5265896955E-05 
288 3.95175354000003 39.0025084564 2.77335170637 0.000135583006348 -1.6017326507E-06 1.02165478023E-06 0.000135596316086891 -2.34795970099999E-06 -1.7490556623E-05 
289 3.96526922200002 39.0024093918 2.77343262164 0.000134990821218 -1.31473248971E-06 8.77120055598E-07 0.000135000072867467 -7.31415859000004E-07 -1.5858848308E-05 
290 3.978755584 39.0023125698 2.77386624957 0.000135813902695 -7.8500081242E-07 -7.86401884936E-08 0.000135816194085248 -4.033906273E-06 -4.4011672061E-05 
291 3.99228287099999 39.0022294565 2.77359658135 0.000137259275061 -6.22904800999E-07 7.99278474252E-07 0.000137263015582282 -5.603936891E-06 0.000246820064739 
292 4.005811306 39.002140476 2.77367717281 0.000136067064588 -5.29607394178E-07 5.95626834682E-07 0.000136069398914352 -1.34743473400001E-06 0.0001059103986392 
293 4.01933246099998 39.0020536673 2.7737564143 0.000135540780132 -6.84701647942E-07 5.44806842723E-07 0.000135543604458616 -1.49505709299999E-06 4.53112852834E-05 
294 4.03283032500002 39.0019634256 2.77347590362 0.000136653865368 -1.89284590788E-06 2.30600791508E-06 0.000136686427483313 -6.05575407999987E-07 3.1265528219E-05 
295 4.04634334000002 39.001875254 2.77357073069 0.000137954235959 -6.73276108812E-07 7.61476991059E-07 0.000137957980439546 2.37557304999991E-07 -1.01442520300001E-06 
296 4.05986170900002 39.0017887054 2.77364857818 0.000136072116408 -1.04808324513E-06 6.57876668771E-07 0.000136077743014618 7.10738896000007E-07 -7.87159048099999E-06 
297 4.07337085299997 39.0016982674 2.77372639198 0.0001364187782 -1.54345044147E-06 6.59976267319E-07 0.000136429105595249 3.30940809999992E-07 -1.1692212166E-05 
298 4.08686343699998 39.0016188546 2.77346415392 0.000132651160964 6.55875255586E-07 1.34362962505E-06 0.00013265958698118 7.37834440900001E-06 -8.464193437E-06 
299 4.10035965399999 39.0015302834 2.77354498532 0.00013434490077 -8.75901672048E-07 7.25476465562E-07 0.000134349714859178 -2.14329954200001E-06 -1.4940561103E-05 
300 4.11387730600001 39.0014463051 2.77362315224 0.000135529533917 -6.87319229918E-07 7.71689515017E-07 0.000135533473637292 -2.29215842999995E-07 -1.4711063664E-05 
301 4.12736147300001 39.0013567363 2.77335131747 0.0001345355325 -2.37153486176E-06 2.51310704061E-06 0.000134579899649452 1.72849493E-06 2.7490562721E-05 
302 4.14087379400002 39.0012723817 2.77344224802 0.000134973597098 -8.48374425812E-07 8.74754679737E-07 0.000134979097820697 -2.36778598899999E-06 -1.7079456027E-05 
303 4.15438346100001 39.0011861814 2.77352063992 0.000136055229988 -8.73631645698E-07 7.54188819382E-07 0.000136060125092237 -1.21573115900001E-06 -1.6902813142E-05 
304 4.16787361799999 39.0011034013 2.77325099358 0.000134815552121 -4.94632824672E-07 2.08217018896E-06 0.000134832537571675 -3.07928669799999E-06 -1.848541116E-05 
305 4.18135513499999 39.0010182852 2.77369161496 0.000132355914139 -2.91730061027E-07 2.01024987058E-07 0.000132356388304623 -9.58544950099998E-06 -2.4845885306E-05 
306 4.19485919900001 39.000928705 2.77376799252 0.000136752971811 -9.16814346574E-07 2.46452109111E-07 0.000136756267082457 -1.361204683E-06 0.000463064899723 
307 4.20835751300001 39.0008434457 2.77347766996 0.000130946254338 -2.28799698547E-06 2.71312554171E-06 0.000130994341502077 -8.48065565999993E-07 0.000249774567503 
308 4.22186269700001 39.0007650373 2.77357587275 0.000135804763954 -8.31982769164E-07 1.09454136049E-06 0.000135811723090165 -2.595996761E-06 8.68202370617E-05 
309 4.23536684099997 39.0006771514 2.77365667685 0.000135661482616 6.32378953716E-07 7.66054046986E-07 0.000135665119347293 -2.96431551000012E-07 2.2211922279E-05 
310 4.24888323300002 39.0005910989 2.77373242952 0.000138002060886 -4.93215427906E-07 6.83465929382E-07 0.000138004634689992 -7.22880871E-06 2.38252459000001E-06 
311 4.262378184 39.0005036921 2.7734569669 0.000135687171158 -5.71377060585E-07 2.14178070001E-06 0.000135705276659284 -1.69110061999992E-07 4.89523144599999E-06 
312 4.27588349899997 39.0004276184 2.77354993776 0.000135922642837 -6.19328333141E-07 8.54774560306E-07 0.0001359267414563 4.22890382999999E-07 -1.2722046508E-05 
313 4.28937741099998 39.0003452431 2.77362707016 0.000135780526104 -5.43401604737E-07 6.92502967907E-07 0.000135783379375915 1.46593617699999E-06 -1.4150033384E-05 
314 4.30287671100001 39.0002606036 2.77370433429 0.000135621832463 -8.92378258146E-07 7.21157916252E-07 0.000135626685605444 -9.81192827000023E-07 -1.3694653333E-05 
315 4.316374435 39.0001778279 2.77344095318 0.000135812940124 -7.64185199176E-07 1.18623625706E-06 0.000135820270359771 2.03428348999999E-06 -1.3723593892E-05 
316 4.32987414500002 39.0000986137 2.77352064083 0.000129424262499 -1.5396992586E-06 5.79039401969E-07 0.000129434715914418 -3.49987505800001E-06 -1.78665076E-05 
317 4.343370209 39.0000103248 2.77359923046 0.000135870757769 -4.62220334917E-07 8.84447660674E-07 0.000135874422582121 -4.70239737000001E-07 -1.5567748446E-05 
318 4.356854731 38.9999287566 2.77332899596 0.000135111476912 -6.32328778292E-07 2.31126291329E-06 0.000135132723532385 1.54725419000001E-07 1.844534435E-05 
319 4.37035707299998 38.9998531431 2.77341774368 0.000136001888144 -8.94639491677E-07 8.19638629659E-07 0.000136007300414487 -2.84037822999994E-07 -1.7044852847E-05 
320 4.38382774799999 38.9997669855 2.77384801838 0.000124686107596 1.15247422592E-06 -1.95549043662E-06 0.000124706766324568 -1.411620244E-06 -0.000153756254065 
321 4.39731721099997 38.9996871622 2.77357174067 0.000137037583207 -1.66359231888E-07 1.42301860659E-06 0.000137045072397968 -2.54251238500001E-06 0.000389765228448 
322 4.41083367900001 38.9996085067 2.77365553098 0.000137725152054 5.86411818862E-07 6.25720106182E-07 0.000137727821854446 -2.31530784999999E-06 0.00013296725919322 
323 4.424346464 38.9995247888 2.77373407793 0.000134991970751 -9.70500895989E-07 4.25415698773E-07 0.00013499612963987 -2.57582981100002E-06 6.20064241437E-05 
324 4.43783557699999 38.9994372898 2.77344657054 0.000131333361624 -2.26305288326E-07 2.74015300579E-06 0.000131362138868241 2.726255012E-06 6.88091453896E-05 
325 4.45133040500002 38.9993628867 2.77354320323 0.000135879509072 -2.15946271996E-06 1.27101699084E-06 0.000135902611266589 -3.60973629000017E-07 6.37336929899999E-06 
326 4.46482231200002 38.9992746012 2.7736261467 0.000137222058238 -8.66222381876E-07 6.9401394447E-07 0.000137226547226268 1.72085777999989E-07 -9.048141287E-06 
327 4.47832780099998 38.9991915537 2.77370304522 0.000136591605135 -6.89696335971E-07 6.51952372353E-07 0.000136594902233895 -1.26232280999995E-07 -1.2726894416E-05 
328 4.49179038199998 38.9991144317 2.77307359644 0.000135192114727 5.95696433073E-07 3.93634629405E-06 0.000135250721109891 8.49180456000001E-07 4.5199328629E-05 
329 4.50532777500001 38.9990408053 2.7735175151 0.000133814415618 -9.08791016435E-07 7.78538857165E-07 0.000133819766294261 -1.415129768E-06 -1.5744549662E-05 
330 4.51881989200001 38.9989570124 2.77359664724 0.00013455735932 -5.10315569598E-07 8.32877900425E-07 0.000134560904629648 -1.03823517200001E-06 -1.5632490972E-05 
331 4.53228801699998 38.9988759811 2.77333140198 0.000135207357136 -7.23854873266E-07 1.58742511635E-06 0.000135218613023797 2.51814045599999E-06 -4.569222886E-06 
332 4.54579061499999 38.9988001155 2.77341479723 0.000135695930539 -9.640053618E-07 8.69928686604E-07 0.000135702143119048 -9.0895221399999E-07 -1.70953875E-05 
333 4.55927589300001 38.9987148769 2.77349349016 0.000134668586998 -1.03278724087E-06 8.68823023908E-07 0.000134675349737692 8.93398350000033E-08 -1.5890703183E-05 
334 4.572748789 38.9986356169 2.77322469926 0.000134568890335 -7.95790085732E-07 1.7631140329E-06 0.00013458279272978 -3.27030200099999E-06 -2.0623853375E-05 
335 4.58620763499999 38.9985508113 2.77365954243 0.000138850900447 -4.72021909095E-07 8.77664042451E-07 0.000138854476534956 -6.87404428100001E-06 -9.74239400899999E-06 
336 4.59971673799998 38.9984738461 2.77373433769 0.000136566402667 -7.64058677867E-07 4.01005616532E-07 0.000136569128753803 -1.265561447E-06 0.000376487573549 
337 4.61320788299997 38.998393643 2.77344473822 0.000133558137464 -1.71624772179E-06 3.18620979698E-06 0.000133607161192676 7.41742450999997E-07 0.0001844199445202 
338 4.62669304299999 38.9983152947 2.77354298467 0.000134107672235 -9.77328630697E-07 1.146137391E-06 0.000134116130851071 9.88530386999997E-07 5.09385096494E-05 
339 4.64018038400002 38.9982284773 2.77362304423 0.00013383777175 -2.35238082695E-06 7.94007665909E-07 0.000133860798185031 6.79064221799998E-06 8.208894994E-06 
