0 0.00803812700002027 27.9443538467 2.75669005995 0.000132174066955 -6.43213045491E-06 -3.8935024115E-07 0.000132331054069799 -5.21171179700001E-06 -1.3666272285E-05 
1 0.0213828899999839 27.9437059899 2.7566804773 0.000137304066405 -6.47105364012E-06 2.25484616985E-06 0.000137474963239899 -5.50106276799999E-06 -7.21131290999999E-06 
2 0.0346836950000124 27.9430730257 2.7566685559 0.000132085027653 -7.34286788578E-06 -2.70326903971E-07 0.000132289248676968 -1.26619025300002E-06 -1.4333957853E-05 
3 0.0479785429999993 27.942442577 2.75665080899 0.000130777078569 -5.98544575811E-06 2.88498414855E-08 0.000130913981958686 -2.424213653E-06 -4.42641689000001E-06 
4 0.0612930070000175 27.9418082792 2.75662802037 0.000129181366164 -1.35381067277E-05 -1.32412253315E-06 0.000129895569586691 -3.2588358782E-05 0.000575163379123 
5 0.0745694419999836 27.9411729584 2.75694604709 0.000133250439493 -4.4183706279E-06 -5.36986156671E-07 0.000133324753808944 -9.83986348699999E-06 -9.81492832E-06 
6 0.0878657129999851 27.9405364053 2.75692174793 0.000134191968208 -4.33483268489E-06 -5.65310461307E-07 0.000134263154595222 -5.20783324700001E-06 -5.441453295E-06 
7 0.101157207000028 27.93989784 2.75689909752 0.000134037402476 -6.31189197563E-06 -6.93964782744E-07 0.000134187729803976 -6.48764799000002E-06 1.3194910253E-05 
8 0.114453378999997 27.9392681009 2.75687726564 0.000134312544548 -6.54828914861E-06 -9.2219642756E-07 0.000134475239951388 -4.280819648E-06 7.48008150276E-05 
9 0.127757152000015 27.9386304117 2.75685788685 0.000134257891406 -7.28090566575E-06 -9.11621868969E-07 0.000134458261354707 2.74201290400002E-06 0.000671406761394 
10 0.141052006999985 27.9380064637 2.75717325748 0.000122442331805 -5.08957296359E-06 -1.89042611522E-05 0.000123997578446145 -7.57716731999999E-06 0.000129971149494 
11 0.154337381000005 27.9373792095 2.75680066957 0.000133280176384 -6.76276953621E-06 -3.7142570204E-07 0.000133452157816208 -4.016712315E-06 -1.3435042E-05 
12 0.167618875000016 27.9367477179 2.7567750712 0.000133109352578 -6.15264809243E-06 -4.09940400089E-07 0.000133252102697913 -4.90437504699999E-06 -1.2941206175E-05 
13 0.180911976000004 27.9361199299 2.75675028809 0.000132265525446 -7.9071103388E-06 -4.81793799378E-07 0.000132502542393275 -8.968114163E-06 -9.211296332E-06 
14 0.194231753999986 27.9354882853 2.75671976206 0.000131042434037 -6.00011887504E-06 -5.58437503226E-07 0.000131180916284729 -4.208236247E-06 8.7734592356E-05 
15 0.207531340999992 27.9348625919 2.75702604312 0.000132482674395 -6.22076775352E-06 -4.08255383219E-07 0.0001326292714251 -5.70813056000001E-06 -1.2803655639E-05 
16 0.220860625 27.9342278927 2.75700998376 0.000148398921135 -9.32343368278E-06 1.85752289352E-06 0.000148703115639751 -6.948733883E-06 -3.48530045200002E-06 
17 0.234172838000006 27.9335987502 2.75698306972 0.000130635067962 -4.99163457273E-06 1.65416077066E-07 0.000130730504319469 -6.464425517E-06 -8.380178223E-06 
18 0.247492979000015 27.9329588225 2.75694205413 0.000133100497504 -6.86697871934E-06 -5.28836576352E-07 0.00013327857104827 -4.78780405300001E-06 6.33174496999985E-07 
19 0.260838686999989 27.9323046542 2.75688772379 0.000136868122087 -5.59326302267E-06 -1.44694803033E-06 0.00013699000362605 4.71518688999997E-07 3.8567763568E-05 
20 0.274204079000015 27.9316444115 2.75682410512 0.000132442346074 -6.47028313054E-06 -1.01461341919E-06 0.000132604181826083 -8.09209264999994E-07 0.0003777183261657 
21 0.287566718999983 27.9309805808 2.7570918687 0.000134992881369 -7.08411887433E-06 -1.35267579632E-06 0.000135185400440804 -5.306868728E-06 -2.0911230681E-05 
22 0.300965657999996 27.930312799 2.7570189079 0.000125222597175 -6.04517189174E-06 -8.3756123658E-06 0.000125647896237681 -1.1017197196E-05 0.0002114309302232 
23 0.314413122000019 27.9296340566 2.75661600852 0.000133470581592 -8.51917316359E-06 -8.88960113082E-07 0.000133745140891102 -8.32548284899999E-06 -1.0999814241E-05 
24 0.327785192000022 27.9289869348 2.75656185146 0.000132529607486 -6.33333410751E-06 -5.65235827835E-07 0.000132682054072326 -6.04858755400001E-06 -1.015482775E-05 
25 0.341139020000014 27.9283568771 2.75652266208 0.000132042843908 -6.1147712845E-06 -4.62183262112E-07 0.000132185160545887 -1.97869526800002E-06 0.000159683877284 
26 0.354463060000001 27.9277431899 2.75683003335 0.000132798845423 -5.99008489737E-06 -3.72697835703E-07 0.000132934394971491 -4.92022517899999E-06 -1.4019909171E-05 
27 0.367796903999988 27.9271317991 2.75680073223 0.000132053351821 -7.9769413954E-06 -3.90177557755E-07 0.000132294639194916 -4.10310734700001E-06 -1.3597406141E-05 
28 0.381129983999983 27.9265310114 2.75677166518 0.000132007458394 -5.6437493302E-06 -4.13908278755E-07 0.000132128695968018 -5.14616590999999E-06 -1.338092954E-05 
29 0.394476810000015 27.9259233167 2.75673852882 0.000132836268189 -5.97381699874E-06 -4.36663559327E-07 0.000132971242420978 -5.12500654200002E-06 -2.30107163800002E-06 
30 0.407845924000014 27.9253051564 2.75670137964 0.000132051041829 -5.9755309501E-06 1.61020366529E-06 0.000132195980930222 -3.937519837E-06 0.00057808572231 
31 0.421161256999994 27.9247001733 2.75701379459 0.000132392781009 -6.17787400041E-06 -3.90394862319E-07 0.000132537417353027 -6.832312452E-06 -1.2846171014E-05 
32 0.434538045000011 27.9240955843 2.75700127475 0.000133681588105 -4.13078871605E-06 6.08216860039E-07 0.000133746776938513 -5.78763372500001E-06 -7.44781153799999E-06 
33 0.447877978999998 27.9234923536 2.75697282677 0.000132279846978 -5.97842617384E-06 -7.66180930526E-08 0.000132414898581585 -5.76511692899998E-06 -6.79113302499997E-06 
34 0.461230229000023 27.9228846465 2.7569389182 0.000132752656225 -5.85584678989E-06 -5.61158336061E-07 0.000132882931842648 -3.83099669499999E-06 1.0283726959E-05 
35 0.474622330999978 27.9222807138 2.7569003742 0.000132212347263 -6.48567166047E-06 -5.83916791269E-07 0.000132372616747191 1.70484654200002E-06 0.000270027846479 
36 0.48797950300002 27.9216639552 2.75719921719 0.000134256682834 -5.7915127014E-06 -7.84391756081E-07 0.000134383830036901 -6.64551446099998E-06 0.0001532192484947 
37 0.501330741999993 27.9210562248 2.75716335562 0.00013411769961 -2.6678694971E-06 -1.29967307305E-06 0.000134150527492174 7.50233349900001E-06 -3.4124759755E-05 
38 0.514696164999975 27.9204522109 2.75713521685 0.000124930811278 -3.6471101322E-06 -5.52934113054E-06 0.000125106285342638 -9.48519416199999E-06 0.0002122500576518 
39 0.528070334000006 27.9198632929 2.75675349313 0.000136152769061 -6.12904795091E-06 -1.01242003409E-06 0.000136294412013435 -6.749634637E-06 -1.1905603413E-05 
40 0.541444524999974 27.9192758917 2.75672153158 0.000132394175233 -5.49303734745E-06 -4.4026291775E-07 0.00013250881074994 -4.03357100600002E-06 3.2803274021E-05 
41 0.554810996000015 27.9186754403 2.75702432178 0.000134880074597 -6.5239300574E-06 -3.04692455041E-07 0.000135038102120025 -4.289133641E-06 -1.3586649059E-05 
42 0.568222696000021 27.9180659705 2.75699467034 0.000143524932307 -8.20983198342E-06 2.87364142319E-06 0.00014378826568936 -1.0889330729E-05 -7.02945955700002E-06 
43 0.581603373999997 27.9174690316 2.75695897335 0.000131681698038 -5.31478979421E-06 -2.8288464408E-08 0.00013178891223834 -4.484513832E-06 -1.4099325108E-05 
44 0.594967606000012 27.916877949 2.75692508193 0.00013178198295 -5.68916531172E-06 -3.5767646001E-07 0.000131905214319329 -5.88248893100001E-06 -1.3388917825E-05 
45 0.608333721999998 27.9162961088 2.75689495272 0.000131022343857 -6.84040333416E-06 -4.37938983475E-07 0.000131201514846854 -1.1412355331E-05 -3.63024653700001E-06 
46 0.621720105999998 27.9157142453 2.75686462227 0.000130500018973 -5.9504348838E-06 -1.90831343027E-07 0.000130635749486353 -3.71204711999997E-07 0.000326358123085 
47 0.635076851000008 27.9151317885 2.7571714432 0.000134143064445 -5.35553613411E-06 -5.31083820742E-07 0.000134250979720834 -6.154137536E-06 -1.1887898782E-05 
48 0.648465262999991 27.9145496617 2.75713209574 0.000134977053125 -4.52963589288E-06 -5.89276488628E-07 0.000135054321361485 -1.2086434874E-05 -6.57718195599998E-06 
49 0.661840190000021 27.9139722482 2.7570976253 0.000133162530421 -6.12298415385E-06 -6.79410475101E-07 0.000133304958803736 -6.50355095699998E-06 5.75927860799999E-06 
50 0.675207807999982 27.9133889307 2.75706635243 0.00013383394666 -5.74108194795E-06 -7.18053539049E-07 0.000133958952300359 -5.57307343999999E-06 3.85984991446E-05 
51 0.688576323000007 27.9128150497 2.75703766729 0.000133137784074 -4.9552828851E-06 -8.22025576683E-07 0.000133232503926989 -4.58905477E-06 0.0001314881621509 
52 0.701928941000006 27.9122500973 2.75735123428 0.000133211440619 -4.8327651186E-06 -9.0825326471E-07 0.000133302169729055 -8.715976989E-06 0.00032702159963 
53 0.715322277999974 27.9116704957 2.75733892634 0.000137592623321 -6.51860610942E-06 -1.46049067948E-06 0.000137754692301167 3.296353151E-06 0.0001026555791343 
54 0.728713028000016 27.9111004123 2.75695571074 0.000135830903606 -5.4676767835E-06 -6.51784954133E-07 0.000135942468299857 -4.19605070800001E-06 -1.3390408584E-05 
55 0.742083689000026 27.9105278318 2.75691610001 0.000134273302113 -5.54137956217E-06 -3.08553914744E-07 0.000134387952411291 -3.705432954E-06 -1.4579522567E-05 
56 0.755432325000015 27.9099640518 2.75688305218 0.000135836693921 -5.50181185262E-06 -8.84534157217E-07 0.000135950946115591 -4.15590968799999E-06 -8.19422146700001E-06 
57 0.768794281999988 27.9094038746 2.75685321243 0.000132378212047 -5.34240522132E-06 -4.63727462341E-07 0.000132486781836788 -1.42002998100002E-06 0.000124503022873 
58 0.782133998999996 27.9088546371 2.75716432711 0.000132249975875 -4.38820930945E-06 -3.62290003326E-07 0.000132323254773785 -5.71211393799999E-06 -1.3477072705E-05 
59 0.795478034999974 27.9082966911 2.75713387066 0.000131507848858 -3.45062318511E-06 -4.14574750173E-07 0.000131553764612981 -3.10299442599999E-06 -1.2378525976E-05 
60 0.808823947000008 27.9077353537 2.75710369463 0.000128468425172 -5.37956214509E-06 -1.1279859815E-06 0.000128585956882628 -1.0355614268E-05 -7.81229523999998E-06 
61 0.822184789999994 27.9071393024 2.75706881151 0.000133480835733 -6.0931899039E-06 -5.89883478051E-07 0.000133621137675529 -7.716818847E-06 -1.2321574103E-05 
62 0.835536531000002 27.9065152815 2.75703526531 0.000132718802228 -6.27730051912E-06 -5.13820769202E-07 0.000132868163901008 -8.85107579100001E-06 2.23064014199999E-06 
63 0.848899551999978 27.9058860673 2.7570059861 0.000131654487579 -5.15072455903E-06 8.38366798909E-08 0.000131755231743415 1.30738919999827E-08 0.000403319580594 
64 0.862204614999996 27.9052734373 2.75732186151 0.000133050763428 -6.68259928092E-06 -5.14866835136E-07 0.000133219472562313 -5.99974826199999E-06 5.26681207599998E-06 
65 0.875537297999983 27.9046568753 2.75729657008 0.000133837513038 -5.35341355187E-06 -6.31170386111E-07 0.000133946023863758 -5.54996478499998E-06 2.92478972386E-05 
66 0.888871344999984 27.9040418755 2.75727617964 0.0001341391351 -6.92669521455E-06 -7.2751843046E-07 0.000134319827110661 -2.42638925299998E-06 9.97395473566E-05 
67 0.90224940500002 27.9034322017 2.75728016372 0.000132429475014 -4.56286973172E-06 7.63022610571E-07 0.000132510255588677 -6.348982624E-06 0.000337723584558 
68 0.915579736999973 27.9028228411 2.75726864606 0.000115372060746 -3.41146629706E-06 9.14338126033E-06 0.000115784074569633 -1.2410173463E-05 0.0001842674669547 
69 0.928939910999986 27.9022099269 2.75689965529 0.000131300327147 -5.76215548412E-06 2.28417642273E-06 0.000131446551140236 -1.027655965E-06 0.000572196164156 
70 0.942263226000023 27.9016037687 2.75722366286 0.000134305444006 -5.19135177646E-06 -6.6211463435E-07 0.000134407368915193 -2.242315961E-06 -1.3966072522E-05 
71 0.955596289000027 27.9010006166 2.75720266972 0.000133304125543 -5.8537054102E-06 -4.82672575563E-07 0.000133433461795115 -1.39791964199999E-06 -1.2886797325E-05 
72 0.968941992999987 27.9003938066 2.75718181497 0.000131755861994 -7.04306793948E-06 -3.66670089768E-07 0.000131944482350483 -5.79936820499998E-06 -1.3672643342E-05 
73 0.982298164999975 27.899792334 2.75716128305 0.000133057563951 -6.2535564886E-06 -5.66867675418E-07 0.000133205644145779 -4.90726942300001E-06 -1.2797182751E-05 
74 0.995667512000011 27.8991850232 2.75713991998 0.000136665698515 -7.09309706469E-06 -1.1632204995E-06 0.000136854588006732 -6.96355954299998E-06 2.18681002000007E-07 
75 1.00904262900002 27.8985831748 2.7571230674 0.000130899257951 -6.42727614248E-06 -4.06836946854E-07 0.000131057587063991 -1.82209994100001E-06 0.000240881331377 
76 1.02238691299999 27.897972707 2.75744602917 0.000133686209608 -6.53680837628E-06 -4.54789047087E-07 0.000133846700878952 -4.40356223699998E-06 -7.217038864E-06 
77 1.03575769100001 27.8973712672 2.75742917207 0.000135701718264 -5.42518625503E-06 -8.77655357785E-07 0.000135812956909975 1.39861809499999E-06 7.67751170599999E-06 
78 1.04913998299998 27.896769569 2.7574126972 0.000135260516233 -7.26111031495E-06 -7.28306602899E-07 0.000135457230907513 -6.14456716799998E-06 6.43644505358E-05 
79 1.06251026899997 27.8961736056 2.75739919516 0.000134912697723 -7.60008940426E-06 -1.01439064069E-06 0.000135130404995405 -4.25623752399999E-06 0.000310783720588 
80 1.075884293 27.8955686362 2.75739248555 0.000120949322478 -1.25834379122E-06 -4.78644767358E-06 0.000121050535390456 -1.255186705E-05 0.0002177441632314 
81 1.089296031 27.8949563538 2.7570223846 0.000136115408536 -3.05820663942E-06 -4.45226306874E-07 0.000136150487679023 6.77193324599999E-06 6.1303123395E-05 
82 1.10269255499998 27.894368781 2.75734354227 0.000131725915846 -5.51837888459E-06 -3.21676518513E-07 0.000131841848010273 -1.4187999123E-05 -1.2180263548E-05 
83 1.11608857499999 27.893770323 2.75732460297 0.000134090804406 -6.52732029171E-06 -1.86041567421E-07 0.000134249708930424 -6.55827323299999E-06 -1.2867984065E-05 
84 1.12948731400002 27.8931640258 2.75730633725 0.000133206746206 -6.33810507088E-06 -1.07320178594E-06 0.000133361765782973 -5.001390665E-06 -1.2548217858E-05 
85 1.14289407000001 27.8925690856 2.75728874312 0.000134619400331 -5.23043917439E-06 -3.26552321473E-07 0.00013472136829714 -5.750519446E-06 -1.3220832639E-05 
86 1.15635020899998 27.8919800714 2.75728733489 0.000136014377471 -5.42886594383E-06 1.1945513258E-06 0.000136127919315362 -5.79955831899999E-06 -6.088793429E-06 
87 1.16974364499998 27.8913794402 2.75727659475 0.000130617162927 -5.35278398837E-06 6.28141700968E-07 0.000130728306458552 -4.88793314E-06 4.51896651699999E-06 
88 1.18314885299998 27.8907761923 2.75726429035 0.000129239691541 -4.76384389532E-06 2.28030099956E-07 0.000129327661681476 1.927189071E-06 0.000281962688434 
89 1.19654391799997 27.8901871661 2.75758729452 0.00013440380359 -4.94990122753E-06 -3.59270292286E-07 0.000134495401470699 3.92291440000163E-08 2.3925926895E-05 
90 1.20995545400001 27.8895977642 2.75757165539 0.000134717183814 -5.26447457405E-06 -7.66971066614E-07 0.000134822188648356 -2.602792071E-06 0.0001763366323203 
91 1.22334100299997 27.8890063126 2.75756061217 0.000131654463828 -5.57591550574E-06 -1.84698383126E-06 0.000131785431777713 -5.937439305E-06 0.0001172450501787 
92 1.23675779500002 27.8884079177 2.75719598451 0.000133598604731 -5.59268236515E-06 -2.94217182374E-07 0.000133715937142354 -4.870546585E-06 -1.3128285106E-05 
93 1.25016756299999 27.8878125313 2.75718006445 0.000133846831146 -4.62105902971E-06 -3.33504207982E-07 0.000133926993617563 -4.03184561800001E-06 -9.204990993E-06 
94 1.26357792499999 27.8872202149 2.75716545034 0.000132951959577 -5.7555044413E-06 -4.6750997815E-07 0.000133077300665131 -5.02438766600001E-06 3.324676164E-05 
95 1.27697751099998 27.8866210532 2.75713731485 0.000143803781028 -8.15271069338E-06 7.71893067432E-06 0.000144241381095558 -7.864576478E-06 0.000234131744616 
96 1.29033560599999 27.8860274868 2.75747386221 0.000133749609381 -5.67001538018E-06 -3.41738370546E-07 0.000133870175427895 -5.881377268E-06 -1.3252647759E-05 
97 1.30371450899997 27.8854386147 2.7574574281 0.000133883245903 -4.3180133956E-06 -3.29426068843E-07 0.000133953265338112 -5.35925672700001E-06 -1.2919680473E-05 
98 1.31709605899999 27.8848610192 2.7574416685 0.000134023111148 -6.53888737768E-06 -5.82353921711E-07 0.000134183793753259 -1.0567432538E-05 -9.60087044999999E-06 
99 1.33045239400002 27.8842815437 2.75742675236 0.000134916588371 -6.60557038399E-06 -1.10719492114E-06 0.000135082734864087 -7.361338275E-06 1.43252168100002E-06 
100 1.34380296 27.8837010521 2.75741209785 0.000134822215296 -6.60402581242E-06 -5.67878522294E-07 0.000134985056136849 -5.214568762E-06 2.3849040696E-05 
101 1.35715954300002 27.8831269929 2.75739960857 0.000135784667331 -6.17245374519E-06 -8.20374902734E-07 0.000135927363258499 4.64568060800001E-06 0.0002455542691769 
102 1.37051089400001 27.8825697471 2.75737729224 0.000132691009621 -4.79844913847E-06 -0.000168724412234 0.000214704113682257 -9.14679638000011E-07 -9.799779137086E-05 
103 1.38387793200002 27.8820010202 2.75736586384 0.000132877322716 -5.78976833061E-06 -2.51999469631E-07 0.000133003638345824 -5.182217371E-06 -1.2823714777E-05 
104 1.39723598799998 27.8814230162 2.75734944714 0.000133209225434 -5.76560329733E-06 -2.48579120247E-07 0.00013333417309035 -6.45632368199999E-06 -1.3691315355E-05 
105 1.41059992200002 27.8808693788 2.75733243594 0.000133907433061 -5.15583548563E-06 -2.84049032741E-07 0.000134006954865761 -3.27991075000001E-06 -1.4044573215E-05 
106 1.42398098299998 27.880305642 2.75731586816 0.000132359332869 -5.51104665237E-06 -3.45008554071E-07 0.000132474464194552 -9.38459503700001E-06 -1.2044971678E-05 
107 1.43738004900001 27.8797298133 2.75731288912 0.000139889634339 -7.85534781925E-06 1.56849291256E-06 0.000140118794081584 -4.32835268400001E-06 1.0123197454E-05 
108 1.45075933599998 27.8791626255 2.75730208347 0.000129128927524 -4.83773455885E-06 9.2839527272E-07 0.000129222852146757 -5.94363795000013E-07 0.000203956765238 
109 1.464098772 27.8786049173 2.75763142621 0.000131150648675 -4.44769201196E-06 4.42390252359E-07 0.000131226789647701 -1.26465708599998E-06 -1.2100581527E-05 
110 1.47746769700001 27.8780501567 2.75761716859 0.000131776823736 -5.65694229047E-06 -1.06451913559E-07 0.000131898231989805 -5.258494077E-06 -7.010699955E-06 
111 1.49082952700002 27.8774905171 2.75760151894 0.000133556285507 -6.3747828895E-06 -5.95223171099E-07 0.000133709661378447 -4.28240402699999E-06 6.80679665E-06 
112 1.504191908 27.8769238787 2.75758653985 0.000133466886792 -4.48594816236E-06 -4.51558215495E-07 0.000133543017435154 -3.09807810799998E-06 5.32676052759E-05 
113 1.51754168899998 27.87636393 2.75757311497 0.0001275365442 -9.77123262693E-06 -4.14516870597E-06 0.000127977457066192 5.448654027E-06 -3.8342608566E-05 
114 1.530927969 27.8758000927 2.75721230284 0.000130642163309 -6.943285881E-06 -3.38563271744E-07 0.000130826979931395 -4.63606191E-06 6.833000269E-06 
115 1.54430217200002 27.8752369865 2.75719482267 0.000132388478012 -5.67970814956E-06 -4.70874584588E-08 0.000132510265308869 -1.362350536E-06 0.000287729249265 
116 1.55763853399998 27.8746708214 2.75751900454 0.00013357120178 -6.80467881183E-06 -2.3112931766E-07 0.000133744618656031 -3.82664571500001E-06 -1.4215687521E-05 
117 1.570998019 27.8741051018 2.75750090583 0.000132740480258 -6.89779338231E-06 -1.81723843377E-07 0.000132919703867503 -4.23162194599998E-06 -1.3526463979E-05 
118 1.58436576999998 27.8735498045 2.75748170523 0.000129422054873 -5.72128801375E-06 -1.76445649933E-07 0.000129548572192647 -8.30384940099999E-06 -1.1346725259E-05 
119 1.59772220500003 27.8729736418 2.75746360354 0.000138452015617 -6.91880108212E-06 -1.47742010309E-06 0.000138632655629851 -4.85452694300002E-06 -1.6059055535E-05 
120 1.61106916300002 27.8723960293 2.75744661093 0.000133710339718 -6.55831690663E-06 -4.01935779747E-07 0.00013387168490955 -5.29067291700001E-06 -1.0335469744E-05 
121 1.62441690999998 27.8718335422 2.75743020486 0.000131950728258 -3.68330439066E-06 -5.92476875777E-07 0.000132003456196795 -1.221425169E-05 9.72163599E-06 
122 1.63777135499998 27.8712525758 2.75741337308 0.000131231613327 -5.72561885619E-06 -1.73011944349E-07 0.000131356571898122 -1.63935635900001E-06 0.000330032502822 
123 1.65109007000001 27.8706786514 2.75773965826 0.000133976554033 -6.30689041729E-06 -5.14537535301E-07 0.000134125905947242 -5.06143776399999E-06 2.1528640258E-05 
124 1.66440712299999 27.8701075587 2.75772440482 0.000133881258399 -5.82066796608E-06 -6.43270418035E-07 0.000134009273272046 -4.85258619800001E-06 0.0001078905735094 
125 1.67770828200003 27.8695391787 2.75771112186 0.000134026000017 -4.63614639207E-06 -9.52784832694E-07 0.000134109546016915 -3.15021153300001E-06 -3.4667457508E-05 
126 1.69102858500003 27.8689650067 2.75771236941 0.000142460039833 -7.10392608002E-06 5.75721337582E-05 0.000153817682014918 1.4661698466E-05 -9.8748649053E-05 
127 1.70434464599998 27.8684041107 2.7573306338 0.000134191465163 -5.21433109797E-06 -7.00394529092E-07 0.000134294561036135 -8.93478101199999E-06 -1.0595475976E-05 
128 1.71764949599998 27.8678378898 2.757313735 0.000133063086669 -4.47328080487E-06 -3.27898271872E-07 0.000133138660021489 2.90662089600001E-06 1.220678283E-05 
129 1.73097476499998 27.8672819976 2.75729661768 0.00012942495058 -5.24016028079E-06 4.92511686228E-07 0.000129531925331807 -3.09518043399999E-06 0.000455989565912 
130 1.744245675 27.8667346463 2.75762278074 0.000129896372175 -9.68398219265E-06 -2.99788357718E-06 0.000130291343999807 -1.2570466805E-05 -1.2947709322E-05 
131 1.75754022000001 27.866183647 2.75760692755 0.000132032951693 -4.51833565191E-06 -2.99258471187E-07 0.000132110579612164 -7.50759794000003E-06 -1.3040618023E-05 
132 1.77082487899997 27.8656365082 2.75759142126 0.00013309881122 -5.0609566882E-06 -3.12408817557E-07 0.000133195361893897 -8.22318536399999E-06 -1.2057654434E-05 
133 1.78409591799999 27.8650957524 2.75757623515 0.000131461176735 -3.4523671866E-06 -3.25547525811E-07 0.000131506904035239 -4.40945296299999E-06 -8.97219282700002E-06 
134 1.79736004799997 27.8645499639 2.75756209285 0.000133537519033 -6.68792876754E-06 -4.14391678239E-07 0.000133705531303501 -1.0360384944E-05 -2.55641959999919E-08 
135 1.81062825399999 27.8640157857 2.7575480216 0.000132718500929 -6.12210258756E-06 -5.51113073452E-07 0.000132860770562846 -5.25443524600002E-06 3.4860696492E-05 
136 1.82392682099999 27.8634794335 2.7575345179 0.000131254794004 -4.96926773797E-06 1.96700126819E-07 0.000131348975107627 -1.35553607100001E-06 0.000565299340736 
137 1.83714825200002 27.8629416613 2.75786688654 0.000132349650644 -4.50144194303E-06 -8.89159477157E-07 0.00013242916449835 -7.28303786600001E-06 -2.9442227634E-05 
138 1.85043069 27.8623930658 2.75787157305 0.00013540665325 -5.82873941797E-06 5.49394108102E-06 0.000135643353453717 -8.826009668E-06 0.0002213734415741 
139 1.863701042 27.8618518544 2.7575082445 0.000130354773639 -4.70646613682E-06 9.71088776118E-07 0.000130443324272969 -4.10604782700001E-06 -9.85069399800001E-06 
140 1.87695233699998 27.8613238238 2.75749615125 0.000128678613797 -4.80431733756E-06 5.30621234502E-07 0.000128769362321524 -6.225194806E-06 -1.2765378E-05 
141 1.89019510700001 27.8608096697 2.75748422794 0.000129672043138 -5.64419799045E-06 1.32053902148E-08 0.000129794822381022 -4.803019142E-06 -9.110891399E-06 
142 1.90344409599999 27.8602991493 2.75747285675 0.000128184925879 -5.24441083582E-06 1.75236899439E-07 0.000128292282603399 -4.63401776799999E-06 3.1632488119E-05 
143 1.91669843699998 27.8597880817 2.75745379252 0.000129964290424 -6.53871784436E-06 1.803242786E-06 0.000130141166818986 -6.215379564E-06 0.000181320334442 
144 1.92991306099998 27.8592935746 2.75779097165 0.000131213946174 -4.60956756391E-06 3.75425518154E-09 0.000131294888696301 -5.988814517E-06 -1.3266848163E-05 
145 1.94314756099999 27.858799864 2.75777917081 0.000131033780325 -4.59199377233E-06 -1.76890683462E-07 0.000131114336681308 -5.20598877099999E-06 -1.0360582864E-05 
146 1.956396821 27.8583160399 2.75776677243 0.000132352382786 -4.2674139611E-06 -2.77234689743E-07 0.000132421451850221 -7.896668357E-06 -3.534810501E-06 
147 1.96963918500001 27.8578308561 2.75775577428 0.000132414067109 -3.42173487014E-06 -4.49622382357E-07 0.000132459033660053 -4.719048107E-06 2.2140035463E-05 
148 1.98286763800002 27.8573552855 2.75774704687 0.000133027125715 -4.7331253375E-06 -7.84992444543E-07 0.000133113616375609 -3.58605851600002E-06 -1.0772591433E-05 
149 1.99608030899998 27.8568810961 2.75774348161 0.000126361875163 -3.26762051484E-06 -1.14093623714E-06 0.000126409266171574 -3.27820294000001E-06 0.0002449359587034 
150 2.009338254 27.8564012011 2.75736196346 0.000145105895865 -6.07703449323E-06 8.17085813801E-06 0.000145462759102554 -1.0527759695E-05 0.000202319022447 
151 2.02257944600001 27.8559371142 2.75770625362 0.000137256907096 -5.70983228332E-06 -2.21609984609E-06 0.000137393492672657 -2.797521713E-06 -1.5408818799E-05 
152 2.03581755300002 27.8554704524 2.75769384314 0.000132279225106 -6.09372522157E-06 -2.48128980672E-07 0.000132419743428655 -6.313549326E-06 -1.3554624983E-05 
153 2.04905300299998 27.8550079231 2.75768057796 0.000132169520125 -5.7818293367E-06 -2.54721924375E-07 0.000132296169573462 -6.32023815299999E-06 -1.3015693279E-05 
154 2.062295839 27.854546735 2.7576684118 0.00013249705481 -5.6561149378E-06 -2.70055769622E-07 0.000132618000662174 -5.81573564E-06 -1.3471059357E-05 
155 2.07553717799999 27.8540892435 2.75765587871 0.000134640123308 -2.67254153696E-06 -3.91812188439E-07 0.000134667215013348 -3.994381899E-06 -8.03185990699999E-06 
156 2.08878448899998 27.8536351868 2.75764582917 0.000132791536392 -4.62970566632E-06 -5.02959140015E-07 0.000132873169901983 -8.26606409600001E-06 5.0646474571E-05 
157 2.10202647199998 27.8531805699 2.75761358179 0.000145025398627 -6.3695226149E-06 1.32582883553E-05 0.000145769404455716 -7.58913093500002E-06 0.0001655764338548 
158 2.115262868 27.8527316008 2.75796375696 0.000133031828122 -4.75876985916E-06 -5.61503050374E-07 0.000133118099707475 -5.13906242099999E-06 -2.91475190799999E-06 
159 2.12848666299999 27.8522759788 2.7579553763 0.00013510308946 -4.85245987559E-06 -9.2947188684E-07 0.000135193398753302 -3.43165173900001E-06 -3.1207751124E-05 
160 2.14173196899998 27.8518268013 2.75788178764 0.000131156942228 -1.1712867293E-06 0.000692969215665 0.000705272889927414 -6.11771596399998E-06 -8.0127636721E-05 
161 2.15496712300001 27.8513791794 2.7575866907 0.000131201951661 -4.44131809151E-06 -2.6602798776E-07 0.000131277371229529 -7.630733125E-06 -1.1633927573E-05 
162 2.16820274200001 27.8509349308 2.75757580316 0.00013180037642 -4.52889204573E-06 -3.04033184623E-07 0.000131878514261395 -7.58561703199999E-06 -5.430835916E-06 
163 2.18145937999998 27.8504949214 2.7575662327 0.000130281343694 -4.05998966721E-06 -3.87186334128E-07 0.00013034516463632 -4.92719006199999E-06 7.5717306903E-05 
164 2.19468829800002 27.8500567976 2.75789462936 0.000131681378422 -4.48666067562E-06 -2.64912789122E-07 0.000131758057536995 -7.76431281500001E-06 -1.3153975085E-05 
165 2.20792064699998 27.8496183059 2.75788345394 0.000132025128762 -4.64309926822E-06 -2.67537738169E-07 0.000132107019389125 -7.023570661E-06 -1.173183765E-05 
166 2.22119046500001 27.8491696629 2.75788288874 0.00015311803822 -7.17671198092E-06 1.86349889992E-07 0.000153286247098296 -7.03096048300001E-06 1.941407507E-06 
167 2.23444361600002 27.8487353184 2.75787789881 0.000130320159657 -4.26246342028E-06 7.11040963553E-07 0.000130391787267017 -7.23925098499998E-06 2.22478700100001E-06 
168 2.24766150300002 27.8483127156 2.75787297604 0.000129652806047 -4.02346714797E-06 9.44397501472E-08 0.000129715254779915 -6.12095786299999E-06 -2.26725664699998E-06 
169 2.26088571600002 27.8478750423 2.75786813989 0.000131641109619 -3.64143498259E-06 -7.2547593522E-07 0.000131693462653947 -3.203131449E-06 -1.3688858581E-05 
170 2.27412204000001 27.8474550251 2.75751449995 0.000134154113051 -6.24658213189E-06 -7.12231476125E-07 0.000134301351856586 6.05897680000034E-08 0.000135434309984 
171 2.28735134300001 27.8470226947 2.75784245487 0.000132058759478 -4.47607511193E-06 -2.22437728788E-07 0.000132134782255919 -5.556978185E-06 -1.3474444888E-05 
172 2.30058639700002 27.8465963764 2.75783101132 0.000132216505966 -4.60026256811E-06 -2.4633527452E-07 0.000132296740498851 -4.822590711E-06 -1.3757638465E-05 
173 2.31382509100001 27.8461711739 2.75781946416 0.000131529759475 -3.95209605587E-06 -2.86391372137E-07 0.000131589432367513 -7.52913270400001E-06 -1.3901666969E-05 
174 2.32705908899999 27.8457591503 2.7578085923 0.000131456591 -4.31439700259E-06 -2.73759711038E-07 0.000131527655963362 -5.08190096700002E-06 -1.3600609141E-05 
175 2.34029287300001 27.8453283835 2.75779804523 0.000133949787783 -4.29726816582E-06 -6.03533060933E-07 0.000134020059740904 -7.81617603000002E-06 -1.2704724248E-05 
176 2.353525526 27.844908561 2.75778896532 0.000132278291863 -4.23725809962E-06 -3.63699770778E-07 0.000132346640047714 -7.41167151899999E-06 -1.172107369E-06 
177 2.36677296300002 27.8444838282 2.75778110044 0.000132701869157 -3.9343683742E-06 -3.76982286776E-07 0.000132760715002255 -1.56170942000001E-06 0.000107182748163 
178 2.379989362 27.8440679083 2.75811415236 0.000133391820521 -4.43855311001E-06 -4.21848323474E-07 0.000133466312197592 -4.34549160899998E-06 -3.115292962E-06 
179 2.39323008000002 27.8436549996 2.75810774355 0.000129562236876 -3.83818109252E-06 -8.00725132076E-07 0.000129621549208258 -5.38368726100001E-06 -2.5791058098E-05 
180 2.406462944 27.8432320614 2.75794093129 0.000133283916103 -4.03154480813E-06 0.00141530140688 0.00142156917804298 -4.87528236600002E-06 -3.6698993032E-05 
181 2.41970005500002 27.8428234768 2.75774059444 0.000132798534429 -4.07456188011E-06 -2.36559501841E-07 0.000132861238747059 -6.887440878E-06 -1.3409740982E-05 
182 2.43293468100001 27.8424034254 2.75773017692 0.000132255942422 -4.75850286165E-06 -2.43820522811E-07 0.00013234174361804 -1.1465720807E-05 -1.2003745181E-05 
183 2.44617764899999 27.8419952038 2.75772107079 0.00013191243538 -4.17380075785E-06 -2.82872581927E-07 0.000131978752977691 -7.08088886099999E-06 -4.352553544E-06 
184 2.45942000000002 27.8415934989 2.75771329321 0.000131705615098 -4.28462887192E-06 -3.45224462236E-07 0.000131775742353598 -4.87141122800002E-06 7.865237545E-05 
185 2.47268621299997 27.8411718456 2.75805701607 0.000144102224934 -4.15687040136E-06 2.40373616585E-06 0.000144182206773297 -4.773912459E-06 -3.253166832E-06 
186 2.48591857000002 27.8407689581 2.75805280524 0.000129350351469 -4.60817061441E-06 9.54595088144E-07 0.000129435929761978 -8.61435378700002E-06 -9.00907620999999E-06 
187 2.49913413100001 27.840368672 2.75804800737 0.000128731460116 -4.19948628208E-06 5.01249456622E-07 0.000128800915212775 -7.296469959E-06 -1.0575058025E-05 
188 2.51235176799997 27.8399546382 2.75804132255 0.000128986944465 -4.8155288376E-06 1.52512493951E-07 0.000129076893441327 -8.63208301299999E-06 -9.58082243000002E-06 
189 2.52557335799997 27.8395590389 2.75803489734 0.000130442645047 -4.07034323658E-06 -1.68476836475E-07 0.000130506244009111 -5.11896225999998E-06 -4.568695127E-06 
190 2.53878964199998 27.8391661377 2.75802926586 0.000131036745728 -3.95617888709E-06 -3.74287925018E-07 0.000131096987661128 -2.97965118399999E-06 8.35169402000024E-07 
191 2.55201358099998 27.8387580683 2.7580207779 0.000131230813845 -3.92266649473E-06 -5.95212025501E-07 0.000131290776874102 -5.23024316899999E-06 2.902521465E-05 
192 2.56523486600003 27.8383523503 2.75801852999 0.000131946631598 -3.82869395329E-06 -7.21907757015E-07 0.00013200414250415 -2.61918915400001E-06 0.000411975208093 
193 2.57844055200002 27.837962461 2.75800207122 0.000132677768755 -4.66506254547E-06 -4.16171073578E-07 0.000132760409492894 -3.79766729099998E-06 -1.2786351896E-05 
194 2.59166320700001 27.8375671742 2.75799282809 0.000132064537704 -4.04203815544E-06 -2.75394038558E-07 0.000132126666624485 -5.661466268E-06 -1.3571563514E-05 
195 2.60488710499999 27.8371726863 2.7579841258 0.000132386647256 -4.15866422538E-06 -2.71787178134E-07 0.000132452228097885 -5.20674089900001E-06 -1.4592580736E-05 
196 2.618099745 27.8367808447 2.75797633004 0.000132000952222 -3.44936220717E-06 -2.84231567558E-07 0.00013204631867165 -5.85828859799999E-06 -1.3443228538E-05 
197 2.63131721299999 27.8363904317 2.75796907039 0.000131889805178 -3.74144315427E-06 -2.8929474608E-07 0.000131943180188358 -7.06527956199999E-06 -1.2911738234E-05 
198 2.64452437099999 27.8360027648 2.75796240028 0.000131678654541 -4.06128188317E-06 -3.07188823387E-07 0.000131741627579273 -5.75131757500001E-06 -9.39461679600002E-06 
199 2.65774069399998 27.835605644 2.75795571188 0.00013242594408 -2.6131624604E-06 -1.0687889058E-06 0.000132456036454549 2.56483731300001E-06 3.82609847500001E-06 
200 2.67097251500002 27.835220254 2.75795018113 0.000131946997545 -4.39047317301E-06 -4.01958876748E-07 0.000132020634700647 -4.16363729999994E-07 9.6067856099E-05 
201 2.68420701899998 27.8348320961 2.75793489705 0.000139511088054 -4.50083472537E-06 4.14396862919E-06 0.000139645170626255 -8.116234385E-06 0.000219254976947 
202 2.69739482 27.834445663 2.75828012913 0.000131787859423 -2.85894919512E-06 -3.28925537292E-07 0.000131819276563808 -3.4576918500002E-07 -5.35012971499999E-06 
203 2.71060788300002 27.8340631287 2.75827491382 0.000132581785695 -4.20227133827E-06 -4.85634481179E-07 0.000132649254891706 -8.05020121E-06 -1.767406114E-06 
204 2.723818757 27.8336760186 2.75827074666 0.000133723375818 -5.10351235868E-06 -6.09831992083E-07 0.000133822116907542 -6.67516264000001E-06 -4.484506293E-06 
205 2.73702029999998 27.8332865985 2.75826855873 0.000134391478517 -4.03061237905E-06 -1.17384734731E-06 0.000134457031246901 -1.0989801482E-05 -2.8609284137E-05 
206 2.750233493 27.832904622 2.75826614151 0.000120152422934 -4.33253228432E-06 1.34229004863E-05 0.000120977476541588 6.204429405E-06 0.0001654417045602 
207 2.76343898300001 27.8325235579 2.75790609668 0.00013216594493 -3.73891440714E-06 -2.02841936069E-07 0.000132218976039881 -5.54823642699999E-06 -1.2918379812E-05 
208 2.77665383200002 27.8321419303 2.75789988928 0.000131629635154 -3.85136414437E-06 -2.31590057306E-07 0.000131686170460312 -5.72881968599999E-06 -7.608315504E-06 
209 2.78987532600001 27.8317705654 2.7578940585 0.000131323441733 -4.08721742643E-06 -2.62112715394E-07 0.00013138729161516 -5.65902497999998E-06 1.0090133687E-05 
210 2.80309603000001 27.8313849525 2.75788881411 0.00013099448629 -4.02309507247E-06 -3.13169401592E-07 0.000131056624431645 -1.25486991300002E-06 0.000114090637826 
211 2.81632202999998 27.8310047234 2.75787360613 0.000137634882969 -5.76978071867E-06 4.36441278884E-06 0.000137824887006749 -6.514208914E-06 0.00021433891073 
212 2.82951318400001 27.8306350888 2.7582178465 0.000132574046836 -3.65739523316E-06 -2.97482845799E-07 0.000132624820189921 -2.646045585E-06 -1.2582722839E-05 
213 2.84272986000002 27.8302641419 2.75821269012 0.000138983750064 -3.90207443791E-06 4.24704631576E-06 0.00013910336577229 -6.14425791299999E-06 -7.41500997599999E-06 
214 2.85597668899999 27.8298900104 2.75822082483 0.00014043808252 -5.70880442438E-06 2.79534459198E-06 0.000140581860214034 -3.31064674399998E-06 -4.09440907299998E-06 
215 2.86919633899998 27.829512373 2.75821854223 0.000130600755107 -1.35284103585E-06 8.95196989491E-07 0.000130610829531999 2.53304334E-06 -5.981094478E-06 
216 2.88240339200001 27.8291404127 2.75821598137 0.000129501105874 -2.65420521775E-06 5.82164899599E-07 0.000129529611069814 -6.19886228500001E-06 -4.30451414E-06 
217 2.89560433999998 27.8287688872 2.75821291496 0.000129213803088 -2.69052594662E-06 2.51665631214E-08 0.000129241813944597 -8.843882678E-06 -4.53955766999999E-07 
218 2.90880141000002 27.8283999889 2.75821055222 0.000131289316653 -3.14140600657E-06 -5.55785928454E-07 0.000131328070102732 -1.2543981702E-05 -6.919933237E-06 
219 2.92199570600002 27.8280374564 2.75821168613 0.000131619009797 -1.28247292965E-06 -1.54758487835E-06 0.000131634355301774 -5.81899540100001E-06 4.83321748842E-05 
220 2.93521032699999 27.8276747379 2.75785062259 0.000128866666939 -3.57528690504E-06 -2.90349235161E-07 0.000128916580885078 -1.85164811099999E-06 7.2417812654E-05 
221 2.94843057399999 27.8273056025 2.75784082371 0.000130118315934 -3.44207529787E-06 1.23447368424E-06 0.00013016968905676 -3.636967712E-06 0.000556845267485 
222 2.96159981699998 27.8269483853 2.75817655315 0.000128236618291 -3.36510492732E-06 -1.65078849372E-07 0.000128280869395674 -5.47708549E-06 -1.3720404779E-05 
223 2.97480839600001 27.8265864781 2.75816900634 0.000131064189416 -3.69222002403E-06 -3.08985758362E-07 0.000131116550092572 -4.78834899199999E-06 -1.4999927473E-05 
224 2.988017662 27.8262262722 2.75816100673 0.00013303738969 -2.46056374191E-06 -3.45899771987E-07 0.000133060591747178 -1.0603627536E-05 -1.3337440427E-05 
225 3.00122152599999 27.8258626901 2.75815204446 0.00013248921422 -3.68964071721E-06 6.9255136938E-07 0.000132542389297365 7.913991462E-06 -1.2564297084E-05 
226 3.01443069099997 27.825511815 2.75814374445 0.00013213868746 -3.69726182182E-06 -4.35103447495E-07 0.000132191118399235 -4.49509968999999E-06 -1.2179410385E-05 
227 3.02763651700002 27.8251624236 2.75813579854 0.000131804910784 -3.11631071959E-06 -4.84197788623E-07 0.000131842634783964 -5.796817036E-06 -1.1193703192E-05 
228 3.04084114 27.8248154774 2.75812790979 0.00013199616477 -3.11853910671E-06 -5.22904352276E-07 0.000132034034358989 -5.67720830700001E-06 -7.974938911E-06 
229 3.05404526299998 27.8244731245 2.75812113601 0.000130658073862 -2.53165183483E-06 -4.15870786027E-07 0.000130683260117168 -2.31370419499999E-06 1.94296357100001E-06 
230 3.06724810999998 27.8241254635 2.75811534377 0.000132579522948 -3.50894191908E-06 -7.32377848498E-07 0.000132627971996196 -4.70118051600001E-06 3.0707073058E-05 
231 3.08045995499998 27.8237712454 2.7581105653 0.000131949144196 -2.77625890877E-06 -9.0059301106E-07 0.000131981420417258 -5.731645928E-06 0.000159064821177 
232 3.093637817 27.8234333916 2.75844643659 0.000133869336177 -3.18163256217E-06 -1.37597761895E-06 0.000133914208613721 -8.923161868E-06 -2.3021591861E-05 
233 3.10684243399999 27.8230975958 2.75808415792 0.000130832627737 -3.53964960861E-06 -3.00597448156E-07 0.000130880846416678 -6.27097579500001E-06 -1.4198021366E-05 
234 3.120044103 27.8227606983 2.75807460952 0.000131276466657 -3.52997642365E-06 -3.14772036217E-07 0.000131324295212016 -6.263872534E-06 -1.4174708632E-05 
235 3.133239038 27.8224212909 2.75806525583 0.000134330599881 -4.52717336907E-06 -3.29976276302E-07 0.000134407270069166 -4.45352152899999E-06 -1.521089118E-05 
236 3.14643897899998 27.822088158 2.75805595718 0.000132132784997 -3.47004725202E-06 -3.35266841287E-07 0.000132178767216409 -6.71523852900001E-06 -1.4938600064E-05 
237 3.15964333300002 27.8217554846 2.75804714493 0.000132342290781 -3.90123684352E-06 -3.6927857038E-07 0.0001324002943529 -6.01664285899999E-06 -1.4184636526E-05 
238 3.172865387 27.8214213848 2.75806307796 0.000128978532649 -4.14112241374E-06 4.47373495468E-07 0.000129045770648166 -6.03178661099998E-06 -9.06182454799999E-06 
239 3.18605836699999 27.8210933597 2.75805728203 0.000128397009822 -2.7792739702E-06 4.40229086071E-07 0.00012842784081608 -6.03181694600001E-06 1.2683663693E-05 
240 3.19926223800002 27.8207666455 2.75805068452 0.000128791551753 -3.03385369803E-06 1.59311815013E-06 0.000128837130116465 1.1746831844E-05 0.000162861999506 
241 3.21245553 27.8204369056 2.75819063085 0.000133323853011 -3.34571822474E-06 -0.00141605235514 0.00142231878146556 -3.913628663E-06 -3.35330481909E-05 
242 3.22565033900003 27.8201092163 2.75837038391 0.000132440728764 -2.96316703097E-06 -5.92767318834E-07 0.000132475199065663 -4.758505726E-06 -7.51383523500001E-06 
243 3.23884485999997 27.8197779968 2.75836108158 0.000132948602984 -3.28090579846E-06 -6.70905822097E-07 0.000132990772209495 -4.67116322900002E-06 -2.54569235999999E-06 
244 3.25204348599999 27.8194454794 2.75835261582 0.000133499857615 -1.60818506717E-06 -7.94748906989E-07 0.000133511909087769 -9.21580432900002E-06 -2.61057511300001E-06 
245 3.265225128 27.8191287076 2.75834582009 0.00013365699368 -3.35854454229E-06 -1.15310381682E-06 0.000133704156365576 -9.96413648899998E-06 -2.7129845332E-05 
246 3.27842747699998 27.8188036842 2.75834344982 0.000118729257702 -4.33425921581E-06 1.17916119142E-05 0.000119392062336459 -2.52585922000002E-07 0.0001972059825191 
247 3.29161690199999 27.8184724166 2.75797334583 0.000131740565968 -3.28023720474E-06 -3.32968124753E-07 0.000131781817962344 -6.33849381599999E-06 -1.1007524492E-05 
248 3.30481586000002 27.8181530372 2.75796336127 0.000131406844506 -2.9807931413E-06 -3.6700262013E-07 0.000131441160226538 -4.46179374199998E-06 -1.059448363E-06 
249 3.31802034999998 27.8178269734 2.75795388516 0.000131382752365 -3.38624120739E-06 -4.22852768208E-07 0.000131427063624587 -1.16270441299999E-06 6.1114856895E-05 
250 3.33122166800001 27.8175084045 2.75794113497 0.000131281155026 -2.62629397836E-06 1.22055591107E-06 0.000131313094707853 -3.22656809399998E-06 0.000568411661123 
251 3.34439780000002 27.8171907393 2.75828519641 0.000152969258561 -6.4663072269E-06 1.10135091645E-05 0.000153501480702862 -4.10348621199998E-06 -9.012861486E-06 
252 3.35759511499998 27.81687108 2.75828583158 0.000129048069061 -2.59822990267E-06 1.08666648016E-06 0.000129078796752367 -6.383031638E-06 -1.2740102608E-05 
253 3.370778685 27.8165602469 2.75827865718 0.000129393475553 -2.56482869698E-06 3.60399407818E-07 0.000129419394797159 -4.11412973000001E-06 -1.3073426228E-05 
254 3.383962274 27.8162428652 2.758269855 0.000129832633223 -2.20949417552E-06 -8.47857658842E-08 0.000129851460148725 -3.17355320099999E-06 -1.1678065113E-05 
255 3.39713948500003 27.8159241283 2.75826018186 0.000131051095172 -3.4818359321E-06 -3.49369235553E-07 0.000131097806183404 -4.275008648E-06 -8.97657331200001E-06 
256 3.41032687900002 27.8156131696 2.75824939478 0.000130133731369 -3.89615917727E-06 -5.38653405867E-07 0.000130193157438651 -1.0182295322E-05 -5.378396081E-06 
257 3.42352152799998 27.8153043192 2.75823805442 0.000131819391691 -2.66909304314E-06 -7.43776038908E-07 0.000131848508851084 -4.75851972100001E-06 2.58693393799999E-06 
258 3.436723298 27.8150026671 2.75822796494 0.000131335305647 -2.40026786913E-06 -9.31056236466E-07 0.000131360536923956 -7.41787034100002E-06 3.5848383508E-05 
259 3.449902877 27.8146862889 2.75822051948 0.000130433735838 -4.14020534759E-06 -1.08903085514E-06 0.000130503972097331 -3.84153029799999E-06 0.000233218360336 
260 3.46307932500002 27.8143817064 2.75819100137 0.000124454547042 -4.08569385384E-06 1.50177705066E-05 0.000125423923573956 -1.824763089E-06 0.0002399653903049 
261 3.47625896300002 27.8140786707 2.75818488322 0.000130899090909 -2.86873254632E-06 -4.67569366046E-07 0.000130931357009454 -5.847378678E-06 -1.4644597367E-05 
262 3.48944874199998 27.8137724826 2.75817157232 0.000131168174912 -3.48429978904E-06 -4.29812671065E-07 0.000131215148491693 -6.10350685500001E-06 -1.4511384293E-05 
263 3.50264091899999 27.813462348 2.75815870287 0.000131158677755 -3.72561491225E-06 -4.42783330182E-07 0.000131212327980231 -5.12160673699999E-06 -1.4765221679E-05 
264 3.51582690800001 27.8131642105 2.75814518155 0.000134193621323 -4.10062668347E-06 -4.67891828131E-07 0.000134257074546337 -2.53050384600001E-06 -1.6496833655E-05 
265 3.52900817199998 27.8128650572 2.7581314869 0.000132571604803 -3.49759949349E-06 -4.98545000615E-07 0.000132618671948475 -6.25103895299998E-06 -1.5025136218E-05 
266 3.54219132899999 27.8125662703 2.75811789652 0.000132873964057 1.45564479472E-06 -5.62162088782E-07 0.000132883126288492 -1.2881037814E-05 -1.2160950339E-05 
267 3.55536716199998 27.8122706359 2.75810401519 0.000128945505677 -1.95374560368E-06 -3.42653863418E-07 0.000128960761349533 -1.183991123E-06 -2.019143733E-06 
268 3.56856799399998 27.8119671397 2.75809064393 0.000129240283217 -3.84203788184E-06 -5.97749899079E-07 0.00012929876011021 -6.00592013299999E-06 5.171312135E-05 
269 3.58176404099999 27.8116648993 2.75807449437 0.000129805735463 -2.51694654461E-06 6.06939419061E-07 0.00012983155377048 -9.2755555300002E-07 0.000532851230451 
270 3.594928299 27.8113688949 2.75840315957 0.000129966773172 -5.08745394763E-06 1.27594152881E-06 0.000130072565682377 7.361446898E-06 -8.53797666300002E-06 
271 3.60812123599999 27.811077045 2.75838939794 0.000132189247638 -3.01309365673E-06 -6.4984380105E-07 0.000132225179982674 -4.72604559900001E-06 -7.45641219700001E-06 
272 3.62130855200002 27.8107821488 2.75837570379 0.000132341843739 -2.64784972006E-06 -7.05247760978E-07 0.000132370208456368 -5.45640968999998E-06 -3.58719938100001E-06 
273 3.63449391099999 27.8104859848 2.75836268448 0.000132866923761 -2.65329585294E-06 -7.78849988126E-07 0.00013289569600216 -7.258598305E-06 -1.28173401299999E-06 
274 3.647675515 27.8101931376 2.75835049625 0.000133404781289 -2.90975332884E-06 -1.02844973258E-06 0.000133440473785329 -1.0846253534E-05 -9.984965052E-06 
275 3.66084023899998 27.8098986201 2.75834040185 0.000133891581033 -2.76042227613E-06 -1.28471395511E-06 0.000133926195692275 -8.914755194E-06 -2.5615183902E-05 
276 3.67404258200003 27.809607436 2.75832801508 0.000119418473893 -3.3361361859E-06 1.52789344421E-05 0.000120438148230824 4.90317350600002E-06 0.0001803978776931 
277 3.68722760999998 27.8093195365 2.75796003075 0.000130786922232 -2.61376094249E-06 -4.83741088978E-07 0.000130813931898039 -5.00953648399998E-06 2.1774654058E-05 
278 3.700431084 27.809024644 2.75794634962 0.000130788432192 -3.55547632519E-06 -3.61622884264E-07 0.000130837250728723 -1.90531958599999E-06 0.000259606146267 
279 3.71359234599998 27.8087345009 2.75827429871 0.000131893619458 -3.15617833985E-06 -4.18181142277E-07 0.000131932040046807 -4.86287878199998E-06 -1.4586445671E-05 
280 3.72677445400001 27.8084518748 2.75825997728 0.000132318805052 -3.05462811814E-06 -4.20333133306E-07 0.000132354726410779 -4.63697381400001E-06 -1.5306237611E-05 
281 3.73995229100001 27.8081647305 2.75824513865 0.000131806030731 -1.70972073121E-06 -3.48032067474E-07 0.000131817578525628 -3.93647352000002E-07 -1.4139074837E-05 
282 3.75313584600002 27.8078814719 2.75823065418 0.000131693944799 -3.64005182658E-06 -5.62166679329E-07 0.000131745440548801 -4.76597979700002E-06 -1.5108349808E-05 
283 3.76630878399999 27.8075979335 2.75821620749 0.000132121401334 -2.9313079829E-06 -4.50668120291E-07 0.000132154683453539 -6.89420485599999E-06 -1.4806508085E-05 
284 3.77948938399999 27.807308813 2.75820192442 0.000130608039859 -4.37628000164E-06 -4.34141059722E-07 0.000130682058374218 -1.2402605263E-05 -1.4371139486E-05 
285 3.79268248099999 27.8070245787 2.75818721822 0.000132111097866 -3.70362477915E-06 -5.70808908412E-07 0.000132164234339985 -6.640288116E-06 -1.118825565E-05 
286 3.80588178800002 27.8067364209 2.75817335895 0.000132536899464 -3.33861425902E-06 -7.44695535856E-07 0.000132581034224892 -5.79025496000001E-06 2.478536933E-06 
287 3.81906832999999 27.8064562033 2.75816020211 0.000130468051067 -3.09662521736E-06 -6.87134525655E-07 0.000130506603629144 -2.748115441E-06 7.5054188765E-05 
288 3.832267516 27.8061725871 2.75814265376 0.000129591344634 -2.13106737091E-06 3.59739541976E-06 0.000129658780288855 -6.38325886899999E-06 0.000583056512047 
289 3.845427196 27.8058995798 2.75847593972 0.000132601929765 -3.54289872144E-06 -6.60321833837E-07 0.000132650894959954 -4.45495167499999E-06 -3.07824159800002E-06 
290 3.85860824500003 27.8056276685 2.75846268516 0.000132408746061 -2.93518908666E-06 -7.45459961365E-07 0.000132443373103281 -6.49372382200003E-06 -1.59073792E-06 
291 3.871771658 27.8053509072 2.7584500058 0.000133548606442 -2.71819300214E-06 -8.86588797481E-07 0.000133579208320355 -1.0280609895E-05 -8.870393552E-06 
292 3.88493161500003 27.8050699833 2.75843862256 0.000134299571236 -4.69717886834E-07 -1.30036961426E-06 0.000134306687957824 -1.5916107389E-05 -2.8610105469E-05 
293 3.89810750100003 27.8047921513 2.75842939036 0.000127659120442 -2.58357982473E-06 -2.06679449993E-06 0.000127701987283835 -1.3030071317E-05 0.000131826607603228 
294 3.91128989399999 27.8045307793 2.75805823618 0.000132586738453 -3.04146861711E-06 -3.93096879549E-07 0.000132622201271544 -5.67018034E-06 -1.341611118E-05 
295 3.92446257099999 27.8042551145 2.75804338071 0.000132992516806 -3.07544799066E-06 -4.1176938376E-07 0.000133028709159951 -2.70571976399998E-06 -8.32530599100001E-06 
296 3.93764457899999 27.8039893686 2.75802851338 0.000128709322325 -1.60102250986E-06 -3.88408112294E-07 0.000128719865550347 -6.11197037099999E-06 1.7546271229E-05 
297 3.95083926299998 27.8037286555 2.75801429018 0.000129904685414 -2.24383713009E-06 -3.40408054786E-07 0.000129924508754971 -1.305630373E-06 0.000217521028365 
298 3.96399525800001 27.8034618948 2.75834019503 0.000132072953431 -9.22619659103E-07 -3.76519349759E-07 0.000132076712640205 -6.82617188599999E-06 -1.474357788E-05 
299 3.97716363500001 27.8031965727 2.75832385242 0.000132606052275 -2.19835536358E-06 -4.34422505512E-07 0.000132624984784836 -1.48135751700001E-06 -1.3899056493E-05 
300 3.99034712899999 27.8029365111 2.75830800791 0.000132404671541 -3.14178703793E-06 -4.67236677093E-07 0.000132442765683084 -3.87105998400002E-06 -1.4621589756E-05 
301 4.00351961199999 27.8026738166 2.75829223647 0.000132116633088 -2.48732411442E-06 -4.68713401349E-07 0.000132140876385818 -5.19323803699999E-06 -1.4586000546E-05 
302 4.01669423599998 27.8024177329 2.75827668879 0.000131905135998 -2.56593827707E-06 -4.66499169679E-07 0.000131930915874059 -5.08168160099999E-06 -1.4273161284E-05 
303 4.02986108499999 27.8021582392 2.75826256997 0.000131227280609 -2.8701782587E-06 -5.02003071134E-07 0.000131259624814157 -4.36058758500002E-06 -1.1738789697E-05 
304 4.04302898999998 27.8018990941 2.75824903078 0.00013133156428 -2.51283092994E-06 -5.46413725342E-07 0.000131356738173089 -5.59511425600001E-06 -7.875178093E-06 
305 4.05620231799998 27.8016362437 2.75823630801 0.000131802369514 -2.3911431359E-06 -6.30408738095E-07 0.000131825565009896 -5.27148671899998E-06 9.03520106000004E-07 
306 4.06937398000002 27.8013784894 2.7582251299 0.000131428566497 -2.27087877659E-06 -7.8825365992E-07 0.000131450547072679 -2.329101211E-06 7.478747251E-05 
307 4.08255394999998 27.8011185382 2.75820520499 0.000135828241166 -3.69217189434E-06 3.63982727163E-06 0.000135927155396241 -7.766779126E-06 0.000197107511488 
308 4.09568968299999 27.800864677 2.7585406283 0.000135880889516 -3.98068877561E-06 -8.34672500452E-07 0.000135941747439742 -4.24096444E-06 -6.641458775E-06 
309 4.10883828099998 27.8006139009 2.75852975576 0.00013499931019 -3.18483688397E-06 -1.08305229693E-06 0.000135041215708506 -8.75426696800001E-06 -2.7943355541E-05 
310 4.12199230700003 27.8003580911 2.75852011183 0.000135194281687 -4.87592427139E-06 -2.98737263604E-06 0.000135315161137364 -3.38187742099998E-06 8.98412775118E-05 
311 4.135166626 27.8001042146 2.75815457383 0.000131898117065 -2.57839912256E-06 -3.48084283423E-07 0.000131923775681247 -6.21544238700001E-06 -1.3929436953E-05 
312 4.14833804099999 27.7998586571 2.7581413527 0.000130191880358 -2.9859252319E-06 -3.40044653836E-07 0.000130226560620362 -7.10204044100001E-06 -1.3575661651E-05 
313 4.16150161399997 27.7996075279 2.75812784875 0.000131235874804 -2.86108903915E-06 -3.70827547437E-07 0.000131267582361873 -7.53322109800001E-06 -1.1382902017E-05 
314 4.17466085199999 27.7993523635 2.75811316285 0.000129511900641 -5.90116660703E-06 -6.05039117188E-07 0.000129647685082694 2.40091647700001E-06 1.99530061700001E-06 
315 4.18783370099999 27.7991017206 2.75810143073 0.000131477752036 -2.95765177683E-06 -5.60794428398E-07 0.000131512210364148 -1.168521118E-06 9.8726398322E-05 
316 4.20099281400002 27.7988516542 2.7580705074 0.000144316520185 -4.00557556582E-06 8.09868768597E-06 0.00014459907114555 -1.100207585E-05 0.000209805284812 
317 4.21414668900002 27.798601506 2.75841373088 0.000131707241369 -1.74187626519E-06 -4.0729218241E-07 0.000131719389039264 -4.028836104E-06 -1.4472509105E-05 
318 4.22730605300001 27.7983508498 2.7584008902 0.000132102536058 -2.20752107295E-06 -4.3037212864E-07 0.000132121680289087 -5.258383942E-06 -1.4195037171E-05 
319 4.24046386200001 27.7981030084 2.75838759968 0.000131506760205 -1.49464078663E-06 -4.72510336665E-07 0.000131516102423675 -5.689910595E-06 -1.2579604766E-05 
320 4.25361353300002 27.7978591855 2.7583738716 0.000132051895712 -2.32785539108E-06 -4.87078036168E-07 0.000132073310388087 -5.24726080299999E-06 -9.780655763E-06 
321 4.26677900099997 27.797607524 2.75835979216 0.000132580273168 -2.04651007974E-06 -5.55620844151E-07 0.000132597231310953 -5.90788849299999E-06 -7.084687682E-06 
322 4.27994059100001 27.7973597193 2.75834494915 0.000132254319044 -2.38379018492E-06 -6.24784811733E-07 0.000132277275892342 -5.963183934E-06 -1.05211345900001E-06 
323 4.293097972 27.7971171325 2.7583290693 0.000132915048766 -2.54434521101E-06 -6.90993774104E-07 0.000132941195095489 -5.186900784E-06 1.4632036682E-05 
324 4.30624073299998 27.7968711508 2.75831538574 0.00012965814108 -1.92716786135E-06 -7.70512985507E-07 0.00012967475164637 -5.856417062E-06 0.000105963562399 
325 4.319412586 27.7966345 2.75829994253 0.000131946843397 -2.10331905723E-06 -2.69540636226E-07 0.000131963881746649 -5.415896208E-06 0.000500694957347 
326 4.332569568 27.7963958934 2.75863058658 0.000138911717529 1.68008333039E-07 0.000180793301534 0.000227997174046567 -1.050914889E-05 -0.000108226458824 
327 4.34573842700001 27.7961567845 2.75825352846 0.0001320248869 -1.60126656485E-06 -2.90835883239E-07 0.000132034917355526 -3.52553610600002E-06 -1.4294229912E-05 
328 4.35889830500003 27.7959235056 2.75823001785 0.000131896249509 -2.62636750615E-06 -3.21234730906E-07 0.00013192278663131 -3.83675400699999E-06 -1.4033322029E-05 
329 4.37206983200002 27.7956921587 2.75820679215 0.000132510378229 -1.60942268121E-06 -3.27617721286E-07 0.000132520556568144 -5.38443521E-06 -1.423434145E-05 
330 4.38523977199998 27.7954636566 2.75818192853 0.000130949548615 -2.75904225697E-06 -3.45915740033E-07 0.000130979068000758 -5.36241789099998E-06 -1.4390423334E-05 
331 4.398408851 27.7952322391 2.75815617686 0.000132796053591 -1.18661829122E-06 -3.82799904754E-07 0.00013280190679384 -5.53332253E-06 -1.3102015548E-05 
332 4.41158200799998 27.7950101295 2.75813054845 0.000132561063632 -2.39123491481E-06 -4.42740047058E-07 0.000132583368543774 -3.27773998199998E-06 -5.199684918E-06 
333 4.42475981299998 27.7947906658 2.75810436262 0.000130830348543 -2.44941981664E-06 -5.19239717021E-07 0.000130854305879496 -3.50487714700001E-06 4.0093337287E-05 
334 4.43795090600003 27.7945695382 2.75807540412 0.000129039330331 -2.84368408442E-06 2.91956627305E-07 0.000129070990350726 -1.90334833500002E-06 0.000463278290765 
335 4.45115372200002 27.7943676068 2.75839427967 0.000135151418208 6.3350233984E-07 -2.66553509215E-06 0.000135179185698745 1.45292095800001E-06 -6.30547338800001E-06 
336 4.46431127199997 27.7941649775 2.7583647806 0.000128648279147 1.15496801762E-06 6.02720271178E-07 0.000128654875346142 -3.41229626200001E-06 -8.77748188900002E-06 
337 4.47747752700002 27.7939569053 2.75832944982 0.00013144853738 -1.17850257892E-06 -1.11398585421E-06 0.000131458540278497 -1.58346835300001E-06 -9.477295913E-06 
338 4.49064909499998 27.7937532626 2.75829025345 0.000129597604892 -4.38517485854E-07 -5.21292219499E-07 0.000129599395202703 -4.413937857E-06 -8.25126843400002E-06 
339 4.503823743 27.7935598831 2.75824796605 0.00013154196027 -2.23579571114E-06 -6.45388977123E-07 0.000131562542621629 -3.91371264799999E-06 -6.28114398699999E-06 
340 4.51700333600002 27.7933626663 2.75820313832 0.000131911910651 -2.43212629501E-06 -1.20529448276E-06 0.000131939835321644 -4.75442195300001E-06 -9.69862833999992E-07 
341 4.530181798 27.7931684355 2.75815675884 0.000132511883391 -1.77218663031E-06 -8.00238324205E-07 0.000132526149369316 -6.59683236099999E-06 5.22690096399999E-06 
342 4.543375266 27.7929824416 2.75810781104 0.000132310479022 -1.11860576553E-06 -8.70985881735E-07 0.000132318074178458 -6.81941630999999E-06 4.8185019551E-05 
343 4.55656592100001 27.7927911498 2.75805909996 0.000132452756022 -1.68684580862E-06 -8.87459046058E-07 0.000132466469758063 -4.591321788E-06 0.000214771968951 
344 4.56972973400002 27.7926051706 2.7583520074 0.000134077302354 -4.14108545352E-06 -1.08318842273E-06 0.000134145610783277 -6.93527622200001E-06 -3.1161342033E-05 
345 4.58297573099998 27.7924398394 2.75830522416 0.00013309336381 1.29005582593E-06 -2.4411400259E-07 0.000133099839691644 1.28851565499999E-06 -9.19312002399999E-06 
346 4.59615461999999 27.7922725241 2.75825383398 0.000116357586591 -3.27718575664E-06 2.65190101155E-06 0.000116433931835787 2.50815219599999E-06 0.0002133812334489 
347 4.60936331200003 27.7920965484 2.75783592009 0.00013098568928 -1.85891537957E-06 1.64163586953E-06 0.000131009165064408 -3.28618736399999E-06 -1.1218044354E-05 
348 4.62256360800001 27.7919240027 2.75777335689 0.000132087422353 -2.3281043054E-06 -6.59816679227E-07 0.000132109585464367 -4.52223222999998E-06 -1.3963785702E-05 
349 4.63577028999998 27.7917598185 2.75771140411 0.000132194496478 -1.9118907293E-06 -3.75416292097E-07 0.000132208854327632 -5.78210168900001E-06 -1.1643661042E-05 
350 4.64897891300001 27.7915784927 2.75765025172 0.000130788977329 -2.65681947134E-06 -4.53474317128E-07 0.00013081674556197 -4.570310322E-06 8.20398814299999E-06 
351 4.66225528400003 27.7914287541 2.75759165611 0.000129704035943 -9.76519484315E-09 -1.39143570686E-06 0.000129711499600415 3.74809507499999E-06 0.000271001088673 
352 4.67543675600001 27.791278434 2.75786424815 0.000130676029996 -1.72448736301E-06 -5.01844130265E-07 0.000130688371784607 -3.05059619E-06 -1.4299438651E-05 
353 4.68863756899998 27.7911162018 2.75779344319 0.000130510274929 -3.50673108361E-06 -3.40907509129E-07 0.000130557823369056 -7.48622268E-06 -1.4791999616E-05 
354 4.70185051499999 27.7909536446 2.75772368464 0.000131209759613 -1.77758202481E-06 -3.97098637908E-07 0.000131222400918762 -2.548801473E-06 -1.5499122824E-05 
355 4.71507109999999 27.7907953661 2.7576640033 0.000157425402467 -1.64348844574E-06 1.07617156559E-05 0.000157801371730498 -5.90062670000014E-08 -9.891000942E-06 
356 4.72830940900002 27.7906763617 2.75758742076 0.000131107931577 -2.51734587292E-06 -7.71165710455E-07 0.000131134364104899 -6.49258258000001E-07 -1.4182041239E-05 
357 4.74151112300001 27.7905268065 2.75751031029 0.000130899594198 -5.24884222207E-06 -5.53667599352E-07 0.000131005956558028 -9.18553757699999E-06 -6.01709019300002E-06 
358 4.754741298 27.7903810504 2.75743515654 0.000133333782088 1.06948704795E-07 -1.49087080122E-06 0.000133342159798249 -1.0454770264E-05 4.9315719594E-05 
359 4.76799595400001 27.7902302449 2.75767495884 0.00014288767089 -2.84836468166E-06 5.74774555231E-06 0.000143031591799374 -8.13314995700001E-06 0.00023950091491 
360 4.78124174700002 27.7901304276 2.75795054417 0.000132169172528 -2.47895610685E-06 -1.18280351256E-06 0.000132197709565125 -1.3865802E-06 -2.478432071E-06 
361 4.794448859 27.789986412 2.75786601718 0.000133166259897 -2.47587642581E-06 -1.82926797297E-06 0.000133201835424097 -6.09817293499999E-06 -2.788634243E-05 
362 4.80767778000001 27.7898533504 2.75778466369 0.000133752231974 -1.29026553602E-06 -1.10879668767E-06 0.00013376305085215 3.64474146999995E-07 -3.5886784402E-05 
363 4.82096568600002 27.7897453211 2.75770322656 0.000132410779656 -3.2512699861E-07 -9.83650976762E-07 0.000132414832424163 -5.36188711399999E-06 -9.75618586599998E-06 
364 4.83418978600002 27.7896206493 2.75761050673 0.000135202533827 -4.62490122806E-07 -3.02899737968E-06 0.000135237250325052 -5.147495729E-06 -1.43923652099999E-06 
365 4.84743244200001 27.7894864895 2.75752199287 0.00013200325541 -1.03431226979E-06 -9.60516617634E-07 0.000132010801955302 4.003204539E-06 0.000169346270015 
366 4.86071874200002 27.7893671775 2.75777876782 0.000130748557068 -6.09170829655E-07 4.09946176194E-07 0.000130750618814333 -1.92890859599998E-06 5.56749434999979E-07 
367 4.87392429499999 27.7892604845 2.75768455184 0.000133492707428 -6.72539107787E-07 -2.02199746179E-06 0.000133509713950126 -2.96931694700002E-06 -2.89793545199998E-06 
368 4.88715731500002 27.7891363299 2.75759015249 0.000133897680978 -7.41989350703E-07 -1.93796535039E-06 0.000133913760417599 -3.354365636E-06 -5.03508758100001E-06 
369 4.90039610500003 27.7890119873 2.75749942891 0.000138733361148 -4.2348840293E-07 3.8631094214E-06 0.000138787782071227 -2.25878214499999E-06 -1.751406363E-06 
370 4.91366753 27.7889146291 2.7574054495 0.000131129340408 -1.40883769114E-06 -1.09294209929E-06 0.000131141462786983 -2.74262246000002E-06 4.47824459000003E-07 
371 4.926923579 27.7888064323 2.75730504366 0.000130831687136 -6.74903550788E-07 -1.6288480466E-06 0.000130843566901908 2.55473341999999E-06 0.000275074176461 
372 4.94014166699998 27.7886790015 2.75755331987 0.000138609867707 9.40722786364E-07 3.32936067657E-06 0.000138653038292089 -8.86084790000018E-07 -1.0414569005E-05 
373 4.95341935200003 27.788596039 2.75745437941 0.000130335493087 -1.44472590451E-06 -5.58398854416E-07 0.000130344696096355 8.02460276999996E-07 -1.2441693456E-05 
374 4.96664746800002 27.7884820121 2.75735065022 0.000132899389637 -1.69075817889E-06 -1.68787064979E-06 0.000132920861178511 -4.21564419600002E-06 -1.4107104841E-05 
375 4.97993842900001 27.7883811177 2.7572589915 0.000137463499131 2.73707699378E-06 -2.67578858261E-06 0.000137516780897268 5.27183182999995E-07 -6.77245497000001E-06 
376 4.99317428299997 27.7883012028 2.75715230834 0.000129386507922 -4.44042577272E-07 -1.04902022461E-06 0.000129391522324656 -7.14970250799998E-06 4.8551125804E-05 
