0 0.00131080400001338 18.6562882467 2.78440570291 0.000124530161203 -8.2337658277E-06 8.51017915361E-07 0.000124804968572741 8.96213265499999E-06 -1.5537281455E-05 
1 0.0138848740000128 18.6555090736 2.78402331186 0.000127005542994 -9.18268118373E-06 1.27096776212E-07 0.000127337134169547 1.0344866174E-05 -1.4921582902E-05 
2 0.0264529279999977 18.6547150103 2.78370762014 0.000125484733946 -7.63789286135E-06 1.94689024549E-07 0.000125717118025654 8.210978979E-06 -6.36425369000005E-07 
3 0.0389744869999902 18.6539212948 2.78340054813 0.000127591298875 -7.93570708564E-06 -1.41352602397E-07 0.000127837924639431 1.0268519784E-05 2.93133689899999E-06 
4 0.0515244730000006 18.6531017219 2.78174982802 0.000126163244563 -8.14101669925E-06 0.00141629336866 0.00142192487373344 6.074708963E-05 -7.59790682499999E-06 
5 0.0640429629999915 18.6522920528 2.7819121894 0.000125083187999 -7.8540085927E-06 8.54408443717E-07 0.000125332435485616 8.17855094999999E-06 -8.81160386399999E-06 
6 0.076573365999991 18.6514964566 2.78192558075 0.000124893763927 -8.07160050322E-06 -1.14108944118E-07 0.000125154368774677 6.007226318E-06 -1.3774965363E-05 
7 0.0891100590000065 18.6507205011 2.78114047174 0.000126213545011 -8.37388581276E-06 5.56430737861E-06 0.000126613358001644 5.8489231759E-05 3.72164194008E-05 
8 0.101621440000002 18.6499194136 2.78081103213 0.000124707075756 -8.02297412758E-06 3.75557317978E-06 0.000125021306933551 3.459618462E-05 1.19819217881E-05 
9 0.114126047000013 18.6491199351 2.78147118748 0.000127130792216 -9.16355478429E-06 7.24440524983E-06 0.000127666324742182 0.000536386088977 -1.2584959856E-05 
10 0.126624870000001 18.6483644714 2.78071822668 0.000124921595815 -5.75425917478E-06 1.12674718443E-07 0.000125054105471228 -1.03033366499999E-06 -1.1474673762E-05 
11 0.139111098000001 18.6475654635 2.78033425096 0.000125375029731 -7.52097777239E-06 -3.22103978121E-08 0.000125600414904616 5.05567889900002E-06 -9.356103029E-06 
12 0.151597315999993 18.6467985748 2.77962993022 0.000124386446981 -7.4873671333E-06 3.60776760218E-06 0.000124663807282696 2.8753725082E-05 -2.41084110998E-05 
13 0.164085032000003 18.6460336494 2.77927349188 0.000126275914979 -9.53332390214E-06 1.36265704028E-07 0.000126635340789011 1.183806005E-05 -6.52303447999997E-07 
14 0.176571921999994 18.6452540901 2.77922396983 0.000128609116256 -9.76383840765E-06 -3.04573545936E-06 0.000129015168988334 6.29949978499998E-06 -1.0120790442E-05 
15 0.189024662999998 18.6444801633 2.77884788949 0.000124727854926 -7.57205174654E-06 9.7113889594E-07 0.000124961261488706 8.589406288E-06 -3.87324963E-06 
16 0.201481728999994 18.6437195215 2.77808946936 0.000123628302152 -7.90271697739E-06 -7.53195275749E-07 0.000123882917836699 1.6667482578E-05 -1.7126621867E-05 
17 0.213929381000014 18.6429461908 2.77766122114 0.000124783996771 -7.94430619449E-06 2.17488951041E-07 0.00012503681518857 2.1863910196E-05 8.553397781E-06 
18 0.22638427199999 18.6421734272 2.77652999025 0.000123468673964 -8.38125291201E-06 3.04463721807E-07 0.000123753188035547 2.5996851853E-05 9.12234508150001E-06 
19 0.238851511999997 18.6414259919 2.77685153581 0.000123792620468 -6.86031823012E-06 -7.22907940551E-07 0.000123984674232114 1.3622899093E-05 -1.3988944452E-05 
20 0.251298109999993 18.6406875095 2.77675591103 0.000125824476655 -9.18182079574E-06 2.02374235373E-05 0.000127771898592992 4.7000210624E-05 1.77809690244E-05 
21 0.263734400000004 18.6399178132 2.77678037743 0.000124535029272 -8.0443787812E-06 1.6995465691E-07 0.00012479468911111 6.86079670500001E-06 -4.079389677E-06 
22 0.276190272000008 18.6391480611 2.77566229512 0.000124328824853 -7.1060651861E-06 -5.28814927438E-08 0.000124531745543895 4.6730648305E-05 6.142056081E-06 
23 0.288636566999998 18.638403513 2.77520222158 0.000122396159963 -8.54326383857E-06 -2.14232811513E-06 0.000122712659902948 2.90348300299999E-06 4.02026132699999E-06 
24 0.301044358000013 18.6376599783 2.77549786928 0.000124214117924 -7.14542400473E-06 -9.54508957183E-08 0.000124419505250255 1.3565491858E-05 1.43006172500001E-06 
25 0.31347486300001 18.6369029991 2.7750987634 0.000125265038805 -7.40389888546E-06 6.92800086304E-08 0.000125483674098441 5.550514705E-06 -1.3738855724E-05 
26 0.325930875000012 18.6361529017 2.7739776293 0.000124721823245 -7.2806649752E-06 6.21179068407E-08 0.000124934163200753 5.43092463399999E-06 -5.78639017199999E-06 
27 0.338352581000009 18.6354174383 2.77356423513 0.000123775455422 -7.57602902202E-06 -4.76063466381E-07 0.000124008008681254 4.88860981600001E-06 -3.583663286E-06 
28 0.350779655999986 18.6346882372 2.77348097298 0.000123775380923 -7.19888014008E-06 -9.68273743307E-08 0.000123984588451329 2.353445478E-06 -6.023585284E-06 
29 0.36323667100001 18.6339457963 2.77343509574 0.000124522394722 -6.73165156003E-06 1.65304695191E-06 0.000124715173432315 -9.98319902000011E-07 7.30861393000008E-07 
30 0.375641905999998 18.6331988415 2.77302423051 0.000124607778463 -6.97014462458E-06 5.37459286225E-08 0.000124802581135954 4.44457896399999E-06 -4.79983488499999E-06 
31 0.38805962699999 18.6324610231 2.77187069354 0.000123544613036 -8.15342657957E-06 -1.02607367144E-06 0.000123817618303627 2.44627208599999E-06 -1.1893099265E-05 
32 0.40048993100001 18.6317135101 2.77178546919 0.000124604106636 -7.03655801967E-06 4.20075382085E-08 0.000124802637407841 3.03915692799998E-06 -3.699836007E-06 
33 0.41292297199999 18.6309831103 2.77105810315 0.000125023079318 -8.39961179866E-06 -5.90077164654E-06 0.000125443784009204 4.2400463644E-05 7.65873784600001E-06 
34 0.425309950000013 18.6302697876 2.7713006948 0.000124221674905 -7.59445068509E-06 -2.09569931956E-07 0.000124453783056073 2.76793987800001E-06 -1.4292229372E-05 
35 0.43776239799999 18.6295237702 2.77089881387 0.00012392725888 -6.4946866095E-06 3.37268104473E-07 0.000124097784820844 2.14852345099999E-06 -6.874678284E-06 
36 0.450180563000004 18.6288063645 2.77011196797 0.000124018288469 -6.78211801579E-06 6.89704953927E-08 0.000124203614103976 2.03664631600001E-06 -6.781500042E-06 
37 0.462580091999996 18.6280923803 2.76970366143 0.000124369687295 -7.09089295808E-06 -2.0680212288E-07 0.000124571837298472 4.99388207400001E-06 -5.645829088E-06 
38 0.474952593000012 18.6273852237 2.76926273468 0.0001250937143 -7.86777953996E-06 -3.62000984443E-07 0.000125341415170614 2.07669316199999E-06 3.488047921E-06 
39 0.487393394000009 18.626616648 2.76920596506 0.000122621928234 -8.27311807432E-06 -1.97274739718E-06 0.000122916530616467 7.466109149E-06 -1.1119280376E-05 
40 0.499846899000005 18.6258942047 2.76911129967 0.000127885821375 -8.4293052863E-06 -4.77995883714E-06 0.000128252424939464 4.9218345746E-05 -5.15522934939E-05 
41 0.512300170999993 18.6251721664 2.76803397985 0.000124171324701 -6.78720051344E-06 2.23342438677E-07 0.000124356880994401 6.59293939799999E-06 -8.08041792000006E-07 
42 0.524713195000004 18.6244539331 2.7676661662 0.000123228525955 -7.7833836472E-06 -1.23585307789E-06 0.000123480273739864 5.21329896599999E-06 -3.43530630100001E-06 
43 0.537107612 18.6237231203 2.76828269788 0.000124538828554 -7.13353079543E-06 -6.56895994903E-08 0.000124742981342982 3.614524113E-06 -1.161704591E-05 
44 0.549591665000008 18.6230045353 2.76705581266 0.000123225191092 -6.08676767014E-06 3.25889025198E-07 0.000123375859324209 -2.90312912500001E-06 -3.670621236E-06 
45 0.562022482999993 18.6223140726 2.76628773696 0.000124074382954 -6.36772387666E-06 2.88487327988E-07 0.000124238012048341 5.070600757E-06 -5.18154836699999E-06 
46 0.574424413999992 18.6215894546 2.76589079094 0.000124488654764 -6.95676669539E-06 1.30938879716E-07 0.000124682953577443 6.209681603E-06 -1.0955556205E-05 
47 0.586841676000006 18.6208605078 2.76546939045 0.000123099602567 -6.30810983855E-06 -1.00830018845E-07 0.000123261164072798 5.26922691999995E-07 2.289027141E-06 
48 0.599247522000013 18.6201447544 2.76612093913 0.000125665312173 -6.97793460037E-06 4.12685029498E-07 0.000125859574779824 5.893961233E-06 -9.90042308499999E-06 
49 0.611699953999988 18.6194441244 2.76536092633 0.000123225515597 -7.03229602171E-06 -3.25145869327E-07 0.000123426442067005 2.19204445699999E-06 -6.99065055800001E-06 
50 0.62414253899999 18.6187232581 2.76422284784 0.000124686239382 -7.16653795782E-06 -6.50316896351E-08 0.000124892040525595 7.09852827000002E-06 -1.02664341299999E-06 
51 0.636578993000001 18.6180112502 2.76418985001 0.000124279512785 -6.87025336828E-06 -2.80396305546E-07 0.000124469579823785 5.94366165899998E-06 -9.36972731000003E-07 
52 0.648976228999999 18.6173233382 2.76412623618 0.000123777655109 -6.92353076057E-06 1.41535935344E-07 0.000123971219300675 1.702833936E-06 -6.974632914E-06 
53 0.661411715000014 18.6166152379 2.7636840329 0.000125447628261 -6.90963289813E-06 3.52761692855E-07 0.000125638270060953 5.19153914599999E-06 -4.90375042E-06 
54 0.673823064000004 18.6158985136 2.76289512359 0.000125463241787 -6.54545332456E-06 4.87588501172E-07 0.000125634811025741 1.8513468335E-05 -5.542674136E-06 
55 0.686287993999997 18.6152032779 2.76286669522 0.000124279724414 -6.79011876808E-06 1.95953470502E-07 0.000124465232137601 4.50519335000002E-06 -1.457884795E-05 
56 0.698731500999997 18.6144959963 2.76284341642 0.000127387029955 -8.06448913858E-06 -6.57883610342E-07 0.000127643739355548 3.02692224899998E-06 -1.381763387E-06 
57 0.711154305999997 18.6137745931 2.76210393537 0.000124722178639 -6.52558036841E-06 4.89352426394E-07 0.000124893732866787 2.24927001299998E-06 -1.17701674600001E-06 
58 0.723622940000013 18.6130953346 2.7620130689 0.000123745706419 -6.0586764109E-06 3.8183479473E-07 0.000123894524555364 -7.12103820000004E-07 -3.41939149500001E-06 
59 0.736049027999997 18.6124329945 2.7612370056 0.000124662004922 -6.83649120215E-06 1.89486171906E-07 0.000124849465309785 5.53538630900001E-06 5.31209839000002E-07 
60 0.748477022999992 18.6117471735 2.76086417316 0.000124033378362 -7.39857161117E-06 1.01108283395E-07 0.000124253885382557 1.368157048E-06 -9.762905537E-06 
61 0.760927282000011 18.6110552781 2.76048155569 0.000124283893426 -6.8664920242E-06 6.98328744196E-08 0.000124473449998279 2.45181969699999E-06 -1.2557147167E-05 
62 0.773408090000004 18.610382951 2.75935205955 0.000124319891516 -6.88968849873E-06 4.4917891379E-07 0.000124511465318886 4.1792960747E-05 8.06098007351E-05 
63 0.785852728000009 18.6097141914 2.75974529377 0.00012539613136 -6.61388227735E-06 5.37645944022E-07 0.000125571582223026 1.018823034E-05 6.955350511E-06 
64 0.798323191999998 18.6090435085 2.76045529127 0.000122673986789 -6.23990326335E-06 -1.09498663541E-06 0.000122837463435124 8.83652489000003E-07 -9.50653507999989E-07 
65 0.810789768000006 18.6084062715 2.75972904381 0.000124496232689 -7.08581985774E-06 1.68218552699E-07 0.000124697831153118 3.88119788900001E-06 -8.186320812E-06 
66 0.823249003000001 18.6077324039 2.75899165677 0.000124486039244 -6.55555636636E-06 1.13539113396E-07 0.000124658582444457 3.71805715899999E-06 -6.073149394E-06 
67 0.835742963000001 18.6070675838 2.75821057643 0.000124668864897 -6.51466167569E-06 4.9299251919E-07 0.000124839936450958 2.4683327643E-05 2.08611752800001E-06 
68 0.848241593000012 18.6063945668 2.75855191923 0.000125247078725 -6.28164710093E-06 3.05737474357E-07 0.000125404877476317 2.77836575099998E-06 -3.133331402E-06 
69 0.860713607000008 18.6057352197 2.75857470377 0.000124468432248 -6.35156839915E-06 1.28182246637E-07 0.000124630451648433 6.54583999699999E-06 -4.905319763E-06 
70 0.873212625999997 18.6050786971 2.75748857285 0.000124438168947 -7.13579541919E-06 1.69297036624E-07 0.000124642713901107 5.745394187E-06 -2.09749217999988E-07 
71 0.885737920999986 18.6044378047 2.75671952974 0.000124560734165 -6.56119719809E-06 2.23287689612E-07 0.000124733618811403 4.97604442700002E-06 8.195188936E-06 
72 0.898235209000006 18.6037783658 2.75707064395 0.000124264643065 -6.39638312407E-06 9.06925694358E-08 0.000124429190539374 6.742642096E-06 -4.909756536E-06 
73 0.910725283999994 18.6031125908 2.75635185293 0.000125115680085 -5.9751939543E-06 8.55310155882E-08 0.000125258307754329 6.25315928299999E-06 -3.001606793E-06 
74 0.923179678999986 18.6024675266 2.75599361756 0.000126501334043 -7.08827760771E-06 2.48550025612E-07 0.000126700011725405 7.17364347199999E-06 -7.67306539999941E-08 
75 0.935694342000005 18.6018034559 2.75559061372 0.000124416678618 -6.33439196457E-06 1.10760436778E-07 0.000124577874069876 -8.55166375000004E-07 -1.2469382233E-05 
76 0.948200087000004 18.6011317269 2.75524947833 0.00012606278774 -6.14134150654E-06 2.96616120644E-07 0.000126212640054011 1.2755936063E-05 1.167915042E-05 
77 0.960705229000013 18.6004864714 2.75589607984 0.000124904636592 -5.76799884413E-06 4.7936211246E-07 0.000125038665383474 7.139567927E-06 -3.35262636400001E-06 
78 0.97319078999999 18.5998401125 2.75515172618 0.000123569205911 -6.85798669165E-06 -1.70082806273E-06 0.000123771052540717 7.17668636599999E-06 -3.993529999E-06 
79 0.985720404000006 18.599188232 2.7544502672 0.000125782937682 -4.26833689751E-06 4.09901737287E-07 0.000125856005542917 5.71441608700001E-06 -2.256104448E-06 
80 0.998219940000013 18.5985001721 2.75330960372 0.000124290840875 -6.9396906268E-06 2.29691915414E-07 0.000124484638368701 -9.09786834000001E-07 -1.1085607464E-05 
81 1.01069849300001 18.5978496197 2.75365365544 0.000124152334232 -6.36771449693E-06 2.66127510436E-07 0.000124315810366262 5.018882219E-06 -5.48530536600002E-06 
82 1.023196552 18.5971659259 2.75290442785 0.000123384036911 -7.66721038781E-06 -2.53022412794E-06 0.000123647922399544 5.95420958700001E-06 -3.54144911100002E-06 
83 1.03572337899999 18.5965185786 2.75250221184 0.000124970270982 -7.54999044302E-06 -2.31643441362E-06 0.000125219554596704 5.786135611E-06 -3.380522548E-06 
84 1.048224103 18.5958614786 2.75277722346 0.000125435404992 -6.79723149613E-06 -5.15858289917E-07 0.00012562049709858 -3.509321979E-06 7.64507907299999E-06 
85 1.06072009799999 18.5951988056 2.75164974516 0.000123447979251 -7.4955711503E-06 -2.56693774598E-06 0.000123701965778302 4.570068997E-06 -6.046947326E-06 
86 1.07321131099999 18.5945411634 2.75157976102 0.000123214222545 -5.39119834221E-06 -1.3572714249E-06 0.000123339579384132 -1.82540724499999E-06 2.52059212000005E-07 
87 1.085740942 18.593882976 2.75080175378 0.000125054029636 -6.09230717808E-06 -3.48004524547E-07 0.000125202826014842 4.609970259E-06 5.75411580999995E-07 
88 1.09823393400001 18.5932229855 2.75038498103 0.000126984700762 -7.90545716732E-06 3.14274265596E-07 0.000127230928822174 3.41578905799998E-06 5.370883492E-06 
89 1.110759143 18.5925403269 2.74995123681 0.000125181207712 -6.51570922995E-06 3.77529843609E-07 0.00012535123357904 6.289815512E-06 -3.669289912E-06 
90 1.123246494 18.5918718915 2.74913523648 0.000124651714004 -7.25529918166E-06 1.37193062441E-07 0.000124862756626173 3.713853918E-06 2.579917467E-06 
91 1.13575206600001 18.5912072188 2.74949651214 0.000122653992021 -4.95399051478E-06 2.73763705658E-06 0.000122784520349113 3.3209384487E-05 2.11854102699998E-06 
92 1.148201919 18.5905212494 2.74947728012 0.00011973049613 -1.10834518404E-05 6.02078495455E-06 0.000120393041575098 1.0578917983E-05 -1.688639871E-06 
93 1.16027689200001 18.589358069 2.7482408291 0.000120929901144 -1.09005841794E-05 8.74757048724E-06 0.000121734891118278 8.68997569766E-05 -4.50876811726E-05 
94 1.17252037200001 18.588515112 2.74809560716 0.000122285783805 -7.55629049821E-06 -4.44475174942E-06 0.000122599617719675 3.57596484799999E-06 1.210572508E-05 
95 1.18486492400001 18.587711252 2.74859466183 0.00012336092222 -8.04536593435E-06 3.09446026197E-06 0.00012366171892829 1.4403073624E-05 4.91448374947E-05 
96 1.19717653800001 18.5869306685 2.74871270068 0.00012391917142 -9.0483342081E-06 8.58181881047E-07 0.000124252041727699 3.32211116200001E-06 2.45770121726E-05 
97 1.20953346799999 18.5861443397 2.74846386336 0.000122771530153 -9.14246834501E-06 -7.96794598119E-06 0.000123369045982806 3.8850891127E-05 8.54362558728E-05 
98 1.22192387999999 18.5853579147 2.74672174234 0.000123368035025 -4.73849992993E-06 -1.01341397431E-06 0.000123463162341643 1.14784738999997E-06 6.11128604899999E-06 
99 1.23428187799999 18.5845909812 2.74720094052 0.000121769475589 -8.17784236645E-06 8.10286678664E-07 0.000122046461872076 -1.63439785100001E-06 1.0086274179E-05 
100 1.246633264 18.5838283015 2.74689592333 0.000122258289204 -7.5160187185E-06 2.50836376319E-06 0.000122514781578527 -4.40702752199999E-06 2.546971508E-06 
101 1.25900703600001 18.5830625439 2.74694396428 0.000125026939142 -8.78602657857E-06 7.14127344359E-07 0.000125337303912764 -3.95838905599999E-06 8.03389342900001E-06 
102 1.27134536400001 18.5823214292 2.74621121402 0.000123407756035 -7.32689374784E-06 -6.88526629917E-07 0.000123626986093273 -3.42398717499999E-06 6.109613449E-06 
103 1.283812431 18.5815478418 2.74513480963 0.000121933485071 -6.8003897606E-06 -1.65088375195E-06 0.000122134129135219 -2.31404616799998E-06 -6.662989676E-06 
104 1.29619329100001 18.580805031 2.74552618413 0.000125198447171 -7.30681824773E-06 7.94636580632E-07 0.000125414003262117 -2.60353318700001E-06 6.3697184E-06 
105 1.30857660800001 18.5800585735 2.74521001796 0.000122685598342 -6.9663772433E-06 -1.06065406196E-06 0.000122887800206 -1.1591646452E-05 1.36703603399999E-06 
106 1.32100933999999 18.5793083483 2.74448686681 0.00012463971081 -7.98045802736E-06 1.63494473431E-06 0.000124905637444477 1.00550340599999E-06 5.337043852E-06 
107 1.33338988200001 18.5785648785 2.74415233074 0.000123748393568 -6.82534621327E-06 3.37259977954E-07 0.000123936935599862 -7.642129998E-06 1.3585844863E-05 
108 1.345848934 18.5777941301 2.74378697091 0.000121711205215 -8.09345398696E-06 9.56793781909E-07 0.000121983756814864 -3.227562869E-06 7.971923512E-06 
109 1.35826041600001 18.5770659746 2.74340959735 0.000125485307901 -6.9324658585E-06 -1.00700789336E-06 0.000125680689235798 -1.1430517428E-05 -7.65728846100001E-06 
110 1.37065055299999 18.5763373245 2.74303943335 0.000123256932611 -6.45871857801E-06 -3.35489349408E-06 0.000123471623431051 -4.28741475700002E-06 8.13562563E-06 
111 1.383022942 18.5756314662 2.74268347525 0.000123535619718 -6.45809472539E-06 -1.02635319262E-06 0.000123708567720544 -8.28701327599999E-06 1.794815879E-05 
112 1.395436362 18.5749055931 2.74268328042 0.000122382748904 -8.60773759086E-06 -1.00608227745E-06 0.000122689211332055 3.34176113600001E-06 -5.167015107E-06 
113 1.408239517 18.5743778497 2.74157089613 0.000135552565703 -2.12126531333E-06 2.72411971971E-06 0.000135596528950571 -2.543752277E-06 7.602961172E-06 
114 1.42161403 18.5741488959 2.74092701604 0.000126772080806 -5.04215615722E-06 9.61934483043E-07 0.000126875959616258 -4.41739381099999E-06 1.4390987936E-05 
115 1.43441998899999 18.573656852 2.74058950578 0.000125491966633 -3.6706507766E-06 -6.76579738086E-07 0.000125547461649703 -6.244747958E-06 8.06549023000001E-06 
116 1.44754626100001 18.5733705838 2.74026021438 0.000135189599737 3.26621911117E-06 1.3824181265E-06 0.000135236116271538 -5.95226646199999E-06 1.2209017982E-05 
117 1.460783171 18.5733034185 2.73997556283 0.000127565055591 -4.00215560164E-06 -1.06968117744E-06 0.000127632303415773 -6.63779595000001E-06 3.43509936099999E-06 
118 1.47362801200001 18.5728578185 2.7399479477 0.000126707550939 -6.23137463558E-06 2.38401771712E-06 0.000126883084117954 -4.424780883E-06 3.1241832653E-05 
119 1.486512159 18.5724330261 2.73992625268 0.000126316206114 -4.87514789103E-06 7.48038297579E-07 0.000126412462025263 -1.0965065051E-05 2.692024755E-05 
120 1.49935457800001 18.5719895725 2.73887077574 0.000134896727176 -6.95500952486E-06 -3.34418523513E-06 0.000135117292509782 -3.60974427100001E-06 2.9500157171E-05 
121 1.51207816300001 18.5714774125 2.738469698 0.000125531376813 -5.6410206E-06 9.75813094129E-08 0.000125658096436676 -1.1932155435E-05 1.7540121423E-05 
122 1.52475674600001 18.5709366231 2.73843747535 0.000122626387682 -5.96013304405E-06 9.40412720519E-07 0.000122774747069273 -6.88051137999999E-06 -6.07236878600001E-06 
123 1.53758247900001 18.5704428089 2.73691001464 0.000128362974066 -2.94600494422E-06 -1.39511882432E-06 0.000128404355115915 -8.239589199E-06 1.8396532561E-05 
124 1.550272538 18.5699332533 2.73692385251 0.000122854716473 -7.36805791276E-06 -1.38327359035E-07 0.000123075540915022 -2.805966252E-06 8.41545167399999E-06 
125 1.56292422800001 18.5694096194 2.7361993589 0.000131366675078 -4.58563533027E-06 -1.59386169535E-06 0.000131456349285742 2.4385554466E-05 2.7527515672E-05 
126 1.57551837599999 18.5688443203 2.73649490114 0.000126609446596 -4.42453935294E-06 -1.20416564167E-06 0.000126692456487052 -4.71528280900001E-06 2.8885702966E-05 
127 1.588091999 18.5682507414 2.73644909248 0.000125910660665 -7.18493074616E-06 1.55340664186E-06 0.000126125060044064 -5.71044289900002E-06 -6.64585952982E-05 
128 1.60094300599999 18.5678836521 2.73458528271 0.000127339052485 -7.13657696008E-06 -7.8504151796E-07 0.000127541292563113 -1.5360519855E-05 3.042481982E-06 
129 1.61350959999999 18.5672966479 2.73455580025 0.000121964279221 -6.3920260418E-06 3.48228110171E-07 0.000122132160652442 -2.92680199800001E-06 1.5529943411E-05 
130 1.62606612600001 18.5667046738 2.73487335302 0.000126288265173 -7.65094492105E-06 -5.03915363044E-07 0.000126520815715376 6.06306144399998E-06 -1.35836533595E-05 
131 1.63861778399999 18.566105866 2.73410332299 0.000129811917978 -5.43972937187E-06 -9.45655030249E-07 0.000129929284490458 -6.886408178E-06 -4.89660532641E-05 
132 1.651330065 18.565635309 2.73335108218 0.000126267869284 -5.61467905925E-06 -2.62531322538E-08 0.000126392642680208 -9.11007723199998E-06 7.27034827099999E-06 
133 1.66385657199999 18.5650429345 2.73331041293 0.000127033334644 -5.67378245133E-06 -3.36479703064E-07 0.000127160422839302 -2.56055863800001E-06 1.1029012749E-05 
134 1.67642641 18.5644517564 2.73283885212 0.000127418186737 -6.20483723476E-06 1.80925161651E-06 0.000127582003855821 -5.960398437E-06 2.57161486600001E-06 
135 1.68890787000001 18.5638286565 2.73243238244 0.000126190233923 -8.61234467464E-06 -9.80742939216E-06 0.000126863443472178 0.000269149581902 -1.79891898199999E-06 
136 1.70153865399999 18.5632874765 2.73089443978 0.000126147155596 -2.94636294164E-06 8.12202341636E-07 0.000126184173303109 -1.798291145E-05 1.4810837035E-05 
137 1.714091838 18.562669925 2.73154159413 0.00012444861998 -4.94394526874E-06 -2.6701348547E-06 0.000124575403791796 -6.84015340399999E-06 1.2393583288E-05 
138 1.72655636100001 18.5620735916 2.73182932126 0.000126871141517 -8.90060684048E-06 1.04032151383E-05 0.000127607735804571 -1.342134264E-06 1.5540399245E-05 
139 1.73904371399999 18.5614495951 2.73068174261 0.000126522846736 -8.04392014516E-06 -1.67789116164E-06 0.000126789395125276 5.72709796000005E-07 -4.61255915000001E-07 
140 1.75154140699999 18.5608443056 2.7294502995 0.000123927151069 -5.25374778613E-06 -2.30268607273E-08 0.000124038466485665 -4.118060957E-06 -1.2370912358E-05 
141 1.76415429900001 18.5603038289 2.72897120389 0.000124055278721 -6.3211382368E-06 2.98667254425E-08 0.00012421622220618 -1.3267814876E-05 2.3461737402E-05 
142 1.776619705 18.5596863123 2.7285437863 0.000126227821286 -5.80079811549E-06 3.06474766832E-07 0.000126361410454971 -2.30357958799998E-06 1.9151690243E-05 
143 1.789099454 18.5590622516 2.7280747956 0.000124661152041 -5.61988372024E-06 -3.34162107268E-07 0.000124788210923678 -5.604099874E-06 -4.033255155E-06 
144 1.801559411 18.5584407254 2.72762602723 0.000123182450791 -7.58947841326E-06 -1.46174094416E-06 0.000123424685748234 -1.6465548194E-05 9.11577093E-06 
145 1.81399950400001 18.557838904 2.72753578494 0.000123476244158 -6.48684897791E-06 -8.38835187851E-07 0.000123649366053776 -4.66081621800001E-06 1.199930008E-06 
146 1.826538597 18.5572859808 2.7267419235 0.00012491538889 -5.75146836439E-06 -2.73741946078E-06 0.00012507768480105 -1.80460983899999E-06 7.662317885E-06 
147 1.839030089 18.5566548061 2.72591878783 0.000120688005168 -5.37527634513E-06 -3.1485130958E-07 0.00012080805982452 -1.3031860196E-05 7.222751219E-06 
148 1.85146763099999 18.5560314038 2.7261843836 0.000119584130994 -4.98434336457E-06 -1.03851773682E-06 0.000119692466694675 -1.1873355786E-05 3.45225737400001E-06 
149 1.86389882 18.5554105991 2.72498133532 0.000125286266749 -6.1437523399E-06 -8.30272748383E-08 0.000125436841566758 -8.96568093E-06 9.86879328100001E-06 
150 1.87632742700001 18.5547776332 2.72455333523 0.000122551513792 -5.81645893986E-06 -1.1707953695E-06 0.000122695050793042 -7.68818327299999E-06 7.76966043999997E-07 
151 1.88878366 18.5541706804 2.72442186787 0.000124098769504 -5.89349611805E-06 -3.81868806972E-07 0.00012423921970411 -1.0174395657E-05 4.21570141599999E-06 
152 1.90124199900001 18.5535306775 2.72250412011 0.000127563461714 -7.17264650175E-06 -4.41924932514E-06 0.000127841360235629 5.2465447179E-05 4.04161545287E-05 
153 1.913701707 18.5528964629 2.72243197545 0.00012513185446 -5.94861769819E-06 -2.68902558567E-07 0.000125273458328985 -8.66886482799999E-06 1.81329821699999E-06 
154 1.926093726 18.5522833143 2.72264861303 0.000123800779814 -3.78339026388E-06 -5.61951789594E-07 0.000123859851906327 -1.0412248869E-05 1.4298080243E-05 
155 1.93851635999999 18.551666612 2.72250602177 0.000124775136138 -7.02314764649E-06 -8.70651345081E-09 0.00012497263411213 -8.211939224E-06 -7.36171318E-06 
156 1.950920881 18.5510224008 2.72201088737 0.000126539844246 -6.70780585395E-06 -1.30849119626E-06 0.000126724263621403 -7.639408812E-06 7.589559126E-06 
157 1.96330767699999 18.5503842897 2.72149856561 0.000121516944445 -5.77719805641E-06 5.1167157812E-07 0.000121655273672932 -1.1294188737E-05 -5.78539098000013E-07 
158 1.975772057 18.5497678178 2.71957096089 0.000127748460294 -7.04352918893E-06 4.88185700486E-07 0.000127943420058247 -1.0390181868E-05 1.325280713E-05 
159 1.98817617 18.5491581775 2.71980881805 0.0001222959703 -6.53703889384E-06 -5.29064576742E-07 0.000122471699336804 -1.1601170638E-05 -5.439124436E-06 
160 2.00052307300001 18.54852443 2.71931470713 0.00012243782592 -8.31801647255E-06 1.18181059537E-06 0.000122725740129515 -7.48957561800001E-06 1.2785960512E-05 
161 2.01288700200001 18.5479275248 2.71911423685 0.00012211859771 -4.85155810317E-06 -2.62989421832E-06 0.000122243224214207 -1.5789323304E-05 3.44313362900001E-06 
162 2.02521488900001 18.547352563 2.71787413889 0.000120733834311 -5.36018479884E-06 -1.66109491105E-06 0.000120864178170446 3.55855733700001E-06 1.6791932705E-05 
163 2.03757252299999 18.5467432912 2.71772247008 0.00012160013009 -6.01727777791E-06 -1.82866878054E-06 0.000121762651495729 -1.600678985E-05 1.6815568348E-05 
164 2.04993763300001 18.5461261764 2.71721636273 0.000120797667934 -4.65008447062E-06 3.65200482339E-07 0.000120887688518183 -1.3609657901E-05 5.27139011399999E-06 
165 2.06228303399999 18.5455159955 2.71598191052 0.000121844928619 -4.49031363642E-06 -3.99923450182E-06 0.000121993210562405 -1.4281765357E-05 4.08022060499999E-06 
166 2.07461443299999 18.5449236062 2.71588676816 0.000123609699329 -5.48302904325E-06 -3.87101360406E-07 0.000123731852096209 -7.37273952E-06 1.2330838983E-05 
167 2.08699981000001 18.5443016123 2.71536115148 0.00012167499989 -8.16149820034E-06 -2.6548167686E-08 0.000121948416783125 -1.8460090484E-05 -6.105777862E-06 
168 2.099351111 18.543697671 2.71517970578 0.000136758351854 -6.5946240547E-06 0.000202495457946 0.000244439657905598 2.9840802932E-05 7.803984625E-06 
169 2.11163982599999 18.5431199609 2.71463010642 0.00012169169603 -6.55292870349E-07 1.9617713936E-05 0.000123264565027743 7.38862754337E-05 0.0001586931990504 
170 2.12400262400001 18.5425038631 2.71374949534 0.000123290932388 -6.00865534472E-06 -1.15842406329E-06 0.000123442698830123 1.1401827197E-05 5.663490757E-06 
171 2.13636297100001 18.5419001656 2.71354197582 0.000121268737968 -4.6964146954E-06 -1.15306423632E-06 0.000121365121334244 -9.05974133999998E-06 -1.94337229700001E-06 
172 2.14872725500001 18.5412882736 2.71265833972 0.000124821375496 -6.81431572339E-06 -2.13086913086E-06 0.000125025402549819 -2.11287903699998E-06 -9.060638298E-06 
173 2.161058094 18.5406999579 2.71137501373 0.000124592963832 -7.4300550718E-06 2.19040613021E-07 0.000124814503698898 -8.607194759E-06 1.5726915739E-05 
174 2.17340751099999 18.5401211112 2.71124785928 0.000123154393363 -6.64955821186E-06 -1.31461156901E-06 0.000123340785762856 -8.28294228499999E-06 3.80113130800001E-06 
175 2.18576517899999 18.5395441472 2.71102373568 0.00012174179845 -5.44481559724E-06 -2.02286168571E-06 0.000121880283377287 -1.215749226E-05 9.916356694E-06 
176 2.198143335 18.5389367958 2.71014724824 0.000123818333759 -6.65643298136E-06 -2.45743527369E-06 0.000124021477426351 -1.2790531325E-05 -4.72673546999999E-07 
177 2.21049878400001 18.5383218576 2.71031199575 0.000122676932474 -7.46014675311E-06 1.56465594639E-06 0.000122913513085579 -1.4861177542E-05 -1.22049769199999E-06 
178 2.22286882399999 18.5377280851 2.70869092884 0.000125587666853 -5.83675358781E-06 -3.67403530363E-06 0.000125776898886231 -6.53201095699999E-06 1.5353039267E-05 
179 2.23521470099999 18.5371253764 2.70852311279 0.000122843548647 -5.62924445775E-06 -4.67632839182E-07 0.000122973348811136 -8.81980211099999E-06 -2.23675678500001E-06 
180 2.24755628099999 18.5365297149 2.7072494729 0.000126825351025 -8.90434556751E-06 2.65227158634E-06 0.000127165213707082 0.0001449241090862 2.4543729262E-05 
181 2.259948092 18.5359369712 2.70703625472 0.000120828430129 -6.80362019313E-06 1.51318745728E-06 0.000121029287825104 -1.1325760314E-05 5.79400025400001E-06 
182 2.27232852500001 18.535365814 2.70650785515 0.000123185686252 -6.33875350582E-06 -2.05516341408E-06 0.000123365784519219 -1.2745252944E-05 1.2961827793E-05 
183 2.28469793799999 18.53476796 2.70560997527 0.000123194156273 -7.29133722052E-06 -1.5415995879E-06 0.000123419367473542 -4.05205445099999E-06 2.43156984799998E-06 
184 2.297021215 18.5341711985 2.70579559113 0.000126380807281 -4.22454686709E-06 -2.55986222287E-06 0.000126477302864307 -8.11818946300001E-06 1.2641977867E-05 
185 2.30936694299999 18.5335720844 2.70490178658 0.000125063619567 -6.25781031875E-06 -7.36559752204E-07 0.000125222249019307 -8.60630635900001E-06 -8.8492453399999E-07 
186 2.321748383 18.5329720973 2.70400484076 0.000124180839242 -6.80986180542E-06 -2.60796162804E-06 0.000124394760808121 -7.65873977999999E-06 1.9553355315E-05 
187 2.33411747900001 18.5323968679 2.7041454723 0.000122939284866 -7.0657638302E-06 -2.02800575488E-06 0.000123158863218241 -1.673555079E-05 1.5324922636E-05 
188 2.34649105899999 18.5318009797 2.70357725661 0.000122757173615 -4.70524477646E-06 -1.70593458343E-07 0.000122847434260866 1.0951044342E-05 3.95948628164E-05 
189 2.35888853500001 18.5312068901 2.70232588392 0.000123147855696 -5.49391536762E-06 -1.37725137458E-06 0.000123278036526943 -9.27363079400001E-06 -4.39735360099998E-06 
190 2.371233762 18.5306301914 2.70289404667 0.00012241556986 -5.85079359338E-06 -3.43807239951E-06 0.00012260352308007 -7.83687597100001E-06 5.044310322E-06 
191 2.38358995499999 18.5300366376 2.70127384312 0.000124904145514 -5.72776547842E-06 -2.16513639824E-07 0.000125035593900755 -6.586959393E-06 4.353391797E-06 
192 2.395976765 18.5294336367 2.70037282872 0.000124776538539 -6.08948475369E-06 3.05848187854E-07 0.000124925417499618 -4.16910605999991E-07 1.0259197824E-05 
193 2.40832638699999 18.5288604338 2.70089592528 0.000123165315242 -6.55663187471E-06 -2.2983971451E-06 0.000123361124061182 5.266573288E-06 3.85005332663E-05 
194 2.420734001 18.528241608 2.69997069348 0.000123635720446 -5.15438744886E-06 -1.48380001295E-06 0.000123752013085254 -1.863201232E-05 -6.30666784699998E-06 
195 2.433160007 18.5276613944 2.69913100947 0.000129164124041 -9.69134926823E-06 -1.76428723407E-06 0.00012953920603185 -5.64296068299999E-06 2.71715107599998E-06 
196 2.445517733 18.5270687846 2.69897620554 0.000122630152908 -6.01448046962E-06 -3.23120055622E-07 0.000122777981674766 -3.01899035999999E-06 6.81121290900001E-06 
197 2.45789582800001 18.5264553678 2.69846658592 0.000122817614979 -5.2347843881E-06 -3.31872829976E-06 0.000122973913795762 -9.236555512E-06 -1.1578002818E-05 
198 2.47025379799999 18.5258699745 2.69790624427 0.00012329174155 -6.35474065236E-06 -1.82388910503E-06 0.000123468873950718 -1.7397909503E-05 -3.98474988399998E-06 
199 2.48261737999999 18.5252578464 2.69703604927 0.000124723781236 -5.87906539275E-06 -5.06172842556E-08 0.000124862274437907 -6.475205121E-06 6.36091307599999E-06 
200 2.495024078 18.5246468269 2.6971987911 0.000123950257341 -6.5002595302E-06 -2.90526037102E-06 0.000124154581899677 2.4585584518E-05 1.6407704565E-05 
201 2.507387381 18.5240276327 2.69667509441 0.000121056732615 -6.50692367245E-06 -1.28397297624E-06 0.00012123828254187 -5.08480299499998E-06 9.31769583999999E-06 
202 2.51980577699999 18.5234121364 2.69538455688 0.000124067794128 -7.16826165749E-06 -1.23427633479E-06 0.000124280830995969 -9.15985050599999E-06 1.303349061E-06 
203 2.53218171 18.5228013582 2.69524815158 0.000124077014541 -4.82585587353E-06 1.98742365853E-06 0.000124186731477715 5.75636794900001E-06 4.96318300000076E-09 
204 2.54455653599999 18.5222028397 2.69510665974 0.000124036304734 -4.69972796408E-06 -3.08674958359E-06 0.000124163683732377 -5.35713872099999E-06 -3.10167213E-07 
205 2.55691147900001 18.521580935 2.69419560041 0.000121962695679 -5.16105264019E-06 -3.19885071405E-06 0.00012211375126305 -1.6651397344E-05 1.6226180058E-05 
206 2.56927552299999 18.5209863393 2.69439137599 0.000122552675416 -5.04186533356E-06 -3.53198653598E-06 0.000122707186368817 -9.41193805799999E-06 3.98285482E-06 
207 2.581739965 18.5203791033 2.69320355556 0.00012408702742 -5.60843621728E-06 -3.18873622824E-06 0.000124254629569559 4.142440949E-05 9.89461584942E-05 
208 2.59417306500001 18.51978631 2.69272560762 0.000123372621609 -5.90999236793E-06 2.80542755567E-07 0.000123514414044289 2.4297574737E-05 -7.63224216000007E-07 
209 2.60650178500001 18.519159179 2.6921516733 0.000121656013171 -5.29167350384E-06 -4.36601394467E-06 0.000121849289808759 -1.1763897065E-05 3.43865244200001E-06 
210 2.618904942 18.5185470071 2.69170605015 0.000123978553848 -4.98816672394E-06 -4.16227047357E-07 0.000124079558616487 -9.93748896800001E-06 9.602682871E-06 
211 2.63130064000001 18.517961456 2.69157433869 0.00012327984702 -5.47059174232E-06 1.20218975101E-07 0.000123401225714689 -4.996950506E-06 -1.0017354108E-05 
212 2.64370672800001 18.5174017683 2.69150892377 0.000124367432466 -5.70851694368E-06 1.47625497301E-07 0.000124498462710062 -1.1834232688E-05 -1.216717884E-06 
213 2.656120079 18.5168275737 2.69110584266 0.000123005137039 -5.21126765715E-06 9.13480025501E-08 0.000123115512398053 -4.073175416E-06 2.94527990799998E-06 
214 2.66859670700001 18.516263325 2.69069401449 0.000125287053758 -5.39795375049E-06 -1.34909735178E-07 0.000125403356991307 3.57907784199999E-06 2.809540381E-06 
215 2.68105072899999 18.5156731734 2.69103864772 0.000124414004417 -8.53171792463E-06 2.60421877587E-06 0.000124733382305024 -2.396243074E-06 -8.923040847E-06 
216 2.69348803099999 18.5151072736 2.68995862861 0.000122776599896 -5.91741987681E-06 1.73358505973E-06 0.000122931341232333 -1.2100578648E-05 2.0885489825E-05 
217 2.70598620999999 18.5145076357 2.68885124675 0.000122177621105 -7.46364301538E-06 2.25174881096E-06 0.000122426089697603 -9.94863798000001E-06 -1.9355478771E-05 
218 2.71844507700001 18.5139021138 2.68883177213 0.000122300439564 -5.35702640268E-06 8.99908825065E-07 0.000122421015701227 3.30622024800001E-06 1.9233910307E-05 
219 2.73088841399999 18.5133013463 2.68881668704 0.000126748726741 -4.54125028042E-06 5.66827695495E-06 0.000126956654210058 1.8469520074E-05 -1.74800631899999E-06 
220 2.74340311099999 18.5126514506 2.68841329861 0.000127716045008 -4.92149968577E-06 6.65620015508E-06 0.000127984039286729 1.54506552899999E-06 -6.57116417499999E-06 
221 2.75587231099999 18.5120667986 2.68763173188 0.000125682880684 -5.43792625953E-06 -1.17559546828E-06 0.000125805959969064 -5.75095177700002E-06 -7.80603814E-06 
222 2.768343921 18.5114756952 2.68724216961 0.000124426714751 -7.22012097075E-06 1.361061873E-06 0.000124643451412343 -3.33810758099999E-06 8.20798239800001E-06 
223 2.780832073 18.5108477048 2.68794213585 0.000126438292872 -6.01075694166E-06 -2.88860277702E-06 0.000126614040016898 -1.92464419299999E-06 -3.56177486699999E-06 
224 2.79331220099999 18.5102355093 2.68681516349 0.000123932270271 -7.69478315806E-06 -1.00243467047E-06 0.000124174965986073 -2.77696897399998E-06 3.21688651900001E-06 
225 2.80580286099999 18.5095923057 2.6856869299 0.000127371000926 -5.06975515641E-06 -1.47238979735E-06 0.000127480360157761 -5.517694247E-06 7.753845163E-06 
226 2.81829347499999 18.5089703085 2.6863745051 0.000125780788997 -7.8720836479E-06 1.25282888424E-06 0.000126033115338313 2.03124423799999E-06 -8.546374543E-06 
227 2.83081186000001 18.5083514878 2.68558156464 0.000123409161452 -7.71924437919E-06 -8.44608527017E-07 0.000123653229750118 -5.337827027E-06 -2.693215831E-06 
228 2.84330463800001 18.5077302039 2.68589512654 0.000126522401881 -5.57807909784E-06 -4.76500931594E-06 0.000126734914123694 1.7359349498E-05 4.97412407781E-05 
229 2.85576047399999 18.5071314484 2.68511884406 0.000124494925728 -7.70137904333E-06 -1.01593107093E-06 0.000124737042962907 8.71724152100001E-06 -1.4425065002E-05 
230 2.86833510100001 18.5065049421 2.68473755988 0.000126551279236 -8.17053717225E-06 -8.50878176394E-07 0.0001268176168662 4.74893938499999E-06 4.242136115E-06 
231 2.880822077 18.5058646266 2.6850156652 0.000128178854563 -6.5634168658E-06 -6.89558296855E-07 0.000128348637268503 -3.488425853E-06 4.177394438E-06 
232 2.89333068400001 18.5052467491 2.68388684253 0.000124738488764 -7.56221393232E-06 1.36840177468E-06 0.000124974998228052 -5.72033499800001E-06 2.76833389000001E-06 
233 2.90585768700001 18.5046192536 2.68344710258 0.000126360837936 -6.54217020769E-06 5.40595002906E-07 0.00012653123566089 -2.202946079E-06 4.00752175900001E-06 
234 2.91835091300001 18.5039847572 2.68300337907 0.000127627114262 -6.34396924883E-06 7.91189255417E-06 0.000128029388362455 4.4377584287E-05 -1.12877494676E-05 
235 2.93087292499999 18.5033620658 2.68262515186 0.000125219918922 -6.29363274261E-06 3.29754796692E-08 0.000125377984492148 -2.3785835400001E-07 -1.0282102933E-05 
236 2.94342346299999 18.5027004286 2.68254691696 0.000125602816074 -8.71713792419E-06 1.39465115694E-07 0.000125905025117455 -2.21683884000002E-06 -2.0417502483E-05 
237 2.95595045100001 18.5020613126 2.6828203517 0.00012520371261 -6.60252351951E-06 -5.21049925881E-07 0.000125378763996055 -1.204747865E-06 -1.4518591236E-05 
238 2.96847493600001 18.5014748601 2.68207204867 0.000125469069594 -5.90808576064E-06 8.18923151114E-09 0.000125608092769545 -3.60487021500001E-06 -1.4216265549E-05 
239 2.981028154 18.5008448976 2.68163435896 0.000125591986137 -7.54007788839E-06 -7.77284835912E-07 0.000125820522682572 9.321612267E-06 1.1553546829E-05 
240 2.99358057800001 18.5001966404 2.68154975264 0.000125694417718 -7.33424421709E-06 -1.39042449312E-07 0.000125908288513925 -5.24053705999999E-07 4.67067135E-06 
241 3.00612007800001 18.4995762961 2.68146382595 0.000128153188037 -7.34026686458E-06 -2.12801521501E-06 0.000128380869176234 5.6639204394E-05 -4.39984303567E-05 
242 3.018681829 18.4989396717 2.68072412279 0.000127563006479 -4.59767445854E-06 -7.69386943851E-07 0.000127648153878767 -2.200772494E-06 -2.91452508232E-05 
243 3.03123239000001 18.4983163192 2.67990795699 0.000124591610679 -6.19825858003E-06 2.13343551574E-07 0.000124745875188254 4.87837828999995E-07 1.69040766799999E-06 
244 3.04380988700001 18.4976600864 2.67946263539 0.000131338597997 -7.54795681543E-06 -1.17729345923E-06 0.000131560575385616 3.4501712171E-05 -7.40268905500001E-06 
245 3.056406358 18.4970318507 2.67945252354 0.000123967481782 -5.74320744004E-06 5.82340987048E-07 0.000124101813411791 8.23109902000019E-07 -6.905133202E-06 
246 3.06808786400001 18.4960564002 2.67969697497 0.000116734359688 -9.39154317465E-06 2.22611305072E-06 0.000117132691398615 -1.0993795316E-05 -2.6081536904E-05 
247 3.080014159 18.4951810661 2.67952561443 0.000122901581541 -7.06068951618E-06 -6.75225061639E-07 0.000123106084376877 -6.60945337000016E-07 -1.27138653900001E-06 
248 3.092251619 18.4943375986 2.67959825325 0.000122512924597 -6.93706726556E-06 5.51794068278E-07 0.00012271040735101 -7.061643816E-06 -9.78398011399999E-06 
249 3.10446557 18.4935298474 2.67814936361 0.000122125563602 -7.0496572563E-06 1.19806649681E-06 0.000122334730620001 -1.1175757329E-05 -7.74077907199998E-06 
250 3.116724844 18.4927716702 2.67817157695 0.000121826565324 -7.36903390866E-06 1.9734013563E-06 0.000122065183374715 -5.11655783999988E-07 -3.828398846E-06 
251 3.129009217 18.4920547017 2.67857857483 0.000123170263304 -5.53181040914E-06 6.49354858357E-07 0.00012329613274759 1.0924777982E-05 2.4327244208E-05 
252 3.14129814099999 18.4913249668 2.67753606459 0.000124461344441 -5.95467916524E-06 5.63753099287E-07 0.000124604984978849 7.506522576E-06 2.0211164334E-05 
253 3.15359569500001 18.4905937245 2.67756148722 0.00012262272722 -6.30511065884E-06 1.42804203718E-07 0.000122784803800517 1.20328817600001E-06 -9.2078044027E-06 
254 3.16589991699999 18.4898752359 2.67758769252 0.000123541184053 -5.93342803175E-06 -1.18707444382E-06 0.000123689283574449 -6.368421445E-06 1.5702304142E-05 
255 3.17823630500001 18.4891516013 2.67721655464 0.000124797819713 -6.48341389137E-06 7.92338540651E-07 0.000124968629108142 2.6314098418E-05 2.0846481756E-05 
256 3.19059862399999 18.4884257634 2.67650574897 0.000122831913199 -6.74421091457E-06 1.14668209027E-06 0.000123022266930841 -1.0175143879E-05 2.89793157531E-05 
257 3.20300388800001 18.4876926617 2.67648386221 0.000123489175156 -6.77977222582E-06 6.69505490868E-07 0.000123676957958003 -4.15011651599999E-06 -4.201639548E-06 
258 3.215379638 18.4869928095 2.67611672884 0.00012273700792 -6.84450449948E-06 1.01543367418E-06 0.000122931897652905 2.30973744500001E-06 -1.62704660955E-05 
259 3.22776973800001 18.4862881328 2.67647270513 0.000121911765995 -6.67687187365E-06 5.68242844716E-07 0.000122095791106685 -3.80554539399999E-06 -6.03260215E-07 
260 3.240127898 18.4855939657 2.67611411833 0.000122506704142 -7.68725648746E-06 2.35287912607E-06 0.000122770202053354 6.166752963E-06 1.0760838498E-05 
261 3.25251753800001 18.4848919667 2.67429563115 0.000126528778926 -6.68058032884E-06 7.72622743913E-08 0.00012670504338618 6.7217114037E-05 7.96503822178E-05 
262 3.26493143100001 18.4841950897 2.67465394163 0.000123740666716 -5.9346381637E-06 6.41396938496E-07 0.00012388455884204 -9.57322133800001E-06 2.966182629E-06 
263 3.277311537 18.4835404002 2.67462199187 0.000126097210608 -5.59650961345E-06 -1.89626192724E-06 0.000126235586314907 -4.63493476499999E-06 2.369427864E-05 
264 3.28982506700001 18.4828536678 2.67450066296 0.00012572317505 -6.92436616156E-06 -1.65544704935E-06 0.00012592459686783 8.317486278E-06 1.2522325858E-05 
265 3.30223333999999 18.4821702059 2.67412653397 0.000126947223022 -3.1577683288E-06 3.48942843398E-07 0.000126986970571487 8.07397057999999E-07 -1.0897507044E-05 
266 3.314686658 18.481503253 2.67339077415 0.000122548577026 -8.253427422E-06 1.41021069964E-06 0.000122834284666477 4.613089507E-06 -2.14405543191E-05 
267 3.327147991 18.4808309555 2.67371897698 0.000125295208324 -6.01904273104E-06 2.64794445087E-07 0.00012543997855728 4.77575435000001E-06 2.69462516699999E-06 
268 3.33958339500001 18.4801805395 2.67293711172 0.000126301997978 -5.410241532E-06 -1.32503212925E-06 0.00012642476465002 -2.47256343299999E-06 1.4158869856E-05 
269 3.352083483 18.4795395946 2.67256158773 0.00012504414892 -7.26628108022E-06 -1.75520157026E-06 0.000125267389022108 2.326715786E-06 1.7506334503E-05 
270 3.364572329 18.4788897203 2.67143630601 0.000123359119807 -5.89455381178E-06 -2.18451497564E-08 0.000123499873204017 3.18080669199999E-06 1.5149365271E-05 
271 3.37709709200001 18.4782257025 2.67172764075 0.000127134085049 -5.40214097292E-06 5.89468352616E-07 0.000127250171635548 3.7293257909E-05 5.83427012412E-05 
272 3.38960935200001 18.4776011606 2.67169910667 0.000123552510194 -8.60566066805E-06 -6.89767998061E-07 0.00012385376841527 -6.74874260000048E-08 2.0433806136E-05 
273 3.40211102800001 18.4769892934 2.67127545711 0.00012259347012 -6.56968506621E-06 4.17588429047E-07 0.000122770086169346 -1.6314589454E-05 2.48456399999989E-08 
274 3.414617214 18.4763762809 2.66974040586 0.000130696143601 -8.58803193259E-06 2.66475969735E-07 0.000130978270159942 3.3053227517E-05 -1.40222652644E-05 
275 3.42716311500001 18.4757379441 2.66963957515 0.000125519993298 -4.31702931971E-06 -6.84342864071E-06 0.000125780515085754 -3.86036363700002E-06 -7.40714401599999E-06 
276 3.43971734300001 18.4751113356 2.67026024773 0.000130678268714 -1.12566572156E-05 -3.00806624002E-08 0.000131162201684038 -3.71428094900003E-06 1.4732657694E-05 
277 3.45232994700001 18.474503701 2.67019232656 0.000126702028026 -5.95572587938E-06 -8.77887290147E-07 0.000126844965460777 6.680538512E-06 5.64650479400001E-06 
278 3.465000309 18.473934584 2.66904009014 0.000125712618924 -5.52153048247E-06 2.87529816702E-07 0.0001258341469117 5.45721099400002E-06 -3.444433812E-06 
279 3.47755164 18.473345995 2.6689606801 0.000124748652335 -5.24985699479E-06 2.70530166835E-08 0.000124859072516698 -1.0908820131E-05 3.102125979E-06 
280 3.49012876200001 18.472754479 2.66852720928 0.000126179299482 -6.02504062065E-06 -4.44295122132E-07 0.000126323846246084 2.979229468E-05 3.2447391392E-05 
281 3.502743646 18.4721699811 2.66772583406 0.000127741273481 -7.1610811476E-06 -9.16574977896E-07 0.000127945121608603 -1.14140910900001E-06 8.29525579900001E-06 
282 3.515285869 18.471584284 2.66837326501 0.000126807614248 -4.40923388999E-06 -3.73399973481E-07 0.0001268847973648 -1.98246103700001E-06 1.4768501744E-05 
283 3.52793539499999 18.4709864946 2.66715351181 0.000126440858815 -5.19816695442E-06 -1.7290048724E-06 0.000126559476829709 -3.38490807599999E-06 -3.28848059399999E-06 
284 3.540519778 18.4704260772 2.66634688395 0.000125514083852 -6.52214506878E-06 9.47479813112E-07 0.000125686997495769 -4.17939671999999E-06 -1.75512571777E-05 
285 3.553102886 18.4698435851 2.66626750806 0.00012511978889 -4.64184832294E-06 2.69668061468E-07 0.000125206154196168 -9.71322707500002E-06 1.188815067E-05 
286 3.565692278 18.4692857713 2.6662066442 0.000126753468921 -4.56911917821E-06 5.70369967903E-07 0.000126837076816962 5.88956884300002E-06 -5.55447366600001E-06 
287 3.57825530299999 18.4687121326 2.66581006899 0.000125140686226 -5.49276038823E-06 -2.55246232036E-07 0.000125261434274224 -5.532268428E-06 -5.45679378700001E-06 
288 3.59085067000001 18.468138321 2.66641303908 0.000124312684905 -6.27264553502E-06 1.7352265536E-07 0.000124470959747283 -1.975605252E-06 -4.043073987E-06 
289 3.60343883799999 18.4675988314 2.66557323719 0.000124474524111 -5.07875394325E-06 -6.57757568484E-08 0.000124578108914553 -2.32007316000013E-07 -1.2146668999E-05 
290 3.615991377 18.4670467907 2.66478501784 0.000126009190649 -4.9878257269E-06 -4.64760698552E-07 0.000126108725058994 -2.71051883799999E-06 -4.880898796E-06 
291 3.62857189799999 18.4664582553 2.66506644429 0.000124915184728 -6.73980189951E-06 2.11290803518E-07 0.000125097054118307 -1.87222782999999E-06 8.685623137E-06 
292 3.64117896299999 18.4658881339 2.66389062258 0.000124864749457 -5.59210111665E-06 1.1530690988E-07 0.000124989961787104 -6.09867246200002E-06 -1.98700973156E-05 
293 3.65381421199999 18.4653036629 2.66310334782 0.000125967889304 -5.80376591425E-06 -7.26343582434E-08 0.000126101538889271 2.147058784E-06 -1.5100547693E-05 
294 3.66644143799999 18.4647748796 2.66334489963 0.00012466761069 -4.72322298787E-06 4.11780089039E-07 0.000124757731437327 2.037296835E-06 -1.9214308073E-05 
295 3.67898065200001 18.46424117 2.66329709856 0.000124467354409 -5.15894377812E-06 -3.58627048813E-07 0.000124574739124116 -9.67215985999999E-06 -5.00876899899999E-06 
296 3.69156114500001 18.4636758072 2.66252389215 0.000125437972883 -5.55486765468E-06 -6.8266902522E-07 0.000125562763718609 -3.613003511E-06 2.199997805E-06 
297 3.70416786499999 18.4631092217 2.66243179612 0.000128179541623 -4.10417146338E-06 -2.24971586288E-06 0.00012826496144913 5.64925486499999E-06 -5.240445892E-06 
298 3.71677489300001 18.4625574587 2.66194016447 0.000125655974165 -5.23827047292E-06 -2.67402841673E-07 0.000125765395976725 -6.51537731000004E-07 -6.92980833600001E-06 
299 3.72938774299999 18.4619901173 2.66188660197 0.000127526530386 -4.98834151596E-06 -3.05121369823E-07 0.000127624420086524 7.61127407499998E-06 -3.38625630433E-05 
300 3.741970495 18.4614496595 2.6614397224 0.000124983295333 -5.15974493593E-06 -1.13391267895E-07 0.000125089807489177 -9.278063785E-06 -1.5486590622E-05 
301 3.754553004 18.4609205397 2.66100718405 0.000125551377055 -4.90646366798E-06 1.87913764815E-09 0.000125647211149564 -4.5160689000006E-08 -7.1709030649E-06 
302 3.76717651600001 18.4603682016 2.66090408833 0.000123999226385 -4.64538208383E-06 -1.00284055701E-07 0.000124086251356365 2.1559579013E-05 2.14435995E-05 
303 3.77976518700001 18.4597957028 2.65979404397 0.000125906196475 -5.90208240004E-06 7.0423783465E-07 0.000126046423346265 3.31267636999999E-07 -3.45925730618E-05 
304 3.79235189600001 18.4592221929 2.65969457921 0.000127238845707 -4.52788696213E-06 1.61548270047E-06 0.000127329632849338 5.71441008900001E-06 -8.1634763300001E-07 
305 3.804969395 18.4586522712 2.65961756812 0.000125277050638 -5.42346098155E-06 -8.67348579928E-07 0.000125397390878493 -6.85483916400001E-06 -1.47914906949E-05 
306 3.81760938900001 18.458104794 2.6591281886 0.000126575211174 -5.04629856042E-06 -1.77397860253E-06 0.000126688184977865 1.062872599E-06 4.180589472E-06 
307 3.83023056799999 18.4575621974 2.6594314216 0.000125399981659 -5.38287877661E-06 -1.79847717153E-07 0.000125515589187967 2.57280358200002E-06 8.636738346E-06 
308 3.84279319199999 18.4570341194 2.65901876087 0.000127016938757 -4.9545460903E-06 -2.65211041139E-06 0.000127141196894612 -4.24831285500001E-06 -1.177644963E-05 
309 3.85537514800001 18.4564856262 2.65931268794 0.000124086970484 -2.13404123181E-06 1.01273089765E-05 0.000124517841143274 -4.740038817E-06 -1.8914785042E-05 
310 3.86802020299999 18.4559486283 2.65885147653 0.000124443437381 -7.53555139263E-06 1.79421067804E-06 0.000124684292651268 1.45270914899998E-06 -1.2989236086E-05 
311 3.88060429999999 18.4554091308 2.65830074827 0.000124685900771 -4.93618208989E-06 6.47110796686E-08 0.000124783588392962 -5.512720145E-06 3.799231025E-06 
312 3.89322367400001 18.4548650248 2.65787354288 0.000125743209942 -5.49758689919E-06 -4.86368128853E-07 0.000125864271587249 -1.61958259300001E-06 -4.959097646E-06 
313 3.90580501299999 18.4542888914 2.65671113437 0.000125187513887 -7.43247202745E-06 1.83244688982E-07 0.000125408089261669 -1.2710701461E-05 2.00497615000005E-07 
314 3.91847148599999 18.4537125652 2.65696018083 0.000124290413451 -6.70423098128E-06 5.98327954488E-06 0.000124614819435664 2.6371109403E-05 -4.02023000599E-05 
315 3.931125417 18.4531969361 2.65655335388 0.000126842031121 -3.38050049982E-06 -2.87702509684E-07 0.000126887396597393 -1.74070938399999E-06 -1.3222067333E-05 
316 3.94373561099999 18.4526739097 2.65576384676 0.000124884954568 -5.50987291059E-06 3.38789856262E-07 0.000125006901231528 -4.71003316700002E-06 -1.7237454073E-05 
317 3.956392123 18.4521611752 2.65598243692 0.000123718688689 -4.01127053383E-06 -2.56563284849E-05 0.000126414601267205 5.76701609999932E-08 2.8785241647E-05 
318 3.96901779800001 18.4516147658 2.65518471273 0.000125226127553 -4.80805589031E-06 -1.85096052836E-06 0.000125332064844724 -9.75368818400001E-06 -1.4824600196E-05 
319 3.98162164999999 18.4510643383 2.65474215708 0.000126829822514 -5.13501457493E-06 -2.6248774789E-06 0.000126960868913995 -9.24722411E-06 -1.7831295171E-05 
320 3.99423900299999 18.4505158244 2.65468579947 0.000125584809384 -4.68889557583E-06 -1.06566301306E-07 0.000125672357525882 6.38413980999996E-07 -6.95571492700001E-06 
321 4.00687478100002 18.449962798 2.65426007818 0.000125675520883 -5.10814830603E-06 -3.02207057076E-07 0.000125779652795812 9.6771924399999E-07 -1.87729542828E-05 
322 4.019477537 18.4494210468 2.65488552419 0.000128940355946 -4.69933431623E-06 -2.94370602935E-06 0.000129059538739622 -1.65062085299999E-06 -2.15409960445E-05 
323 4.03213408900001 18.4488755463 2.65372729247 0.000127684382794 -4.54902379726E-06 -1.5340474988E-06 0.000127774600483513 -5.52890549199999E-06 1.782072123E-06 
324 4.04472528100001 18.4483585221 2.65432322613 0.000125311791239 -4.35264685923E-06 -8.62357300671E-07 0.000125390327451211 -1.9472576761E-05 -1.5996849781E-05 
325 4.05739848399998 18.4477950182 2.65313281398 0.000125596935997 -5.2888768611E-06 -1.15245666072E-06 0.000125713526347172 -6.66306748599998E-06 -2.5866962795E-05 
326 4.06995938 18.4472496547 2.65266579503 0.000126844791936 -5.6638175294E-06 -2.22496744928E-06 0.00012699067111581 -3.23861893900001E-06 -1.6238548727E-05 
327 4.08257296400001 18.4467135886 2.65296643175 0.000126207889229 -4.92946922243E-06 3.61165952734E-07 0.000126304637330938 3.07860014299999E-06 -1.1209677174E-05 
328 4.09520541000001 18.4461453211 2.65145223652 0.000124697208933 -7.27041852687E-06 1.73499650999E-06 0.000124921027509886 -3.06408809899999E-06 6.76357798599999E-06 
329 4.107846532 18.4455826733 2.65138951169 0.000126642482299 -6.07993250052E-06 -8.43645047879E-07 0.000126791149687311 1.24390296000001E-06 3.513717344E-06 
330 4.12045658699998 18.445005753 2.65126463376 0.000127885349562 -5.41247915156E-06 -7.72264764254E-07 0.00012800216387244 -1.0036481626E-05 3.08220424611E-05 
331 4.13302321100002 18.4444632554 2.65120823998 0.000124785335719 -5.35797693516E-06 -6.04908699897E-08 0.000124900326606805 -7.423852214E-06 -1.0363078634E-05 
332 4.14565899600001 18.443895882 2.65116417759 0.000125895759164 -6.44008863456E-06 -3.56598093133E-07 0.000126060874498398 -3.762873655E-06 -1.0708567023E-05 
333 4.15825821200002 18.443352881 2.65004805795 0.000125986143413 -5.18365843709E-06 -1.24185758264E-06 0.000126098853512349 -5.460179402E-06 5.888323192E-06 
334 4.17082821999998 18.4428048522 2.65069664419 0.000125501269772 -5.98238534534E-06 -2.74060200943E-06 0.000125673658927313 1.4457463135E-05 -1.2676472735E-05 
335 4.18342959199998 18.4422508758 2.65059067663 0.000125677454935 -4.92917874992E-06 -2.1542829511E-07 0.000125774265616771 -9.97491916600001E-06 -3.236306633E-06 
336 4.19602234000001 18.4417056338 2.65053642835 0.000125379113265 -5.58390063096E-06 -2.89362173983E-07 0.00012550372791213 4.01821057000002E-07 -2.96178967101E-05 
337 4.20862539500001 18.441121076 2.64938813375 0.000125604047052 -6.00120011912E-06 -1.1883688385E-05 0.000126307612946895 1.6112430872E-05 5.04790445931E-05 
338 4.22118562200001 18.4405611086 2.64958023224 0.000125487455626 -5.34411875668E-06 1.71774695066E-07 0.000125601316200582 -7.15680123999999E-06 -3.09805580565E-05 
339 4.23378656800003 18.4399915255 2.6487953151 0.000127078295881 -5.0891474613E-06 -2.60458393821E-06 0.000127206825930816 -1.07172568999998E-06 -1.6259561744E-05 
340 4.24635508099999 18.4394118621 2.64840465327 0.000124272625462 -6.29063811441E-06 4.29930467383E-08 0.000124431746011647 -4.12925980299998E-06 -3.39403601128E-05 
341 4.25893629000001 18.4388436543 2.64762303814 0.000127688798706 -1.05229204887E-05 -4.53596987364E-05 0.000135914176744186 -0.00012216381753145 -2.3201367897E-05 
342 4.271601041 18.4382273455 2.64772573379 0.00012489537028 -5.26976118549E-06 -0.00141573043912 0.00142123864996391 -5.609323536E-06 -1.82029165966E-05 
343 4.28415101000002 18.4376472207 2.64710287863 0.000123573965098 -6.1883967633E-06 -1.77961641853E-07 0.000123728948815092 -8.99962924700001E-06 -1.2872373919E-05 
344 4.29673007100001 18.4370509697 2.6474208697 0.000130235416206 -7.91714853407E-06 2.05536727811E-07 0.000130476002087001 2.4422612944E-05 -5.22107180264E-05 
345 4.30935953199997 18.4364784547 2.64703412258 0.000126199006101 -6.56812816346E-06 -2.31384264797E-07 0.00012637002408455 -4.617504942E-06 -2.48241523331E-05 
346 4.32192955599999 18.4359051022 2.64736224414 0.000127358765561 -4.8645593189E-06 -2.51838414086E-06 0.00012747651297894 -9.41985181999999E-06 -7.4280484472E-06 
347 4.33451519499999 18.4353079517 2.64660030999 0.000124388481848 -6.92794107955E-06 9.5429911559E-07 0.000124584916706855 -8.48257396999998E-07 -6.192751412E-06 
348 4.34713779700002 18.4347037737 2.64654395028 0.000126051770624 -6.30256262353E-06 -1.65754500195E-07 0.000126209344533689 -2.54054993000002E-06 7.563246161E-06 
349 4.35970758100001 18.4341143907 2.64580780022 0.000124957032488 -5.05656841149E-06 -6.67800506934E-07 0.000125061084314123 -5.25646805600002E-06 8.083838603E-06 
350 4.37229022399998 18.4335431621 2.64569214241 0.000123884569982 -6.29847489636E-06 1.38400758037E-06 0.000124052299223463 -1.7541629102E-05 4.07681392164E-05 
351 4.38488074999998 18.4329586318 2.64528068527 0.000125675101185 -1.64464641671E-06 1.20724628064E-05 0.000126264327020374 1.414374992E-06 -1.37083870382E-05 
352 4.39743353400002 18.4323520685 2.64490937748 0.000126154189016 -7.63078601714E-06 6.85178291841E-07 0.000126386620220717 -1.66856276499999E-06 3.753266512E-06 
353 4.41003503100001 18.4317450527 2.64417160725 0.000124501716541 -6.77435490424E-06 3.06014572202E-06 0.000124723429225884 2.12834993000013E-07 -2.1170882321E-05 
354 4.422657453 18.4311396522 2.64414938722 0.000124376934783 -5.15781097429E-06 2.81891858565E-07 0.000124484153140394 -1.1322310873E-05 -2.54335452188E-05 
355 4.435208692 18.4305500785 2.64417850313 0.000126207224776 -5.35726890007E-06 -1.58653424201E-07 0.000126320976431614 -9.642617832E-06 -1.4211092826E-05 
356 4.44778847399999 18.4299479444 2.64383946245 0.000124713004156 -5.15644800273E-06 4.76524921748E-08 0.000124819568307134 -3.917879276E-06 -3.08667539929E-05 
357 4.46036872799999 18.429339869 2.64383646243 0.000119956680726 -4.01412499318E-06 1.4885055077E-05 0.000120943306201318 1.9423116748E-05 -2.37919066829E-05 
358 4.47292354699999 18.4287346015 2.64413142478 0.000122566663031 -7.59557093261E-07 1.66613994315E-05 0.000123696265281328 -1.0272397475E-05 -3.05039612233E-05 
359 4.48548332399997 18.428133236 2.6434127849 0.000126234199978 -6.61299085585E-06 -3.29428774037E-07 0.000126407726881953 4.35490017999991E-07 -9.76318423E-06 
360 4.498090934 18.4275430891 2.64299712268 0.000125054629584 -5.1707678054E-06 -7.55764663395E-08 0.000125161507389017 -4.286793297E-06 -5.527472535E-06 
361 4.51063674900001 18.4269701982 2.64338281071 0.000124200396731 -6.00661740975E-06 2.574171363E-07 0.000124345825279448 -1.5725182103E-05 -4.308163459E-06 
362 4.52317642999998 18.4263588918 2.64267764612 0.000125097943156 -5.53126558888E-06 -7.8982238077E-08 0.000125220192137971 -1.2587111985E-05 -3.571363174E-06 
363 4.535775882 18.4257236355 2.64227968192 0.000127018673023 -2.02650782731E-06 2.17945071856E-07 0.000127035024818167 -6.34442666499999E-06 -3.198219506E-06 
364 4.54836742499998 18.4251116462 2.64263356408 0.000125329747041 -5.20200491141E-06 -1.08601292083E-07 0.000125437706223847 -8.30923284000012E-07 1.0495459209E-05 
365 4.56096265899998 18.4245183065 2.64260841703 0.00012586583762 -5.46909850378E-06 -2.42911562164E-07 0.000125984836882282 -1.2515248412E-05 -4.73984474547E-05 
366 4.57352792900002 18.4239518078 2.64151825436 0.000127116316155 -7.98209652614E-06 2.93415521837E-07 0.000127367020026532 -8.039547015E-06 -1.6193441737E-05 
367 4.586091426 18.4233826786 2.64077475678 0.000125818303383 -5.10073951646E-06 -1.76778166236E-07 0.000125921778340013 -5.425106856E-06 7.39869793600001E-06 
368 4.59869713900002 18.4227363142 2.64073320944 0.000124777304455 -6.86191538151E-06 1.97467306387E-06 0.000124981442316321 -1.0785980213E-05 -3.05180804165E-05 
369 4.61125542100001 18.4221354628 2.63999797717 0.000125517046914 -6.58083629711E-06 4.15684661466E-07 0.000125690131936117 -9.339837259E-06 8.48925493600001E-06 
370 4.62377886199999 18.421567958 2.63997185216 0.000124447301359 -3.22747936406E-06 -2.43474392289E-06 0.000124512952806338 -1.3822431731E-05 -1.138578537E-05 
371 4.63638185600001 18.4209775293 2.63962641778 0.000126089837277 -5.04319242092E-06 -1.65758078748E-06 0.000126201538930402 6.76584673000002E-07 -6.9736668425E-06 
372 4.64891329300002 18.4203691329 2.64034173019 0.000124265909006 -5.73757574975E-06 1.17111554036E-06 0.000124403807932798 -1.1893860968E-05 -3.00154540598E-05 
373 4.66148473300001 18.4197933928 2.6395561999 0.000125797791361 -5.46515250386E-06 -5.13498558394E-08 0.000125916459766005 5.04570935000009E-07 2.18037286800001E-06 
374 4.67407565299999 18.4191922174 2.63880080605 0.000124397645683 -6.89585674498E-06 3.40456988512E-06 0.000124635140260775 5.90868379700001E-06 -4.7483955539E-05 
375 4.68659627099998 18.4186055085 2.63916428921 0.000124569318414 -6.1605833175E-06 8.41131290533E-07 0.000124724397688617 -5.40208833100001E-06 -1.8920779729E-05 
376 4.69920408500002 18.4180004706 2.63945903889 0.000126274001941 -5.71983083093E-06 -3.59812459826E-07 0.000126403993196166 -4.21217169000002E-07 -1.95040763612E-05 
377 4.71175753199998 18.4174325413 2.63870235179 0.000125735170943 -5.41063813773E-06 -3.14144734435E-07 0.000125851924514634 -1.1557066858E-05 -1.108143371E-06 
378 4.72433465400002 18.4168426691 2.63899303156 0.000125878427579 -5.69241473165E-06 -1.95516487353E-07 0.000126007223372057 2.54936951500002E-06 3.49429597400001E-06 
379 4.736924757 18.4162533091 2.63826277213 0.000125128285522 -5.51197336108E-06 -2.10918417873E-07 0.000125249807084033 -1.5531532075E-05 1.91459184400001E-06 
380 4.74949419900003 18.4156839556 2.63853743534 0.000125190375664 -5.01296446983E-06 -1.05523727008E-07 0.000125290746294075 -4.972843076E-06 -2.50063167038E-05 
381 4.76204634200002 18.4150912091 2.63712909502 0.000125467152451 -5.09107448053E-06 1.69032961677E-08 0.000125570401246672 -1.6335750779E-05 1.4713662405E-05 
382 4.774649952 18.4144939568 2.63780666019 0.000124850879813 -5.2803065745E-06 -8.32879672856E-07 0.000124965265238587 -8.89887919999999E-06 3.16390835307E-05 
383 4.78717398499998 18.4139141407 2.63671643134 0.000126218530976 -6.25730205609E-06 3.21792089117E-07 0.000126373948822173 -1.4820498311E-05 -4.37000005325E-05 
384 4.79974370299999 18.4133197981 2.63634595829 0.000125905765682 -4.49328822176E-06 -5.11883704075E-08 0.000125985928147805 -3.016291363E-06 -1.5601902684E-05 
385 4.81232617699999 18.4127285998 2.63667146264 0.00012671384593 -5.56253320047E-06 4.35778386666E-07 0.000126836628892368 2.246081575E-06 -1.14260078462E-05 
386 4.82488096499998 18.4121076382 2.63665006752 0.000128619815496 -5.90809665889E-06 1.97414900132E-06 0.000128770570429098 -4.914710772E-06 8.26675098000013E-07 
387 4.83748505099999 18.4115128544 2.63625677573 0.000125980643423 -5.41395829429E-06 2.46854088489E-07 0.000126097162532019 -5.834772002E-06 -2.00993170941E-05 
388 4.85003984100001 18.4109467153 2.63515829854 0.000124110201804 -5.38060755778E-06 6.93393060438E-07 0.000124228716178896 -9.44637714300002E-06 -1.201278902E-05 
389 4.86257484999999 18.4103472439 2.63551442806 0.000125871978004 -5.98273888583E-06 1.30792585205E-06 0.000126020866054991 -2.52501045900001E-06 2.3533198554E-05 
390 4.87511896299998 18.4097490092 2.635178928 0.00012420624824 -5.96314492391E-06 7.59174115925E-07 0.000124351628636614 -1.9920587095E-05 -9.81304231500001E-06 
391 4.88769328299998 18.409127907 2.63475499652 0.000124899122008 -6.60385353076E-06 1.17086382484E-06 0.000125079064922637 -5.01678649900001E-06 -6.818860264E-06 
392 4.90028950700003 18.4085260867 2.63510237599 0.00012545724075 -4.9611226769E-06 -1.61795433635E-07 0.000125555398818932 -2.77683886400001E-06 -5.45005079919E-05 
393 4.91283049100002 18.4079724021 2.63474510048 0.000124517590968 -4.82389239896E-06 3.12307138833E-08 0.000124611000211492 -9.28953800199999E-06 -1.5482415921E-05 
394 4.92539453799998 18.407386469 2.6350923619 0.000124322618541 -7.30538560463E-06 1.98528212705E-06 0.000124552894325452 -3.29413568599999E-06 -4.89664110500001E-06 
395 4.93793427600002 18.4067944302 2.63327028263 0.000124462914026 -6.83095128044E-06 6.7345276694E-08 0.000124650244278242 -1.2469140486E-05 -7.81075723099999E-06 
396 4.950490092 18.4062007612 2.63400643539 0.000125314459518 -5.37758057608E-06 -1.80179442586E-07 0.000125429919085409 -7.23144810599999E-06 3.246175534E-06 
397 4.96303422199998 18.4056332953 2.633231332 0.000124044156035 -6.43277004889E-06 1.95207918314E-06 0.000124226179970546 -7.01309733999999E-06 9.72163742799999E-06 
398 4.97558760800001 18.4050568475 2.63398984086 0.000125269473118 -5.16114207328E-06 -6.38146954795E-08 0.000125375764624098 -1.77088333900001E-06 9.155454871E-06 
399 4.98816470000003 18.4044525646 2.63253873999 0.000124779487487 -4.43189791222E-06 -5.02690260737E-08 0.000124858178521063 -2.4051038842E-05 5.251089441E-06 
400 5.00069948999999 18.4038731979 2.63287940595 0.000128015384132 -6.23305095396E-06 3.61072585852E-08 0.000128167042574885 -4.62675783399999E-06 -1.7902787472E-05 
401 5.01325410300001 18.4033097238 2.63215607545 0.00012082078574 -4.77055144981E-06 1.53271423718E-05 0.000121882491446687 -2.2495509957E-05 1.01572287299E-05 
402 5.026179173 18.4024557289 2.63176537459 0.000131094914539 -9.86993222045E-06 -6.63114403203E-06 0.00013163306670893 -7.46839164099999E-06 -1.156605751E-05 
403 5.03895272300002 18.4017139033 2.63119619295 0.000125449138888 -6.98330285676E-06 3.4121534722E-07 0.000125643819563252 -5.141523552E-06 1.5446282808E-05 
404 5.05157985900001 18.4010572813 2.63114774584 0.000125416092271 -8.48819665078E-06 1.91074419968E-06 0.00012571752712453 -5.77037116699999E-06 -3.1589445397E-05 
405 5.06419674799997 18.4004554818 2.62996458405 0.000124890604008 -5.48680435977E-06 9.45203418687E-07 0.000125014644746398 -1.4775888924E-05 1.382786129E-05 
406 5.076828062 18.3998210062 2.63100674483 0.000141139499564 -9.00623606542E-06 0.000175789077124 0.000225617530926455 5.849672237E-06 -1.54886005463E-05 
407 5.08943842500003 18.3991884055 2.62990200582 0.000123750380344 -2.92982656274E-06 -3.23911922647E-07 0.00012378548153118 -7.41092604799999E-06 4.092876302E-06 
408 5.101996133 18.3985327781 2.62985916625 0.000126513185994 -7.14214641385E-06 -3.0061347905E-07 0.000126714982753474 -2.0385368716E-05 1.453535659E-05 
409 5.11461988600001 18.3979004235 2.63014124499 0.000124814930562 -8.26106360602E-06 1.74541612449E-06 0.000125100194006833 -8.759001809E-06 0.000152614971259 
410 5.12719272700002 18.3973144103 2.63016370506 0.000124029415872 -6.15856791273E-06 1.42533430121E-06 0.000124190400346224 -6.49267803599999E-06 -1.93743697481E-05 
411 5.13977573199998 18.3967021771 2.6294083266 0.000125506402236 -4.31540947451E-06 6.30350511179E-08 0.00012558058661503 -8.460516771E-06 -5.4132547568E-05 
412 5.15230821900002 18.396089025 2.62940307547 0.000127026778985 -7.617632025E-06 -4.43427645793E-07 0.000127255756353296 -1.2432889217E-05 4.157228504E-06 
413 5.16488466300001 18.3954552493 2.62969272512 0.000127429583359 -7.13304993913E-06 -2.34426185106E-07 0.000127629283756193 -1.0735325849E-05 4.35477682699999E-06 
414 5.17744053500002 18.3948912868 2.62927457033 0.000127201249181 -5.70916069464E-06 -5.80162911093E-06 0.00012746141066764 -3.61098768000002E-06 1.0105969523E-05 
415 5.190024569 18.3943016474 2.62926099997 0.000125893964142 -6.1947661674E-06 4.2897018443E-08 0.000126046289812156 -1.0967078105E-05 -9.02037682000016E-07 
416 5.20258009100002 18.3936946521 2.62814411736 0.000125303563128 -8.65918362717E-06 1.89724786016E-06 0.000125616734327496 -2.1400835884E-05 -2.0005800572E-05 
417 5.21513901100002 18.3930693143 2.62744236703 0.000134600888267 -5.91005874591E-06 -3.6508612314E-05 0.000139589421840408 -3.4653026941E-05 3.87454669683E-05 
418 5.22774206700001 18.3924484859 2.62771855274 0.00012511302412 -5.25602337611E-06 -1.40796166109E-07 0.000125223457905228 -1.0787309471E-05 -1.1907436488E-05 
419 5.24031449099999 18.3918484289 2.62739733255 0.000123481790317 -7.8299803577E-06 1.96362902858E-06 0.000123745371514475 -1.7222077281E-05 -2.0136788373E-05 
420 5.25284154899998 18.3912428549 2.62771126833 0.000126593090845 -5.25703578214E-06 2.66250443855E-07 0.000126702478129688 -1.7094937837E-05 2.079426894E-06 
421 5.26535403600002 18.3906413257 2.6266332573 0.000124550086087 -5.16975792772E-06 1.43418360168E-07 0.00012465741418037 -8.813014814E-06 3.13920921457E-05 
422 5.277896398 18.390036929 2.62693838546 0.000125526708322 -6.40336964692E-06 -1.67428095258E-06 0.000125701077408667 -1.3238553459E-05 8.99011412619999E-06 
423 5.29041844099999 18.3894312802 2.6265690378 0.000123685282665 -6.37349538971E-06 1.38170037766E-06 0.000123857093811123 -5.52881911700001E-06 -1.249114488E-05 
424 5.302942503 18.3888130195 2.62651637314 0.000126149763878 -5.45124785015E-06 -4.79238958247E-07 0.000126268399449657 -1.1645268668E-05 4.661861924E-06 
425 5.31543674300002 18.3881880801 2.62614600616 0.000125488454675 -5.93904863156E-06 3.41489338955E-07 0.000125629380203582 1.94474337299999E-06 7.84481851E-06 
426 5.32795922000003 18.3875478514 2.62613503411 0.000127561171549 -6.74168261521E-06 1.96530809549E-06 0.00012775431580713 -7.96017069500002E-06 -5.064042386E-06 
427 5.34050443799998 18.3869609325 2.62613382144 0.000125445561505 -6.53044375571E-06 -8.55738039307E-07 0.000125618342150114 -1.1552622586E-05 -1.35829009000009E-07 
428 5.35299566399999 18.3863762106 2.62581460195 0.000125822246121 -5.91677412803E-06 -1.58996522454E-06 0.000125971321436392 -1.09295115E-05 2.95521992799998E-06 
429 5.365517684 18.3857634013 2.62509036947 0.000123966764708 -7.3922472089E-06 2.23089841992E-06 0.000124207008573293 4.95842633499999E-06 -6.784080253E-06 
430 5.37834059800002 18.385497419 2.62503301787 0.000127292193881 -1.50596726077E-06 -7.20751195214E-06 0.000127504975545933 -1.2983371323E-05 -5.944959291E-06 
431 5.39101888900001 18.385000121 2.62474012613 0.000120883987662 4.40455253626E-08 2.32440867639E-05 0.000123098448335316 1.515561974E-05 2.0732998601E-05 
432 5.40356757900003 18.3844752438 2.62425162491 0.000124195518232 -4.67862366302E-06 -5.57348185485E-07 0.000124284861931351 -8.17238838800001E-06 -1.3587362067E-05 
433 5.41618380599999 18.3839540557 2.62366917037 0.000148958104873 -1.27986166177E-05 0.00018208275402 0.000235598070675866 3.9332430035E-05 0.0001158620460382 
434 5.42871266700001 18.3834237442 2.62352031231 0.000123019375968 -1.09315636303E-06 2.23877475745E-05 0.000125044684396618 -1.8661418537E-05 -2.0383604486E-05 
435 5.44127810399999 18.382864918 2.62304194652 0.000127487195941 -3.80519424969E-06 -2.66428319197E-06 0.00012757179561762 1.1590999759E-05 8.48687746499999E-06 
436 5.45372481800001 18.3821819156 2.62200113652 0.000121985511989 -9.15528034184E-06 -6.3357479326E-06 0.000122492554856292 -1.7618267242E-05 3.2756950794E-05 
437 5.46612889300002 18.3815339777 2.62210322201 0.000125587111355 -5.75193081963E-06 -1.34402545706E-06 0.00012572594661038 8.47120735400001E-06 -9.650130383E-06 
438 5.47866091899999 18.3809313688 2.62122076917 0.000120820031385 -4.88358454798E-06 1.43264412179E-06 0.000120927175817057 -2.1801245233E-05 2.81419819258E-05 
439 5.49114257000002 18.3803748423 2.6209992257 0.000122617820492 -7.43955401343E-06 1.66212465568E-06 0.000122854546210135 -2.521701504E-06 1.8997323986E-05 
440 5.50365446699999 18.3797664349 2.62153938705 0.0001249005964 -4.89610107604E-06 -1.36298948625E-06 0.000125003954046111 -1.0993281714E-05 -1.6662285342E-05 
441 5.51611359600003 18.3792003008 2.6206794005 0.000124339124855 -8.00993542828E-06 1.78681317594E-06 0.000124609669514842 7.62492284500001E-06 3.020435612E-05 
442 5.52859482100001 18.3786358378 2.62018466685 0.00012438685917 -4.83183829137E-06 -3.42605586058E-07 0.000124481142242666 -5.91548933500001E-06 3.49661450300001E-06 
443 5.541077685 18.3780241667 2.62000780508 0.000124308391351 -6.22090779414E-06 -1.10114334051E-06 0.000124468824894882 -1.51621098199998E-06 1.2466035316E-05 
444 5.55351763700003 18.3774358953 2.62021348519 0.000126477016533 -4.79190650502E-06 1.1450222928E-06 0.000126572940058658 -1.3231780339E-05 -1.26930044E-05 
445 5.56597882599999 18.3768884367 2.61931180203 0.000122300211126 -7.48207278998E-06 -5.90260381294E-07 0.000122530287937377 7.50624465299999E-06 2.3698632874E-05 
446 5.578417817 18.3763045654 2.61989472341 0.000122145981182 -2.43508025507E-06 3.94495904583E-06 0.000122233927518653 -2.2831980393E-05 -2.1226112934E-05 
447 5.59090613199999 18.3757325181 2.61861332082 0.000125434918023 -4.12163560338E-06 -2.82874787145E-06 0.000125534490694805 -3.06787287599998E-06 1.1147131454E-05 
448 5.60334599499998 18.3751485536 2.61918886769 0.000122358095908 -7.1155683233E-06 7.2194357123E-07 0.000122566945582057 -1.4570456367E-05 2.24409520536E-05 
449 5.61580973700001 18.3745726806 2.61975361212 0.000122589039706 -8.08440138021E-06 2.05723022023E-07 0.000122855494478991 -4.99723638000001E-06 1.0780279946E-05 
450 5.62826323199999 18.3739936182 2.61893417285 0.000124425939222 -4.94265883482E-06 -7.498658181E-07 0.000124526328647316 -6.758197362E-06 1.59133454000004E-07 
451 5.64071426499999 18.3734114095 2.61838099418 0.000130630668541 -1.08448550139E-05 -5.70040051849E-05 0.000142938584891768 -1.5520156073E-05 0.0001032656035527 
452 5.65314319800001 18.3728306295 2.61789920521 0.000124056324325 -6.15607956986E-06 -1.10581692099E-06 0.000124213895163797 -9.900525724E-06 2.30026691996E-05 
453 5.66556325400001 18.3722584788 2.61774399147 0.000124109498407 -5.36946461244E-06 -1.27384560147E-07 0.000124225661487019 -7.96656627800001E-06 1.6012000776E-05 
454 5.67800609300002 18.3716682558 2.61758329696 0.00012336008808 -4.56573872499E-06 -3.18818695266E-06 0.000123485715114159 -1.3270927973E-05 5.386592937E-06 
455 5.69043670600001 18.3710819187 2.61711188077 0.000122522975883 -7.38296991654E-06 -1.08169943517E-06 0.000122749981416222 6.62861088100001E-06 -6.37297700916E-05 
456 5.70286276000002 18.3705173288 2.61728449563 0.000120992093616 -4.32844803036E-06 -2.07858862006E-06 0.000121087335054439 -2.2203795843E-05 7.98189247099999E-06 
457 5.71527924399999 18.3699633062 2.61680660162 0.000124024248287 -5.22625248473E-06 -2.19621992082E-06 0.00012415374041941 -5.58232816800001E-06 1.9894515012E-05 
458 5.72767253699999 18.3693736774 2.61632524311 0.000124109075556 -4.98319974348E-06 -1.59917509337E-07 0.000124209180371896 -5.64346118400001E-06 -1.5865375597E-05 
459 5.74006404400001 18.3687931182 2.61690696766 0.000123399804299 -5.61535032917E-06 -1.87807355192E-06 0.00012354177844202 3.89626304E-06 -2.2075166554E-05 
460 5.75246898 18.3682217222 2.61674348688 0.000125312825212 -5.24344906698E-06 -4.9881988104E-07 0.000125423469661802 -3.93931354199998E-06 7.59763249000001E-06 
461 5.76487736799999 18.3676169806 2.61628848706 0.00012403234814 -4.05298330387E-06 -1.42056676952E-06 0.000124106680193817 -1.2739179886E-05 -8.532056398E-06 
462 5.77724335099998 18.3670803977 2.6154265471 0.000125505697633 -3.86048127817E-06 -1.70682860502E-06 0.000125576656739746 -7.86627475000008E-07 -6.32483751499999E-06 
463 5.78967400200003 18.3664997693 2.61597087652 0.000126402346285 -7.76071307484E-06 -1.90303666468E-06 0.000126654661826283 -7.30165586900001E-06 -1.31527779385E-05 
464 5.80204236700001 18.3659058994 2.61582785242 0.000124548559147 -3.77551620176E-06 -7.43334322023E-06 0.000124827291485529 -1.42989772999982E-07 -8.91227288300001E-06 
465 5.81443818000002 18.3653478024 2.61497990236 0.000126525025738 -7.42783158663E-06 1.15906144525E-05 0.000127271745346198 1.4405687851E-05 -1.2384442484E-05 
466 5.82678364999998 18.3647737445 2.61557532338 0.000122520333765 -6.21077188048E-06 -4.94377821548E-07 0.00012267864640054 -1.3779261504E-05 4.72768883200001E-06 
467 5.83913935099997 18.3642419198 2.61471148417 0.000124073108745 -4.91972470857E-06 3.43352131709E-06 0.00012421807063987 -1.0774205654E-05 -1.1459981451E-05 
468 5.85146216700002 18.3637235286 2.61493929172 0.000124680378918 -1.6922371929E-06 -1.3217385875E-06 0.00012469886746377 -3.1690537491E-05 1.92567381099999E-06 
469 5.86379905299998 18.3631974506 2.61514486016 0.000125537079965 -6.21508404205E-06 2.50793936915E-06 0.000125715852125609 -9.36297232499998E-06 1.806411256E-06 
470 5.876121028 18.362680584 2.6139224081 0.000122193840435 -6.64037195642E-06 1.98331273439E-06 0.000122390206754365 2.201038031E-06 4.2231291718E-05 
471 5.88842818299997 18.3621505271 2.61419309485 0.000121623337685 -5.49803838201E-06 1.30554035521E-06 0.00012175454460228 -1.5786947991E-05 -6.059171597E-06 
472 5.90076052299997 18.3616099938 2.6136983527 0.00012262454797 -5.75035523689E-06 -3.7561966341E-06 0.000122816755222369 -1.1201440295E-05 -5.527172794E-06 
473 5.913076133 18.3611054013 2.61408388927 0.000122589173021 -5.10645957701E-06 0.00141414485244 0.00141945758828995 -7.52642459399998E-06 6.08810278310001E-06 
474 5.92542369799997 18.3605888849 2.61483113026 0.00011679961533 -2.32773637607E-06 2.57889348316E-05 0.000119635436462701 -1.0544934915E-05 8.673898534E-06 
475 5.93770390700001 18.3600607163 2.61365456354 0.000122854878399 -5.27511572836E-06 5.24670380509E-07 0.000122969196433045 -1.0911562916E-05 -1.1512252877E-05 
476 5.95001001499998 18.3595273529 2.61351603911 0.000123277518907 -4.91678650776E-06 -5.51227657259E-08 0.000123375542535577 -1.5189041799E-05 4.8022500922E-06 
477 5.96233684800001 18.359040978 2.61341342068 0.000122336743717 -4.8109609896E-06 -1.92590032342E-06 0.000122446450748799 -1.3460269448E-05 -7.46635767099999E-06 
478 5.97468915100001 18.3585370523 2.61288991386 0.000124962964365 -5.41073418528E-06 1.41881191321E-06 0.000125088095095245 -6.30009995600001E-06 -1.60006127852E-05 
479 5.98695177500002 18.3580122269 2.61315778954 0.000122529274204 -4.63410718603E-06 -4.58572830197E-07 0.000122617732304146 -1.5654535582E-05 5.012143772E-06 
480 5.99926761299997 18.3574926604 2.61267079619 0.000122277834682 -5.41735925856E-06 -3.25471157913E-07 0.000122398213088793 -1.9686680181E-05 -6.737698808E-06 
481 6.01156623399999 18.35696072 2.61254065723 0.000122318960015 -5.02538953796E-06 -1.1695264769E-06 0.000122427735057623 -1.4303775958E-05 -4.38440198618E-05 
482 6.02380186099998 18.3564191464 2.61208632972 0.000123586691504 -5.69980384161E-06 1.44821665274E-07 0.000123718143592815 -1.6115356393E-05 -6.36487608799999E-06 
483 6.03610753499999 18.3558829156 2.61268198496 0.000122524887279 -2.81279561135E-06 -6.78959549478E-07 0.000122559050289861 -1.8321822603E-05 1.46834143088E-05 
484 6.04839103900002 18.3553813389 2.61288955191 0.000122466242428 -4.78271186235E-06 -8.62731986952E-07 0.00012256263367631 -1.4995950554E-05 3.094413563E-06 
485 6.0606727 18.3548680149 2.61134123835 0.000121402400599 -4.86561503511E-06 1.71424752117E-06 0.000121511957129469 -1.6127489162E-05 1.1775372746E-05 
486 6.07290244299998 18.3543612901 2.61191673709 0.000120833152655 -5.2322224313E-06 -2.26264321049E-06 0.000120967543111428 -1.9263229351E-05 1.2377952683E-05 
487 6.08518152800002 18.3538441296 2.61178204958 0.000120335285759 -5.67941920679E-06 -3.09073410405E-06 0.000120508877011316 -2.2609758081E-05 1.4417165239E-05 
488 6.09740130400002 18.3533193828 2.61171465211 0.000121484218325 -4.75414602477E-06 -1.16280076719E-06 0.00012158276733191 -1.2346441911E-05 6.61461778E-06 
489 6.10965034399999 18.3527903643 2.61119689615 0.000124018015868 -3.8692850547E-06 -9.08198094249E-07 0.000124081684589017 -1.9801494913E-05 -1.2868730977E-05 
490 6.12186985400001 18.3522688181 2.61113466595 0.000121864316847 -5.31981900704E-06 -1.85878647204E-06 0.000121994537918721 -1.0323197752E-05 6.16844603699999E-06 
491 6.13411128400003 18.3517077214 2.61029461118 0.000126033680892 -5.88655438554E-06 -3.56284826837E-05 0.000131105030491065 -6.06432599523E-05 1.6256426977E-05 
492 6.14634694 18.3511936232 2.61089334805 0.000121198157016 -5.60707222628E-06 1.97250557109E-06 0.000121343822674472 -2.0371666098E-05 -1.223415398E-05 
493 6.15857039799999 18.3506598058 2.61009175989 0.000120207034065 -6.21323686476E-06 4.65886651022E-07 0.000120368402836514 -2.086965849E-05 -8.742216142E-06 
494 6.17081945199999 18.3501533756 2.60998815489 0.000123567467564 -7.45822050125E-07 1.1017029894E-05 0.00012405986554239 -1.4623064704E-05 8.500008877E-06 
495 6.18304260500003 18.3496284974 2.60990664354 0.000120804557986 -5.3007528653E-06 -7.56746062239E-07 0.000120923165174149 -2.3753623568E-05 1.4295865032E-05 
496 6.19524978499999 18.3490571902 2.61017853037 0.000120386399754 -5.13938501254E-06 7.15971040024E-07 0.000120498178984444 -1.5145112844E-05 -7.786206197E-06 
497 6.207438932 18.3485289607 2.60968534137 0.000122442834255 -4.29154830092E-06 -8.74485881411E-07 0.000122521140105589 -1.1613307016E-05 -2.24084781801E-05 
498 6.219681896 18.3479845968 2.60960869623 0.000122216910173 -4.95724831351E-06 -1.07098850798E-07 0.000122317451384669 -1.0790243177E-05 -4.96995016219999E-06 
499 6.23189903799999 18.3474199186 2.61097301075 0.000122234094826 -3.51121856818E-06 -1.51119038479E-06 0.000122293852217289 -3.184592124E-05 -3.18378212638E-05 
500 6.244164474 18.3468892015 2.61012173243 0.000122836130447 -5.16196503718E-06 -5.4771628556E-06 0.000123066486661415 -5.79524182399999E-06 2.88118875154E-05 
501 6.25637931 18.3463340814 2.60901222108 0.00012266348675 -5.30224748288E-06 -1.34888804617E-07 0.000122778104746028 -1.7863943661E-05 4.80902798599999E-06 
502 6.26862383100001 18.3457813023 2.60961284787 0.000122907384285 -4.91246421759E-06 -5.82214493738E-07 0.000123006895701771 -1.7328898622E-05 -5.118599036E-06 
503 6.280829321 18.3452338009 2.60917967979 0.000122496987819 -7.94393336791E-06 1.75188565354E-06 0.000122766800094427 -2.032697162E-05 1.42425218511E-05 
504 6.29306340099998 18.344690189 2.60950004263 0.000121006519039 -5.29066184758E-06 1.21394689261E-06 0.000121128206540753 -1.7834629688E-05 -9.22435612000006E-07 
505 6.305300354 18.344160021 2.60903912154 0.000122335498148 -4.28692157638E-06 -3.31798295506E-07 0.000122411036650419 -1.8773968568E-05 1.4053915307E-05 
506 6.31753774100002 18.3436318302 2.61034767274 0.000120078865692 -7.91623649019E-06 -3.5274486189E-07 0.000120340039949235 -5.25379582100001E-06 6.19616378380001E-06 
507 6.32975579700002 18.343092115 2.60989441153 0.000119969634734 -5.02022643808E-06 1.13831899552E-06 0.000120080022076258 -2.062475219E-05 -1.0299623642E-05 
508 6.34199688699999 18.3425420007 2.60842092361 0.000121840198392 -8.91752631702E-06 -6.94769771729E-08 0.000122166120699918 1.0414535007E-05 4.763369705E-05 
509 6.35422130400002 18.3419916196 2.60871994088 0.000126812073942 -8.99245872097E-06 -3.65485089098E-06 0.000127183034821296 -1.2249020494E-05 5.34096008230001E-06 
510 6.36645930399999 18.3414566851 2.60821534327 0.00012242929327 -5.76033143026E-06 -1.63034776443E-06 0.000122575573841655 -2.7642591473E-05 3.57520549100001E-06 
511 6.378710146 18.3409082864 2.60882721756 0.000121991331036 -4.83646997927E-06 4.06362768092E-07 0.000122087843049563 -2.4785050582E-05 2.0475695503E-05 
512 6.39094398200001 18.3403746683 2.60872775204 0.000120318975914 -3.00539213111E-06 -2.16096003525E-05 0.000122281082650794 -1.8872485913E-05 7.71617808222E-05 
513 6.40311044999999 18.339851796 2.60831066634 0.000122590881236 -4.25449671549E-06 -1.97431205489E-06 0.000122680572270475 -1.4840169571E-05 -2.08400381345E-05 
514 6.41534965699998 18.3392991796 2.60753277296 0.000123055517047 -5.41776194196E-06 -5.24552460521E-07 0.000123175840063903 -1.8219725871E-05 4.825027735E-06 
515 6.42758453300002 18.338739541 2.60884135514 0.00012066610863 -3.90455017211E-06 -5.56492728345E-07 0.000120730546955235 -3.5538525105E-05 3.16813933472E-05 
516 6.43979456300002 18.3382197024 2.60836529067 0.000119824914762 -2.75210518168E-06 1.87462003078E-07 0.000119856661986951 -1.9670066935E-05 -7.279160693E-06 
517 6.451985847 18.3377215114 2.60754792386 0.000122407249181 -4.62430990129E-06 -3.37949295E-07 0.000122495032976234 -1.7517583307E-05 -7.03093192500001E-06 
518 6.46423153400002 18.3371810037 2.60816639067 0.000121906161051 -3.79659409838E-06 1.58207750284E-06 0.000121975527046064 -2.3331473484E-05 2.882446254E-06 
519 6.47637152900001 18.3366430824 2.60809808464 0.000122061085523 -3.75085497868E-06 -2.00276881047E-07 0.000122118866777224 -1.6496284204E-05 -6.020599529E-06 
520 6.48860227400002 18.336088539 2.60762542607 0.000119770277749 -7.01018493977E-06 -1.25724462778E-06 0.00011998184358067 -1.5182194336E-05 -3.42559663647E-05 
521 6.50076901599999 18.335556638 2.60791642852 0.000119398609983 -5.3092583287E-06 2.20222653977E-06 0.000119536881721107 -2.9915991331E-05 2.30753916666E-05 
522 6.51301196999998 18.3350609722 2.60697915046 0.000121061692048 -4.24693053043E-06 -3.92811630688E-07 0.000121136798708866 -2.7194184845E-05 5.568835644E-06 
523 6.52520822499997 18.3345814646 2.6072307526 0.000121730703406 -4.76392976473E-06 -1.50635212387E-06 0.000121833198575938 -2.2229481363E-05 3.486123001E-06 
524 6.53744389000002 18.3340957388 2.6070576113 0.000125342659605 -8.13850080401E-06 -3.43409040515E-05 0.000130216416796294 -8.34030678896E-05 4.27266678385E-05 
525 6.54966547200002 18.3335583675 2.60692591804 0.000122002099676 -4.9542773383E-06 -4.48358133218E-07 0.000122103473391681 -1.4079811053E-05 9.755710674E-06 
526 6.56186253700002 18.3330539215 2.60713384146 0.000122261793107 -3.64882881494E-06 1.9903745571E-07 0.000122316391466428 -1.8890513279E-05 7.616258659E-06 
527 6.57411539200001 18.3325773196 2.60732156769 0.000124031099409 -6.92132192298E-06 -2.22777595716E-06 0.000124244039307655 -1.7450510226E-05 0.000308648023398 
528 6.58628900000002 18.3320897807 2.6060975314 0.000122662403039 -5.78760950371E-06 -1.68388228102E-06 0.000122810410807089 -1.190099019E-05 4.86704175710001E-06 
529 6.59853921199999 18.3315837616 2.60559058815 0.000135653139773 -4.78747005097E-06 0.000188323157178 0.000232142856295971 -3.7940571905E-05 -2.5032804992E-05 
530 6.610742894 18.3311131894 2.60617235802 0.000120555284567 -4.48215762418E-06 -4.4174343972E-07 0.000120639386235445 -3.7809689252E-05 2.79528424E-05 
531 6.62292262099999 18.3306478004 2.60638289561 0.000119071926947 -1.35157666267E-06 1.03270257204E-05 0.000119526557745869 -7.806957685E-06 -8.49528491699999E-06 
532 6.63514725499999 18.3301657277 2.60586122814 0.000121136046902 -5.71380838685E-06 -5.48090481625E-07 0.000121271966540092 -2.3454994114E-05 -2.57857678518E-05 
533 6.647338961 18.3297029768 2.60531043296 0.000122728760869 -4.51568147063E-06 1.18752795782E-06 0.000122817549015745 -1.8584465977E-05 1.459646787E-06 
534 6.65950836100001 18.329191644 2.6051743521 0.000122457900907 -3.48992248467E-06 -1.05620390819E-06 0.000122512173355113 -5.2719804379E-05 3.2025271233E-05 
535 6.67165620600002 18.3286983323 2.60507343052 0.000121827311624 -5.31918000209E-06 -3.0330417713E-06 0.000121981092288159 -2.99534459299999E-06 -2.14258391907E-05 
536 6.68382110499999 18.3282293945 2.6056528335 0.000123750386318 -5.81738782168E-06 -7.61885518269E-07 0.0001238893885063 -2.4331267946E-05 2.402221159E-06 
537 6.69600204900001 18.327759203 2.60515743609 0.00012131608641 -4.51593856587E-06 -4.81679938778E-07 0.000121401064816305 -1.8469172798E-05 -3.105174122E-06 
538 6.70812242 18.3273025942 2.60396367197 0.00012118856485 -3.91553414123E-06 -6.84270495364E-08 0.000121251822008063 -2.3682194155E-05 2.3507643191E-05 
539 6.72037899999998 18.3268303062 2.60409599727 0.000120445073866 -3.26626533861E-06 -3.34677480885E-07 0.000120489818312024 -3.93128209437E-05 2.2974592327E-05 
540 6.73248217100002 18.3264122635 2.60470578572 0.000121446525052 -4.77365558605E-06 2.85038270236E-06 0.000121573726258638 -2.833812859E-05 1.1771729705E-05 
541 6.74452877499999 18.3260438824 2.60407465598 0.00011951614329 -4.00855995845E-06 -5.72659001569E-07 0.000119584718915873 -3.1655634032E-05 5.78038245699999E-06 
