0 120.684714604 38.7271096524 2.51335912495 0.000181478401887 -4.01563188229E-06 9.61579334324E-09 0.0001815228243041 4.163519526E-06 7.01516046899999E-06 
1 120.702863043 38.7267094792 2.51336023845 0.00018148378308 -3.98588735761E-06 1.28271152871E-08 0.000181527548828245 4.507281415E-06 6.74324168199999E-06 
2 120.721011181 38.7263121928 2.51336171042 0.000181473648662 -3.9588140989E-06 1.65590392277E-08 0.000181516824680167 4.77220539600001E-06 6.48711019100002E-06 
3 120.739157603 38.7259173618 2.51336354463 0.000181451238189 -3.93430704073E-06 1.99693509273E-08 0.000181493886979664 4.99878512699999E-06 6.24481410600001E-06 
4 120.75730133 38.7255245645 2.51336569749 0.000181420164939 -3.91849334408E-06 2.31146772555E-08 0.000181462479237086 5.15264248900001E-06 6.01509649500001E-06 
5 120.775441561 38.7251336026 2.51336812847 0.000181384461236 -3.90048423133E-06 2.54599762799E-08 0.000181426396104104 5.29582863299999E-06 5.79644736299999E-06 
6 120.793577838 38.7247443772 2.51337079698 0.000181341318928 -3.88395918581E-06 2.79126770223E-08 0.00018138290952739 5.36308639099999E-06 5.59651483299998E-06 
7 120.811709343 38.7243566566 2.5133737364 0.000181288970876 -3.8717805279E-06 3.0946746857E-08 0.000181330313525997 5.435934427E-06 5.416890309E-06 
8 120.829835606 38.7239701455 2.51337694219 0.000181236847785 -3.85585209877E-06 3.32706835337E-08 0.000181277863230427 5.50759794900002E-06 5.24748266500001E-06 
9 120.847956579 38.7235846744 2.51338038001 0.000181183200996 -3.85236552619E-06 3.55202221504E-08 0.000181224154860743 5.55125227900001E-06 5.08630884899999E-06 
10 120.866072297 38.7232002278 2.51338405747 0.000181130508626 -3.84238315108E-06 3.81243462847E-08 0.000181171262944372 5.56536085200002E-06 4.96040614499999E-06 
11 120.884182791 38.7228168205 2.51338797876 0.000181076811639 -3.82783393528E-06 4.03131608441E-08 0.000181117270438611 5.593166136E-06 4.84139700800002E-06 
12 120.902287809 38.7224343742 2.51339210113 0.000181023147999 -3.82071681424E-06 4.19760594097E-08 0.000181063468845684 5.58620583399999E-06 4.729931028E-06 
13 120.920387434 38.7220528576 2.5133963753 0.000180967966506 -3.80976702572E-06 4.34306896875E-08 0.000181008069191215 5.58728082300001E-06 4.626233815E-06 
14 120.938481673 38.7216721911 2.51340080324 0.000180916989269 -3.80224398349E-06 4.53362479787E-08 0.000180956945489376 5.523071684E-06 4.528733873E-06 
15 120.956570788 38.7212922217 2.51340542285 0.000180865089412 -3.79765512392E-06 4.71020285591E-08 0.000180904961156548 5.50750648699999E-06 4.43581470399999E-06 
16 120.97465493 38.7209128161 2.51341021727 0.000180817274284 -3.79412515858E-06 4.90922339808E-08 0.000180857083011039 5.42396928599999E-06 4.42719083199999E-06 
17 120.992734307 38.7205339151 2.51341522159 0.000180770073514 -3.78961445848E-06 5.12411491528E-08 0.000180809798632862 5.37407327400001E-06 4.43611980700001E-06 
18 121.010809174 38.7201555511 2.51342043198 0.000180727383239 -3.78111705504E-06 5.32600974057E-08 0.000180766940382467 5.318252002E-06 4.326286979E-06 
19 121.02887975 38.7197777298 2.51342584028 0.000180684383786 -3.77684998039E-06 5.51479033453E-08 0.000180723861681827 5.27685869400001E-06 4.25077008999998E-06 
20 121.046945766 38.7194004659 2.51343142048 0.000180636395115 -3.77184175518E-06 5.65607464588E-08 0.000180675779310583 5.220355035E-06 4.19502258999999E-06 
21 121.065006944 38.7190237053 2.51343714626 0.000180588383838 -3.765760862E-06 5.8050297624E-08 0.000180627652096592 5.18352980099999E-06 4.15293070700002E-06 
22 121.083063283 38.7186473502 2.51344302068 0.000180538330817 -3.76674467894E-06 5.94992289373E-08 0.000180577630950855 5.13828044899998E-06 4.117806434E-06 
23 121.101114834 38.7182713354 2.51344903296 0.000180491537721 -3.76323655731E-06 6.06967387799E-08 0.000180530775277711 5.10759827599999E-06 4.08911988E-06 
24 121.119161887 38.7178956312 2.51345515318 0.000180448137713 -3.75884216335E-06 6.17283101981E-08 0.000180487293483179 5.07069497900003E-06 4.06361265500001E-06 
25 121.137204587 38.7175202342 2.51346136022 0.000180406076085 -3.75502479893E-06 6.25151304845E-08 0.000180445161774343 5.00165961400001E-06 4.038690385E-06 
26 121.155243109 38.7171451985 2.51346767267 0.000180365442872 -3.74805622985E-06 6.35870883955E-08 0.000180404392826873 5.01473935299998E-06 4.01468106699999E-06 
27 121.173277864 38.7167704752 2.5134741033 0.000180330428873 -3.74416060079E-06 6.48725767278E-08 0.000180369305938055 4.92442399500001E-06 3.99767624099999E-06 
28 121.191309144 38.7163961088 2.51348062817 0.000180295397567 -3.74444498655E-06 6.57377550759E-08 0.000180334288402268 4.87463985400001E-06 3.978345457E-06 
29 121.209337189 38.716022076 2.5134872327 0.000180264803988 -3.73642846258E-06 6.63371834389E-08 0.000180303535337247 4.811310621E-06 3.95550662099999E-06 
30 121.227362177 38.7156484416 2.51349392272 0.000180235173108 -3.7359942005E-06 6.7530231352E-08 0.00018027390226616 4.76939940099999E-06 3.93010323999999E-06 
31 121.245384309 38.7152752759 2.5135007105 0.000180208114713 -3.72815271109E-06 6.82520846694E-08 0.000180246687596189 4.721493786E-06 3.902363961E-06 
32 121.263403924 38.7149026186 2.5135075671 0.000180183673544 -3.72589971859E-06 6.90667324246E-08 0.000180222205376411 4.68166756799999E-06 3.875251301E-06 
33 121.28142119 38.7145304654 2.51351447887 0.000180161871459 -3.71972738712E-06 6.91214651314E-08 0.000180200280458219 4.60902596899999E-06 3.849709269E-06 
34 121.299436267 38.7141587966 2.51352143712 0.000180140889086 -3.71759018411E-06 7.02057345272E-08 0.000180179258868263 4.60135541300002E-06 3.835451111E-06 
35 121.31744934 38.7137877211 2.51352851665 0.000180122121585 -3.70940092618E-06 7.16890878029E-08 0.000180160327150119 4.55273832599998E-06 3.82603741999997E-06 
36 121.335460333 38.7134172448 2.51353578147 0.000180101460381 -3.69676475339E-06 7.35717232746E-08 0.000180139411328585 4.56988719199999E-06 3.81122716600001E-06 
37 121.353469389 38.7130474985 2.51354323669 0.000180082362253 -3.69207322375E-06 7.52368436558E-08 0.000180120221685109 4.50249985799999E-06 3.79544451099999E-06 
38 121.371476584 38.7126785417 2.51355082795 0.000180063224931 -3.68312120583E-06 7.63037184388E-08 0.000180100905540828 4.48579450600001E-06 3.78079365900001E-06 
39 121.389481994 38.7123104163 2.51355852275 0.000180043125414 -3.67866016276E-06 7.76535777174E-08 0.00018008071962182 4.509435121E-06 3.75799671500002E-06 
40 121.407485685 38.711943077 2.51356633698 0.000180030317675 -3.66514877435E-06 7.86757081285E-08 0.000180067639479076 4.44135706100001E-06 3.735020653E-06 
41 121.425487584 38.7115766431 2.5135742871 0.000180007730918 -3.65859011626E-06 8.02054471814E-08 0.000180044924684923 4.40402372400001E-06 3.70754293999999E-06 
42 121.44348758 38.7112109317 2.51358237877 0.000179989929829 -3.66074601021E-06 8.16470769765E-08 0.000180027171747614 4.29775428600001E-06 3.683760837E-06 
43 121.461485749 38.7108456628 2.51359062088 0.000179971090478 -3.65792877187E-06 8.32710505005E-08 0.000180008279767372 4.27219951000001E-06 3.662624832E-06 
44 121.479482123 38.710480782 2.51359900753 0.000179955757699 -3.64500069267E-06 8.44077528141E-08 0.000179992688417445 4.218497162E-06 3.64416123100001E-06 
45 121.497476619 38.7101162687 2.51360750795 0.000179936316501 -3.64571398725E-06 8.55750319704E-08 0.00017997326620782 4.20360684E-06 3.62389585399999E-06 
46 121.515469306 38.7097521406 2.51361610563 0.000179917325405 -3.64213930046E-06 8.64624870647E-08 0.000179954207050945 4.21962150700002E-06 3.602393439E-06 
47 121.533459946 38.7093885517 2.51362477898 0.000179895310004 -3.63013111671E-06 8.69473301274E-08 0.000179931953730287 4.20030538400001E-06 3.583274381E-06 
48 121.551448179 38.7090256158 2.5136335221 0.000179871518417 -3.62132623945E-06 8.76060185358E-08 0.000179907989861996 4.141974561E-06 3.5632345E-06 
49 121.569433865 38.7086635193 2.51364231432 0.000179843385122 -3.61521130303E-06 8.82896021805E-08 0.000179879739603879 4.09779868200001E-06 3.53070857000003E-06 
50 121.587416815 38.7083023835 2.51365115315 0.000179816633984 -3.60082657054E-06 8.87195191517E-08 0.000179852705513373 4.06485040899999E-06 3.49474919800002E-06 
51 121.605397054 38.7079423223 2.51366004558 0.000179786979381 -3.59935541489E-06 8.93189337668E-08 0.000179823027702847 4.02022908800001E-06 3.45324921599999E-06 
52 121.623374672 38.7075832616 2.51366899004 0.000179762778529 -3.58199362201E-06 8.96459610112E-08 0.000179798485141485 4.01097783100002E-06 3.412117907E-06 
53 121.64134975 38.7072252096 2.51367795545 0.000179736366041 -3.5730042709E-06 8.97940458629E-08 0.000179771899083574 3.992106785E-06 3.36830263400001E-06 
54 121.659322357 38.7068682419 2.51368692612 0.000179714928899 -3.56588833203E-06 8.96413586972E-08 0.000179750324796208 3.89007905400002E-06 3.32501455700001E-06 
55 121.677292484 38.7065123598 2.51369591017 0.000179692513603 -3.55319916691E-06 8.99732665681E-08 0.000179727662769182 3.82896749300001E-06 3.27821342000002E-06 
56 121.695259851 38.7061575503 2.51370494202 0.000179659582462 -3.5405624062E-06 9.071978696E-08 0.000179694489015807 3.850377725E-06 3.22026511199999E-06 
57 121.713224222 38.7058038574 2.51371404764 0.000179629310725 -3.52552273291E-06 9.13899194108E-08 0.000179663927748995 3.838443822E-06 3.173878749E-06 
58 121.731185173 38.705451283 2.51372325295 0.000179587783901 -3.52347608296E-06 9.28446038088E-08 0.000179622369515325 3.80385872700002E-06 3.135141816E-06 
59 121.749142163 38.7050997286 2.51373258882 0.000179551863092 -3.50726757624E-06 9.38194818827E-08 0.000179586138851958 3.779624896E-06 3.102345676E-06 
60 121.767095333 38.7047491588 2.51374201873 0.000179512863352 -3.50229313772E-06 9.49188636163E-08 0.000179547050033263 3.75794687600001E-06 3.067922395E-06 
61 121.785044818 38.7043995564 2.51375156056 0.000179476904359 -3.48763836446E-06 9.59720548048E-08 0.000179510813129143 3.74680632E-06 3.03470511500001E-06 
62 121.802990608 38.7040508578 2.51376123336 0.000179435666035 -3.48364788918E-06 9.75200037195E-08 0.000179469505928419 3.726816797E-06 3.00043916800003E-06 
63 121.820932652 38.7037030252 2.51377103266 0.000179402971332 -3.47758130224E-06 9.85019674624E-08 0.000179436700251375 3.647326419E-06 2.96362682799999E-06 
64 121.838871264 38.7033560155 2.51378096147 0.000179369820534 -3.46629914108E-06 9.99158306456E-08 0.00017940333812755 3.64057111599999E-06 2.923451169E-06 
65 121.856806724 38.7030098626 2.51379103833 0.000179339005479 -3.45394587583E-06 1.01523282809E-07 0.000179372291436796 3.67005782600001E-06 2.88051610799998E-06 
66 121.874739231 38.7026646402 2.51380121488 0.000179307221409 -3.45105011122E-06 1.02252645423E-07 0.000179340457933757 3.64392529199998E-06 2.853208321E-06 
67 121.892668804 38.7023204871 2.5138114409 0.000179281560165 -3.44210356932E-06 1.0230104068E-07 0.000179314629513828 3.58328754399999E-06 2.82707237899999E-06 
68 121.910595597 38.7019773295 2.51382166978 0.00017925494544 -3.42886018477E-06 1.02267471455E-07 0.000179287765911397 3.594567607E-06 2.79625352699999E-06 
69 121.928519782 38.7016351547 2.51383188871 0.000179230176176 -3.41381838553E-06 1.02278756395E-07 0.000179262714106959 3.61529516000001E-06 2.76601873100001E-06 
70 121.946441713 38.7012938497 2.51384215162 0.00017921466276 -3.40397328338E-06 1.02922947279E-07 0.000179247016643033 3.56254185800002E-06 2.73756944100002E-06 
71 121.964361604 38.7009532617 2.51385250682 0.000179188048642 -3.40287144511E-06 1.04130540657E-07 0.000179220387103056 3.56412488400001E-06 2.703546694E-06 
72 121.982279617 38.7006133911 2.51386295915 0.000179170270844 -3.39207334609E-06 1.05091324328E-07 0.000179202408354587 3.5865197E-06 2.75645028100001E-06 
73 122.000195923 38.7002742258 2.51387353338 0.000179154318708 -3.38502438492E-06 1.06428342509E-07 0.000179186326567644 3.54301066800002E-06 2.86560349899999E-06 
74 122.018110162 38.6999357551 2.51388419826 0.000179131140357 -3.37457772609E-06 1.06872472831E-07 0.000179162955552073 3.53412014100001E-06 2.88404321200001E-06 
75 122.036022155 38.6995980623 2.51389491385 0.000179106717963 -3.37466493953E-06 1.07497362615E-07 0.000179138539512341 3.48035453900001E-06 2.77947246600001E-06 
76 122.053931956 38.6992611431 2.51390567993 0.000179089739973 -3.3614483335E-06 1.0773824986E-07 0.000179121316168752 3.458948031E-06 2.72360519900001E-06 
77 122.071839544 38.6989250119 2.51391649012 0.00017906227355 -3.35664361857E-06 1.08263526285E-07 0.000179093764788918 3.471350673E-06 2.685841989E-06 
78 122.089744868 38.6985896618 2.513927338 0.000179044976622 -3.35490630398E-06 1.08625336888E-07 0.000179076438565616 3.38912382800001E-06 2.66606801500001E-06 
79 122.107648044 38.6982549845 2.51393819219 0.000179019753576 -3.33993186917E-06 1.08421432038E-07 0.000179050939876085 3.452770387E-06 2.65180474299999E-06 
80 122.125549192 38.697920851 2.51394903631 0.000179001925638 -3.34311814944E-06 1.08381935308E-07 0.000179033174489303 3.42422031499999E-06 2.640206943E-06 
81 122.143448351 38.6975871767 2.51395987804 0.000178983770797 -3.34116315941E-06 1.08466714906E-07 0.000179014986369854 3.418806208E-06 2.63172142299999E-06 
82 122.161345776 38.6972540946 2.51397073631 0.000178963310675 -3.32939219713E-06 1.08677835767E-07 0.000178994310610787 3.47598895400001E-06 2.61905500600001E-06 
83 122.179241595 38.6969216546 2.51398164379 0.000178948758509 -3.31701875657E-06 1.09484988925E-07 0.000178979531713285 3.45356055500001E-06 2.60522892799999E-06 
84 122.197135915 38.6965898452 2.51399262283 0.0001789382976 -3.31556482824E-06 1.10252995915E-07 0.000178969046133234 3.39437419399999E-06 2.60192437100002E-06 
85 122.215028841 38.6962586528 2.51400366588 0.000178923555427 -3.30745330649E-06 1.10445102552E-07 0.0001789541565098 3.409976134E-06 2.597883835E-06 
86 122.232920673 38.6959281453 2.51401470835 0.000178916423729 -3.30260147476E-06 1.10106840589E-07 0.000178946936212925 3.33819954799998E-06 2.58530416799999E-06 
87 122.250811673 38.6955983934 2.51402570903 0.000178905424607 -3.29170718247E-06 1.09957939206E-07 0.000178935738131695 3.36378001599999E-06 2.562498971E-06 
88 122.268701983 38.6952694591 2.51403670299 0.000178897575292 -3.29190246115E-06 1.09896300577E-07 0.000178927893701254 3.33373900600001E-06 2.53874287599998E-06 
89 122.286591707 38.6949413318 2.51404768742 0.00017889404245 -3.27190874027E-06 1.09703154202E-07 0.00017892399460578 3.34690993199999E-06 2.51596385299999E-06 
90 122.304480848 38.6946140974 2.51405866674 0.000178886933917 -3.26713900242E-06 1.09859453523E-07 0.000178916800196588 3.347178453E-06 2.50225726900001E-06 
91 122.322369426 38.6942878459 2.51406965261 0.000178881619631 -3.2523031948E-06 1.10175060647E-07 0.000178911216687006 3.43898112500001E-06 2.48919024199999E-06 
92 122.340257482 38.6939625082 2.51408069859 0.00017888002577 -3.25312229209E-06 1.10889906728E-07 0.000178909638423128 3.37575744699999E-06 2.47252380599998E-06 
93 122.358145152 38.6936381608 2.51409181928 0.000178879568512 -3.24290508946E-06 1.11523306383E-07 0.000178908996145824 3.33991266100001E-06 2.45305255300001E-06 
94 122.376032434 38.6933147606 2.51410297437 0.000178868450253 -3.23261562826E-06 1.1169940874E-07 0.000178897693602986 3.38258840300001E-06 2.43344325500001E-06 
95 122.393920737 38.6929925569 2.51411416038 0.000178882881434 -3.21418041961E-06 1.12030172451E-07 0.0001789117904909 3.29297064300001E-06 2.41572962600002E-06 
96 122.411806564 38.6926729439 2.51412540964 0.00017885099834 -3.18732998956E-06 1.12961271974E-07 0.000178879432691201 3.303750332E-06 2.38203369499999E-06 
97 122.429691138 38.6923542211 2.51413673397 0.000178843206686 -3.18122187052E-06 1.13527973941E-07 0.000178871533897716 3.29468908499998E-06 2.35439846299999E-06 
98 122.447575009 38.6920359744 2.51414813228 0.000178835506614 -3.17483220675E-06 1.14278764754E-07 0.000178863721992648 3.32887086099999E-06 2.32670302099998E-06 
99 122.465458305 38.6917181857 2.51415961253 0.000178833057605 -3.17740291996E-06 1.15308441628E-07 0.000178861319680097 3.26487353999999E-06 2.30642969999999E-06 
100 122.483340968 38.6914008267 2.51417117831 0.000178825849584 -3.16318532342E-06 1.15822436467E-07 0.000178853861114784 3.294147088E-06 2.28777382100002E-06 
101 122.501222594 38.6910838198 2.5141827889 0.000178819710189 -3.17478308789E-06 1.1615525823E-07 0.000178847928396661 3.27318952199999E-06 2.26914110999999E-06 
102 122.519104017 38.6907673533 2.51419439809 0.000178808912171 -3.15410419678E-06 1.16131790513E-07 0.000178836766163038 3.36154123200001E-06 2.24841173100001E-06 
103 122.536984665 38.6904515364 2.51420599263 0.000178799380953 -3.1451630794E-06 1.15946257537E-07 0.000178827078831777 3.351862413E-06 2.222080336E-06 
104 122.554863878 38.6901364951 2.51421757588 0.000178766574743 -3.15187122285E-06 1.15735949382E-07 0.000178794395696174 3.22463614799999E-06 2.200765914E-06 
105 122.572741335 38.6898222197 2.51422913159 0.00017876767796 -3.14566607792E-06 1.15501126685E-07 0.000178795389310783 3.16703133999998E-06 2.186520586E-06 
106 122.590617301 38.6895089979 2.51424065049 0.000178750423243 -3.12558186419E-06 1.14981991296E-07 0.00017877778467248 3.171159448E-06 2.15639565700001E-06 
107 122.608491569 38.6891968879 2.51425210831 0.000178732460925 -3.12151457833E-06 1.14266764498E-07 0.00017875975357575 3.118275981E-06 2.12040124499999E-06 
108 122.62636367 38.6888858627 2.51426349969 0.000178713581789 -3.09839444308E-06 1.13633598858E-07 0.000178740474645709 3.15526051200001E-06 2.07979106499998E-06 
109 122.644234682 38.6885760558 2.51427482038 0.000178704351634 -3.09773510823E-06 1.12903009798E-07 0.000178731233987848 3.10327275400001E-06 2.04053213100002E-06 
110 122.662104278 38.6882674693 2.51428605938 0.000178688387439 -3.08494554646E-06 1.1205245129E-07 0.000178715050430361 3.10545897499998E-06 1.998693773E-06 
111 122.6799716 38.6879599623 2.51429722729 0.000178662841889 -3.06246702479E-06 1.11583322292E-07 0.000178689121736522 3.14502473100001E-06 1.94120393699998E-06 
112 122.697836995 38.6876537147 2.51430839452 0.000178642505435 -3.05524288833E-06 1.11936877768E-07 0.000178668664815813 3.08919970800001E-06 1.88591731800002E-06 
113 122.715700182 38.6873487992 2.51431963641 0.00017861556636 -3.03462023402E-06 1.12801357778E-07 0.000178641378717851 3.08968238199998E-06 1.84756855799999E-06 
114 122.733559722 38.6870451137 2.51433099296 0.000178575333515 -3.02835268303E-06 1.14123170811E-07 0.000178601046144933 3.07033627300002E-06 1.80863479299999E-06 
115 122.751416538 38.6867427094 2.5143424369 0.000178553973591 -3.01539567967E-06 1.14957954436E-07 0.000178579470577028 3.061400019E-06 1.779746089E-06 
116 122.769270875 38.6864414821 2.51435396947 0.000178532577285 -3.01599377308E-06 1.15872411639E-07 0.00017855808801866 2.993734646E-06 1.753588714E-06 
117 122.787121379 38.6861413758 2.51436561305 0.000178495622662 -3.00302587717E-06 1.1712895246E-07 0.000178520920883536 2.98179325500001E-06 1.73022320199999E-06 
118 122.804969356 38.6858424084 2.51437735746 0.00017846230862 -2.97806034225E-06 1.17969662825E-07 0.00017848719382136 3.033291211E-06 1.70477577000002E-06 
119 122.822814835 38.6855444951 2.51438918717 0.000178439872309 -2.97590341383E-06 1.18831636317E-07 0.000178464725230894 2.971391025E-06 1.674398454E-06 
120 122.840657289 38.6852476111 2.51440113724 0.000178409448078 -2.95927468314E-06 1.20100550876E-07 0.000178434029529933 3.00752537200002E-06 1.63690992600001E-06 
121 122.858497804 38.6849519318 2.51441318714 0.000178393244132 -2.95353851429E-06 1.20803799582E-07 0.00017841773324211 2.95046786900002E-06 1.60235076099999E-06 
122 122.876335838 38.6846574857 2.51442528761 0.000178371613088 -2.93454769053E-06 1.20962274603E-07 0.000178395791871992 2.956318431E-06 1.573114821E-06 
123 122.894171187 38.6843642329 2.51443736524 0.000178337579991 -2.93217692909E-06 1.20644639631E-07 0.000178361724183522 2.93885006699999E-06 1.55624726199999E-06 
124 122.912005356 38.6840720732 2.51444939041 0.000178339372511 -2.91359285745E-06 1.19978868058E-07 0.000178363211469981 2.93112474299999E-06 1.53945346199999E-06 
125 122.929837826 38.683780976 2.51446135379 0.000178276166915 -2.90318170845E-06 1.19508322497E-07 0.000178299844184386 2.94810172800001E-06 1.506759481E-06 
126 122.947667503 38.6834907291 2.51447329917 0.000178291597327 -2.89707696607E-06 1.19395424142E-07 0.000178315173183966 2.92886190700001E-06 1.489789495E-06 
127 122.965496862 38.6832013729 2.51448525146 0.000178289210104 -2.88342609809E-06 1.19640541858E-07 0.000178312565175398 2.951445249E-06 1.470163104E-06 
128 122.983325234 38.6829128422 2.51449723146 0.000178274231453 -2.88516778852E-06 1.1990518564E-07 0.000178297616839315 2.91387138099999E-06 1.457949132E-06 
129 123.001150436 38.6826250202 2.51450923597 0.000178241158575 -2.86516264231E-06 1.20251616713E-07 0.000178264225877141 2.94592034400001E-06 1.596264664E-06 
130 123.018975077 38.6823380491 2.51452126289 0.000178243636625 -2.8729515412E-06 1.20499210123E-07 0.000178266829129602 2.87035277999999E-06 1.67418260900001E-06 
131 123.036798302 38.6820518754 2.51453329753 0.000178222591765 -2.86392164727E-06 1.20214073776E-07 0.000178245641500877 2.86575342299999E-06 1.686805583E-06 
132 123.054618899 38.6817664106 2.51454531443 0.000178196080419 -2.84991837724E-06 1.20072214125E-07 0.000178218909010206 2.849321745E-06 1.580966886E-06 
133 123.07243824 38.6814819209 2.5145573185 0.000178191068611 -2.83328819792E-06 1.19835732748E-07 0.000178213632518238 2.87948524399999E-06 1.527507531E-06 
134 123.090257059 38.6811982711 2.51456928372 0.000178196092977 -2.83579057518E-06 1.19438354062E-07 0.000178218695781263 2.84153991499998E-06 1.49937892300001E-06 
135 123.108073685 38.6809152071 2.51458119595 0.000178155008361 -2.83426850804E-06 1.18942860666E-07 0.000178177591827614 2.84827374499999E-06 1.477823124E-06 
136 123.125888027 38.6806330332 2.5145930579 0.000178143885329 -2.81343363923E-06 1.18287781104E-07 0.000178166139546642 2.88260419000001E-06 1.46885459900001E-06 
137 123.143702088 38.6803514827 2.51460486667 0.000178141743381 -2.81863712834E-06 1.17829121426E-07 0.00017816407980787 2.878102848E-06 1.46498590700001E-06 
138 123.161515075 38.6800706893 2.51461662598 0.000178101758924 -2.80290376821E-06 1.17309342883E-07 0.000178123851751635 2.91609264900001E-06 1.45356010399999E-06 
139 123.179325809 38.679790636 2.51462834646 0.000178118249639 -2.80427229307E-06 1.17209768174E-07 0.000178140361893886 2.89746165999999E-06 1.45030409600002E-06 
140 123.197136901 38.6795114196 2.51464007003 0.000178106747044 -2.79219902647E-06 1.1749574772E-07 0.000178128671255499 2.89731072900001E-06 1.44604831999999E-06 
141 123.214947152 38.6792327043 2.5146518125 0.000178100110493 -2.7902528145E-06 1.17397966544E-07 0.000178122004959158 2.86759480600001E-06 1.44955321200002E-06 
142 123.232756046 38.6789545467 2.51466351322 0.000178066212312 -2.77571517171E-06 1.16521693171E-07 0.000178087883190187 2.87810600000001E-06 1.447316514E-06 
143 123.250564777 38.6786776008 2.51467509986 0.000178078176947 -2.76992849467E-06 1.15316452741E-07 0.00017809975549258 2.83472693000001E-06 1.44128579999999E-06 
144 123.268373354 38.6784014356 2.51468659559 0.000178083086016 -2.76111199617E-06 1.14556661637E-07 0.00017810452657826 2.81595738300001E-06 1.427137221E-06 
145 123.286180537 38.6781262129 2.5146980017 0.000178066120787 -2.7475393541E-06 1.13605056589E-07 0.000178087352865782 2.81775415500002E-06 1.40454272499999E-06 
146 123.303988395 38.6778518888 2.5147093173 0.00017809334948 -2.73083922386E-06 1.12623195256E-07 0.000178114320861227 2.85766365599999E-06 1.394622383E-06 
147 123.321796441 38.6775786355 2.51472104615 0.000178067858253 -2.72296611409E-06 1.18111264862E-07 0.000178088715637852 2.94251083700001E-06 1.380585824E-06 
148 123.339603472 38.6773064479 2.51473281758 0.000178076352716 -2.71051387308E-06 1.1742039777E-07 0.00017809701869947 2.98306002299999E-06 1.368764754E-06 
149 123.357412228 38.6770352543 2.5147444912 0.000178087991502 -2.71383127864E-06 1.16204713262E-07 0.000178108705853927 2.906131233E-06 1.35545579200001E-06 
150 123.375219583 38.6767651014 2.51475607885 0.000178082098713 -2.69819611207E-06 1.1555260878E-07 0.000178102575772197 2.90736963300001E-06 1.337561774E-06 
151 123.393027677 38.6764961309 2.51476761504 0.000178064603223 -2.69132869392E-06 1.15202477568E-07 0.000178084978150079 2.86230279800001E-06 1.31789252799999E-06 
152 123.410835781 38.6762283794 2.51477910221 0.000178052215901 -2.67037856958E-06 1.14768422763E-07 0.000178072276564186 2.88331740700001E-06 1.294071662E-06 
153 123.428643259 38.6759620228 2.51479056228 0.00017808319029 -2.66125137579E-06 1.14532317286E-07 0.000178103110698273 2.88206480099999E-06 1.27407731200001E-06 
154 123.446451092 38.6756965805 2.514802003 0.000178097208139 -2.64895506927E-06 1.14362392952E-07 0.000178116943575344 2.867314338E-06 1.25123767900001E-06 
155 123.464260498 38.6754320252 2.51481344634 0.000178071888073 -2.63868008414E-06 1.14455206785E-07 0.000178091473839889 2.84650636899999E-06 1.22567496699998E-06 
156 123.482066327 38.6751684927 2.51482489718 0.000178071777447 -2.6310315908E-06 1.14454136372E-07 0.000178091250066125 2.87257923500001E-06 1.21311520499999E-06 
157 123.49987481 38.6749057859 2.51483632062 0.000178061618845 -2.63128130786E-06 1.14057586384E-07 0.000178081096010094 2.90717989100001E-06 1.19893246499999E-06 
158 123.517681607 38.6746438376 2.51484767235 0.000178064905845 -2.6178562656E-06 1.13077075501E-07 0.00017808418416985 2.93089498E-06 1.18783840199999E-06 
159 123.535489649 38.674382772 2.5148589446 0.000178087647552 -2.60818864881E-06 1.12426026168E-07 0.000178106781168614 2.94082908999999E-06 1.17532599600001E-06 
160 123.553294326 38.6741225498 2.51487015178 0.000178023174286 -2.5991623757E-06 1.11655736592E-07 0.000178042182347112 2.879842494E-06 1.146382849E-06 
161 123.571100577 38.6738635069 2.51488126378 0.000178072364485 -2.58760128567E-06 1.1073492296E-07 0.000178091198367341 2.82923850100002E-06 1.14759318E-06 
162 123.588906378 38.6736055289 2.51489314642 0.000178036932228 -2.57481038211E-06 1.23089298583E-07 0.000178055592545241 2.80198030899999E-06 1.12944878699999E-06 
163 123.606710779 38.6733487396 2.5149053811 0.000178059667349 -2.5677479734E-06 1.21690435525E-07 0.000178078222348084 2.748423981E-06 1.11378566600002E-06 
164 123.624511852 38.6730928514 2.51491749138 0.000177994791058 -2.55116772278E-06 1.20619149186E-07 0.000178013113700957 2.73419417399999E-06 1.07696715600001E-06 
165 123.64231384 38.6728384654 2.51492948369 0.000178040251376 -2.5324100183E-06 1.19322324218E-07 0.000178058300700493 2.71640188699999E-06 1.05176899E-06 
166 123.660114593 38.6725854689 2.5149413449 0.000177998947659 -2.52300776494E-06 1.17932062401E-07 0.000178016866739825 2.74655277899999E-06 1.01287015999999E-06 
167 123.677914262 38.6723337502 2.51495306191 0.000177970225492 -2.51524939951E-06 1.16544467649E-07 0.000177988036743563 2.733493233E-06 9.65818739999993E-07 
168 123.695709318 38.6720829267 2.51496467803 0.000177946652714 -2.50086698135E-06 1.15886373029E-07 0.000177964263203113 2.743546205E-06 9.11986116000006E-07 
169 123.713503881 38.6718333714 2.51497652392 0.000177964920294 -2.49516101284E-06 1.27703651506E-07 0.000177982456978075 2.71217906599999E-06 8.84503789999993E-07 
170 123.731296892 38.6715849856 2.51498923102 0.000177914573656 -2.47904277002E-06 1.2648354537E-07 0.000177931889132721 2.669643442E-06 8.50721911000021E-07 
171 123.74908897 38.6713377573 2.51500181206 0.000177912316408 -2.45634645423E-06 1.25203055725E-07 0.000177929316424722 2.70477426100001E-06 8.30205651999991E-07 
172 123.766876206 38.671091399 2.51501429953 0.000177785066652 -2.44639888442E-06 1.24513648828E-07 0.000177801941203145 2.65735133599999E-06 7.94458810000009E-07 
173 123.784661195 38.6708462015 2.51502672376 0.000177858842022 -2.44642063186E-06 1.24056912625E-07 0.000177875709554262 2.609488821E-06 7.97615445000002E-07 
174 123.802447789 38.6706017419 2.51503913078 0.000177829039186 -2.43984269378E-06 1.24055542012E-07 0.000177845819180446 2.600402117E-06 7.77494902000006E-07 
175 123.820229822 38.670358704 2.51505153748 0.000177791511248 -2.43105281168E-06 1.24320346279E-07 0.000177808174573526 2.58796197000002E-06 7.61257592999992E-07 
176 123.838004825 38.6701162642 2.51506398822 0.000177754421143 -2.41371073622E-06 1.24375741229E-07 0.000177770851673513 2.57471559900001E-06 7.32318988999988E-07 
177 123.855781465 38.6698750981 2.51507643277 0.000177762325104 -2.40953178271E-06 1.24276408792E-07 0.000177778698145807 2.54991823800001E-06 7.07882895000021E-07 
178 123.873556217 38.6696350319 2.51508901792 0.000177720994421 -2.38880173179E-06 1.36556034777E-07 0.000177737100458102 2.56888537599999E-06 6.72091942000003E-07 
179 123.891330732 38.6693959426 2.51510261862 0.000177748867211 -2.39186604824E-06 1.35085429562E-07 0.000177765010803757 2.505728043E-06 6.68802870000003E-07 
180 123.909101359 38.6691578711 2.51511601092 0.000177696135488 -2.37593996559E-06 1.3268389848E-07 0.000177712068422791 2.53017757599998E-06 6.52429621999997E-07 
181 123.926872241 38.6689207829 2.5151291738 0.000177679321604 -2.36018598026E-06 1.30788985611E-07 0.000177695044695337 2.58248210699999E-06 6.35423613000008E-07 
182 123.944639329 38.6686844675 2.51514215401 0.000177686057714 -2.36303871617E-06 1.28882792821E-07 0.000177701816728731 2.52765281800001E-06 6.27004054999994E-07 
183 123.962408603 38.6684490446 2.51515496944 0.000177662296848 -2.33919027725E-06 1.27273619539E-07 0.000177677741236865 2.60486033500001E-06 6.10484717E-07 
184 123.980175235 38.6682141663 2.51516763724 0.000177589464722 -2.35188479314E-06 1.25964306684E-07 0.000177605082160768 2.56645012399999E-06 5.86039492000013E-07 
185 123.997939519 38.6679803961 2.51518013786 0.000177653794799 -2.33336932503E-06 1.24206596295E-07 0.000177669161213112 2.58341334200002E-06 6.77102051999996E-07 
186 124.015703596 38.6677473451 2.51519248712 0.000177646208771 -2.32532541816E-06 1.22803367097E-07 0.000177661469400872 2.58398108900001E-06 7.88587161000017E-07 
187 124.033466621 38.6675149987 2.51520469451 0.000177566575354 -2.31240916997E-06 1.21619286218E-07 0.000177581673351638 2.59847528000001E-06 8.38986297999999E-07 
188 124.051226606 38.6672833629 2.51521675087 0.000177565618734 -2.3092563127E-06 1.19686979647E-07 0.000177580674472419 2.58208741499999E-06 8.41661020999996E-07 
189 124.06898699 38.6670525674 2.51522863064 0.000177597363873 -2.29468584535E-06 1.18245007609E-07 0.000177612227111901 2.60602316800001E-06 7.54436587000005E-07 
190 124.086755318 38.6668287209 2.51524041604 0.000177517090658 -2.19982437037E-06 1.16493764901E-07 0.000177530758669416 2.40345847E-06 6.64818811999993E-07 
191 124.104507269 38.6666072315 2.51525198452 0.000177526365613 -2.226857553E-06 1.1512908124E-07 0.00017754036903484 2.44026533799998E-06 6.59274410000008E-07 
192 124.122258944 38.6663855957 2.51526342292 0.000177443013161 -2.21074393459E-06 1.13774181388E-07 0.000177456820812736 2.495081699E-06 6.38414968000001E-07 
193 124.140010585 38.6661645074 2.51527472789 0.000177490621967 -2.19794108489E-06 1.12500007978E-07 0.000177504266110696 2.52031734800001E-06 6.43353639999975E-07 
194 124.157757388 38.6659444209 2.51528593385 0.000177441860605 -2.19838724999E-06 1.11547039504E-07 0.000177455513422962 2.52486361299999E-06 6.39903206000014E-07 
195 124.175502606 38.6657249497 2.5152970568 0.000177439709771 -2.19346707857E-06 1.10890595534E-07 0.000177453301457498 2.55562583100001E-06 6.44682740000009E-07 
196 124.193246626 38.6655063381 2.51530811505 0.000177447964615 -2.18368694161E-06 1.10361454521E-07 0.000177461434724043 2.58124750700001E-06 6.45871352999999E-07 
197 124.210992119 38.665288479 2.51531915584 0.000177490684846 -2.17306748598E-06 1.10592993205E-07 0.000177504021532502 2.61689379999999E-06 6.61441147000006E-07 
198 124.228734641 38.6650710684 2.51533025114 0.000177430899164 -2.16272115775E-06 1.11016766897E-07 0.00017744411420409 2.58725827899999E-06 6.62792206000006E-07 
199 124.246476725 38.6648544521 2.51534136185 0.000177422551303 -2.16560996349E-06 1.11068170676E-07 0.00017743580223145 2.559244087E-06 6.71712837999993E-07 
200 124.264219808 38.6646384691 2.51535356333 0.000177433970782 -2.15880375062E-06 1.28790535468E-07 0.000177447149901325 2.540029535E-06 6.64575477000003E-07 
201 124.281961273 38.6644232553 2.51536640669 0.000177400835406 -2.15498412745E-06 1.28185143982E-07 0.000177413970111622 2.51977425100002E-06 6.4910831000002E-07 
202 124.299706672 38.6642086041 2.51537918244 0.000177439516033 -2.1328862583E-06 1.27332697179E-07 0.000177452380281111 2.58057215E-06 6.38689466000015E-07 
203 124.317447586 38.6639952017 2.51539188975 0.000177389257405 -2.12664909565E-06 1.26768710569E-07 0.000177402050014591 2.61555045999998E-06 6.23347692999985E-07 
204 124.335190074 38.6637824935 2.5154045491 0.00017743437665 -2.11963083315E-06 1.2635982457E-07 0.000177447081742271 2.68459114199999E-06 6.21603667999994E-07 
205 124.352931458 38.6635702812 2.51541720672 0.000177413689657 -2.1212438129E-06 1.26792194493E-07 0.000177426415815923 2.67267087500001E-06 6.04850541999999E-07 
206 124.370673835 38.6633588571 2.51543081912 0.000177450045896 -2.11083251568E-06 1.44494894541E-07 0.000177462658836095 2.64807623700001E-06 5.93271273000007E-07 
207 124.388418338 38.663148316 2.51544524893 0.000177462095555 -2.10303218782E-06 1.44237380688E-07 0.000177474614825831 2.61969748599998E-06 5.7965926800001E-07 
208 124.40615985 38.6629387745 2.51545966825 0.000177425795582 -2.09069677699E-06 1.44092727013E-07 0.000177438171523584 2.61652257000001E-06 5.58587819000022E-07 
209 124.42390098 38.6627304641 2.51547423452 0.000177434669386 -2.07524315558E-06 1.47025214834E-07 0.000177446865711085 2.639787045E-06 5.39377926000014E-07 
210 124.441642923 38.6625229209 2.51548889179 0.000177422795811 -2.06973488421E-06 1.46021147178E-07 0.000177434927784972 2.65907840499998E-06 5.17397183000013E-07 
211 124.459388787 38.6623159204 2.51550343177 0.000177445247775 -2.06546328659E-06 1.44845617331E-07 0.000177457327481207 2.64856810300001E-06 4.96876153000008E-07 
212 124.477132135 38.6621099108 2.51551786218 0.000177415702775 -2.06225563818E-06 1.43810541416E-07 0.000177427746338999 2.682445974E-06 4.78798056000019E-07 
213 124.494873465 38.6619043781 2.51553216741 0.000177433755836 -2.04777349178E-06 1.42229519471E-07 0.000177445629181389 2.736246928E-06 4.74849316999985E-07 
214 124.512618419 38.6616995915 2.51554628843 0.000177432524424 -2.04724271848E-06 1.40179849713E-07 0.000177444390096199 2.73073817300002E-06 4.65614090000018E-07 
215 124.530360159 38.6614953494 2.51556021958 0.000177439156842 -2.03855893914E-06 1.38422049076E-07 0.000177450920718975 2.72998038800001E-06 4.58678742000024E-07 
216 124.548101732 38.6612922215 2.51557395327 0.000177401341417 -2.01221115231E-06 1.36243296457E-07 0.000177412805322807 2.747443417E-06 4.38801088999997E-07 
217 124.565839646 38.6610891427 2.51558744097 0.000177422001331 -2.02606935201E-06 1.33420804351E-07 0.0001774336194593 2.65665203900002E-06 4.35632726000003E-07 
218 124.5835809 38.6608871101 2.51560064504 0.0001774030302 -2.02012095423E-06 1.30674591961E-07 0.000177414579695866 2.61004032900002E-06 4.28827013999997E-07 
219 124.601320741 38.6606856482 2.51561355371 0.000177651095738 -2.04937613358E-06 1.27448422836E-07 0.000177662961819703 2.53067735900002E-06 4.66388868000021E-07 
220 124.619059202 38.6604852424 2.51562614951 0.000177373398805 -1.99738759545E-06 1.24412716219E-07 0.00017738468828895 2.53476871299999E-06 4.00481918000009E-07 
221 124.636796779 38.6602863913 2.51563844452 0.000177396611775 -1.98083051787E-06 1.21318776904E-07 0.000177407711999891 2.47402621300001E-06 3.75081539999981E-07 
222 124.654535525 38.6600872855 2.51565040704 0.000177374701827 -1.99739185281E-06 1.18422719327E-07 0.000177385987175908 2.50771639800001E-06 3.54651773000009E-07 
223 124.672274407 38.6598887268 2.51566211886 0.000177392888199 -1.97602464553E-06 1.15802165949E-07 0.000177403931374489 2.508010288E-06 3.2565267199999E-07 
224 124.690009083 38.659691207 2.51567358944 0.000177363817299 -1.96968318036E-06 1.13714922264E-07 0.000177374790400969 2.512153651E-06 2.73138329000017E-07 
225 124.707742338 38.659495151 2.51568489295 0.000177353250488 -1.95520081233E-06 1.12438667216E-07 0.000177364063190179 2.52058901E-06 2.33881390999989E-07 
226 124.725477684 38.6593001535 2.51569608694 0.000177270504714 -1.9512322535E-06 1.11634241665E-07 0.000177281278230577 2.49311592899999E-06 1.99132227999996E-07 
227 124.743204553 38.6591060954 2.5157072672 0.000177329486023 -1.93451840207E-06 1.12102397788E-07 0.000177340073140779 2.45686792099998E-06 1.89701500999997E-07 
228 124.76093513 38.6589130402 2.51571852105 0.000177290484772 -1.92183410669E-06 1.12929046496E-07 0.000177300936799538 2.461689201E-06 1.67392235000014E-07 
229 124.778660679 38.6587205821 2.51572984022 0.000177262112319 -1.91395038131E-06 1.13332827853E-07 0.000177272480983896 2.424716259E-06 1.52182720999987E-07 
230 124.796381413 38.6585293269 2.51574121592 0.000177188807402 -1.91461255107E-06 1.14101592177E-07 0.000177199188003041 2.41086612799999E-06 1.35117197999987E-07 
231 124.814102612 38.6583387717 2.51575264828 0.000177181139249 -1.90524972126E-06 1.14507424108E-07 0.000177191419639959 2.403068885E-06 1.25059558000014E-07 
232 124.831819359 38.6581490779 2.5157641123 0.000177094288614 -1.89621001685E-06 1.14796027738E-07 0.000177104477216853 2.38451246300001E-06 9.59109090000083E-08 
233 124.84953548 38.6579602276 2.51577559036 0.000177190262397 -1.8849276019E-06 1.15200040249E-07 0.000177200325370557 2.36918756199998E-06 9.01244639999865E-08 
234 124.867246047 38.657772258 2.51578718522 0.000177112770528 -1.87365182581E-06 1.16651774092E-07 0.000177122719217227 2.36013451299999E-06 5.04073330000133E-08 
235 124.884959683 38.6575858814 2.51579886978 0.000177167507288 -1.85216788991E-06 1.16651418444E-07 0.000177177227013207 2.318029361E-06 3.61949690000081E-08 
236 124.902669667 38.6574002095 2.51581059607 0.000177134823308 -1.85410438037E-06 1.17912578673E-07 0.000177144565919437 2.29777302399999E-06 2.86331040000049E-08 
237 124.920378347 38.6572156724 2.51582244625 0.000177121714723 -1.84556129874E-06 1.1918267309E-07 0.000177131369687678 2.32004079899999E-06 1.78366460000079E-08 
238 124.938087326 38.6570314986 2.51583444366 0.00017701180949 -1.83731708273E-06 1.20814094456E-07 0.000177021385795705 2.331821203E-06 -1.5921584999983E-08 
239 124.955791348 38.6568477868 2.51584658599 0.000177074225194 -1.83022399349E-06 1.21906914471E-07 0.00017708372542167 2.33980907300002E-06 -1.46898519999908E-08 
240 124.97349388 38.6566648629 2.5158588116 0.000177023214753 -1.82739463326E-06 1.22588652749E-07 0.000177032688960571 2.35400181300001E-06 -3.28273359999907E-08 
241 124.991196096 38.6564828093 2.51587110314 0.000177031557468 -1.810424996E-06 1.2326571143E-07 0.000177040857354023 2.36519655400001E-06 -4.22069559999827E-08 
242 125.008895418 38.6563012052 2.51588346326 0.000176974006549 -1.80762688872E-06 1.23923056399E-07 0.000176983281317469 2.386987935E-06 6.19766999999959E-08 
243 125.026596298 38.6561202774 2.51589708053 0.000176975307246 -1.8050786722E-06 1.4666622092E-07 0.00017698457332437 2.37845706500001E-06 1.54421463999997E-07 
244 125.044294782 38.6559409972 2.51591174346 0.000176952522007 -1.78747391283E-06 1.46616071679E-07 0.000176961610537143 2.35167848599999E-06 2.00632542000012E-07 
245 125.061988605 38.655762805 2.51592637927 0.000176900662383 -1.77979709086E-06 1.46131079875E-07 0.000176909675776994 2.378387349E-06 1.83031180000024E-07 
246 125.079678409 38.6555850879 2.51594095557 0.000176892170686 -1.76739400192E-06 1.4550404554E-07 0.000176901059643492 2.39604155000001E-06 9.69289569999947E-08 
247 125.097371153 38.6554081131 2.51595548668 0.000176904300844 -1.77586054224E-06 1.45132532312E-07 0.000176913273671655 2.39724189399999E-06 5.73843450000025E-08 
248 125.115058494 38.6552314174 2.51596996266 0.000176870089198 -1.75953644525E-06 1.44313470455E-07 0.000176878899950753 2.39970025399998E-06 3.26283110000053E-08 
249 125.132750621 38.6550554227 2.51598436758 0.000176980994305 -1.77681800136E-06 1.43630964748E-07 0.000176989971629046 2.38672545999999E-06 4.23036019999963E-08 
250 125.150436507 38.6548803795 2.51599867286 0.000176914687379 -1.74531667622E-06 1.42432577651E-07 0.000176923353539743 2.39454319500001E-06 3.01134700000092E-08 
251 125.168122462 38.6547061989 2.51601285261 0.000176855144129 -1.74059266999E-06 1.41161841858E-07 0.00017686376563445 2.41596711700001E-06 2.61954719999987E-08 
252 125.185807319 38.6545326747 2.51602690405 0.000176882390007 -1.72585363644E-06 1.39937359149E-07 0.00017689086479473 2.449284262E-06 2.95937850000063E-08 
253 125.203492473 38.654359865 2.51604085398 0.00017675107327 -1.72904301619E-06 1.38967504413E-07 0.000176759584757987 2.445520495E-06 1.09313920000056E-08 
254 125.221172648 38.6541876249 2.51605471132 0.000176846068615 -1.71417464015E-06 1.38093462985E-07 0.000176854430108727 2.470102147E-06 3.82790920000009E-08 
255 125.238857799 38.6540160483 2.51606848568 0.000176750285313 -1.70089797119E-06 1.37294464331E-07 0.000176758522459046 2.45100704499999E-06 3.94922789999981E-08 
256 125.256539122 38.6538450424 2.51608213245 0.000176813658069 -1.70879470968E-06 1.3563631841E-07 0.000176821967120355 2.40432702999999E-06 5.44246009999861E-08 
257 125.274219936 38.6536749871 2.51609562581 0.000176823336698 -1.70180254663E-06 1.34206209139E-07 0.000176831576773574 2.379995654E-06 5.06859819999919E-08 
258 125.291900599 38.6535054401 2.5161089681 0.000176836762462 -1.69098186424E-06 1.3262365973E-07 0.000176844896920273 2.39883671600001E-06 4.13532590000094E-08 
259 125.309581635 38.6533369106 2.51612215295 0.000176775603579 -1.68222489148E-06 1.31072718549E-07 0.000176783656148873 2.43539272699999E-06 2.09371210000114E-08 
260 125.32725669 38.6531692672 2.5161351872 0.000176796124727 -1.67447537021E-06 1.29549051951E-07 0.000176804101675293 2.464225861E-06 1.81153550000057E-08 
261 125.344942447 38.6530019452 2.51614807423 0.000176828480777 -1.67201703866E-06 1.2800565045E-07 0.000176836431880781 2.49966016000001E-06 1.75460170000023E-08 
262 125.362619027 38.6528357947 2.51616079657 0.000176815625516 -1.65694425193E-06 1.2660739134E-07 0.000176823434307503 2.481367314E-06 -2.22846700001587E-09 
263 125.38030113 38.6526703751 2.51617522874 0.000176862508115 -1.64947354739E-06 1.49248947545E-07 0.000176870262664362 2.38473484999999E-06 -1.14468579999949E-08 
264 125.397982649 38.65250611 2.51619004418 0.000176800238213 -1.63928536868E-06 1.47091101338E-07 0.000176807898931257 2.35219117999998E-06 -3.61909180000212E-08 
265 125.415668944 38.6523429862 2.51620466378 0.000176780103028 -1.60084708197E-06 1.45266388628E-07 0.00017678741086484 2.35672239000002E-06 -5.96012130000189E-08 
266 125.433346071 38.6521815435 2.51621912121 0.000176792438137 -1.61491624986E-06 1.44028418388E-07 0.000176799872401267 2.34829946800001E-06 -7.35207920000037E-08 
267 125.451026625 38.6520207484 2.51623346349 0.000176791880528 -1.6024447262E-06 1.42833101973E-07 0.00017679920036873 2.354484467E-06 -9.02124479999821E-08 
268 125.468706868 38.651860793 2.51624769564 0.000176808914523 -1.60207081922E-06 1.4183735623E-07 0.000176816229468754 2.36417608499999E-06 -1.03995496000001E-07 
269 125.486387482 38.6517013699 2.5162618652 0.000176818793639 -1.58556026367E-06 1.41824971393E-07 0.0001768259593488 2.363737344E-06 -1.0950704699999E-07 
270 125.504065245 38.6515430477 2.51627604863 0.000176753249166 -1.5849008714E-06 1.41873683887E-07 0.000176760411658415 2.36061195799998E-06 -1.26032650000005E-07 
271 125.521743438 38.6513850964 2.51629020975 0.000176837952737 -1.57302966886E-06 1.41016201275E-07 0.000176845005120647 2.36183599099999E-06 -1.15007466999995E-07 
272 125.539422688 38.6512282986 2.51630422154 0.000176784435634 -1.57191963837E-06 1.39138967598E-07 0.000176791478791919 2.35385796299998E-06 -1.30690913000003E-07 
273 125.557097311 38.6510719376 2.51631803479 0.000176773276748 -1.55668067687E-06 1.36937853428E-07 0.000176780183784638 2.31605158300001E-06 -1.39573733999999E-07 
274 125.574776571 38.6509164676 2.51633161291 0.000176762313419 -1.54641984328E-06 1.34568394794E-07 0.00017676912900227 2.24238845000001E-06 -1.4499465300001E-07 
275 125.592451012 38.6507621365 2.51634495252 0.000176722397076 -1.5438491425E-06 1.3220130837E-07 0.000176729189936604 2.18781203099999E-06 -1.48300399999986E-07 
276 125.610124287 38.6506086817 2.51635805847 0.000176712031095 -1.53441561383E-06 1.29938246602E-07 0.000176718740514254 2.14273958699999E-06 -1.50418339000001E-07 
277 125.627795219 38.6504560411 2.51637091843 0.000176675413621 -1.52045126932E-06 1.27400113255E-07 0.00017668200185928 2.11037753599999E-06 -1.69008488999981E-07 
278 125.645465666 38.6503047776 2.51638350517 0.000176727358171 -1.51131008669E-06 1.24380777222E-07 0.000176733863916502 2.08854146200002E-06 -1.78548095999993E-07 
279 125.663135605 38.6501540858 2.51639580771 0.000176652614513 -1.50428445667E-06 1.21667495782E-07 0.000176659061157317 2.07718245100001E-06 -2.13620294999982E-07 
280 125.680800868 38.6500042733 2.51640783982 0.000176603891325 -1.48928358441E-06 1.189717233E-07 0.000176610210777854 2.06557925899999E-06 -2.47196779999995E-07 
281 125.698467831 38.649855388 2.51642105039 0.000176655549479 -1.47958028857E-06 1.34037182264E-07 0.000176661796338439 2.05288052600001E-06 -2.80648192000011E-07 
282 125.716131402 38.6497074361 2.51643431641 0.000176743488794 -1.4725018646E-06 1.31370641092E-07 0.000176749671431269 2.03911966700001E-06 -2.86580349000007E-07 
283 125.733797024 38.649560681 2.51644733578 0.000176496436759 -1.44634277989E-06 1.29126730258E-07 0.000176502410096217 2.04047998300002E-06 -3.37917197999998E-07 
284 125.751453262 38.6494148596 2.51646005225 0.000176585271272 -1.4533943209E-06 1.26101478308E-07 0.000176591297313431 1.939666017E-06 -3.35217714000002E-07 
285 125.769109289 38.6492700471 2.51647257703 0.000176553339614 -1.4448489791E-06 1.24351425995E-07 0.000176559295367607 1.89428579199999E-06 -3.49124910999993E-07 
286 125.786759969 38.6491262891 2.51648493255 0.000176517425596 -1.43432306185E-06 1.2272696183E-07 0.000176523295583309 1.86836283599999E-06 -3.57259426999993E-07 
287 125.804412873 38.6489834834 2.5164970337 0.000176516819474 -1.42287318937E-06 1.19883487945E-07 0.000176522594863605 1.81039707700001E-06 -3.6090158700002E-07 
288 125.822062489 38.6488417772 2.51650895925 0.000176485386779 -1.41462665586E-06 1.1848540088E-07 0.000176491095962088 1.79498296599999E-06 -3.73404763999978E-07 
289 125.839706283 38.6487006274 2.51652077283 0.000176446294954 -1.3997830593E-06 1.1816180715E-07 0.000176451886807197 1.77887669700001E-06 -3.90304193000014E-07 
290 125.85735236 38.6485611387 2.51653259746 0.000176430501757 -1.38879248357E-06 1.18450766059E-07 0.000176436007451351 1.75506398899998E-06 -4.10430911999989E-07 
291 125.874994339 38.6484224054 2.51654446707 0.000176374183588 -1.37108335832E-06 1.18892955077E-07 0.000176379552787288 1.75112224299999E-06 -4.40305836000015E-07 
292 125.892634623 38.6482848684 2.51655635981 0.000176343267997 -1.37336851883E-06 1.18839207071E-07 0.000176348655882905 1.73742111299999E-06 -4.61530661E-07 
293 125.910274505 38.648148712 2.51656819382 0.000176345966662 -1.35836020036E-06 1.17932892311E-07 0.000176351237615607 1.739374762E-06 -4.58129526000007E-07 
294 125.92791094 38.6480129468 2.51657994948 0.000176403135859 -1.34774518484E-06 1.17160007335E-07 0.000176408323172234 1.73995417599999E-06 -4.56089310000012E-07 
295 125.945542401 38.6478782296 2.51659164162 0.0001763116004 -1.34807458143E-06 1.16456320098E-07 0.000176316792458237 1.74624331699999E-06 -4.77430613999999E-07 
296 125.963179923 38.6477436418 2.51660324466 0.000176338207962 -1.33667847768E-06 1.15658757663E-07 0.000176343311961499 1.75787782099999E-06 -4.75569674000001E-07 
297 125.980811498 38.6476104421 2.51661477203 0.000176294351837 -1.33166434373E-06 1.14874301589E-07 0.000176299418648098 1.768678891E-06 -4.88992879999991E-07 
298 125.998437596 38.6474774328 2.51662621356 0.000176222515116 -1.32050798454E-06 1.13973941101E-07 0.00017622749945796 1.77967495200001E-06 -5.05518888000014E-07 
