0 0.0106916600000204 31.0082672806 2.78565999461 0.000135855208702 -4.28564026552E-06 5.23797273117E-07 0.000135923797796901 -2.6113551982E-05 -7.9817700135E-05 
1 0.024376607000022 31.0077810613 2.78602998034 0.000133389930708 -3.72661832454E-06 3.56205617447E-07 0.000133442452693525 -4.1987847893E-05 -8.3723447219E-05 
2 0.0379749549999815 31.0073190958 2.78571036283 0.000135074121295 -3.88866827408E-06 3.5274772888E-07 0.000135130545827072 -3.4701872112E-05 -8.16721392403E-05 
3 0.0516022450000264 31.0068580898 2.78611442231 0.000135082123821 -4.0214977111E-06 1.17173981272E-07 0.00013514202288546 -2.986753524E-05 -7.2538554535E-05 
4 0.0652280450000262 31.0064044681 2.78614244105 0.00013474418066 -3.94593824403E-06 4.89729811771E-07 0.000134802835599437 -3.200585739E-05 -7.40472874744E-05 
5 0.0788406149999901 31.0059596421 2.78619294182 0.000135049234397 -3.31179745671E-06 6.5469679597E-08 0.000135089851579936 -2.7267104025E-05 -8.37909817663E-05 
6 0.0924341209999966 31.0055100197 2.78587200153 0.000136640216549 -5.12668486776E-06 8.27741382578E-07 0.000136738863649247 -3.0154384692E-05 -7.96361465597E-05 
7 0.106020906000026 31.0050597759 2.78590905461 0.000136029750083 -4.78298677388E-06 5.2903700027E-07 0.00013611484030138 -2.9912400014E-05 -7.87136836848E-05 
8 0.119655632999979 31.0046281536 2.78663085859 0.000135096053346 -3.02106318484E-06 -1.5949705574E-07 0.000135129922266472 -2.6461024449E-05 -8.30939212821E-05 
9 0.133304093999982 31.0041855415 2.78699799595 0.000134742617818 -4.36440504178E-06 3.60347022718E-09 0.000134813282360461 -2.9195047155E-05 -7.54262838602E-05 
10 0.146882877999985 31.0037285814 2.78667038337 0.000135768308259 -4.24942184588E-06 1.99455500273E-07 0.000135834939894092 -2.8753998138E-05 -7.94880331749E-05 
11 0.160508756000013 31.0032715989 2.7870329683 0.000136136648242 -1.9384301352E-06 -4.34657343393E-06 0.000136219812092704 -4.56896617500002E-06 -7.51732426942E-05 
12 0.17406969000001 31.0028657682 2.78670139544 0.000134583856875 -3.65048228162E-06 2.30172511778E-07 0.000134633552770563 -2.7601451477E-05 -7.94879877276E-05 
13 0.187676807000003 31.0024259131 2.78673528101 0.000135071007119 -3.56156044817E-06 -1.05020295503E-07 0.000135117995493677 -2.5713924369E-05 -7.701804625E-05 
14 0.201208726000004 31.0019752309 2.7867541823 0.000134989018636 -4.08063921762E-06 -4.79396956162E-08 0.000135050690731107 -2.6547113264E-05 -7.1675415122E-05 
15 0.214824754999995 31.0015617922 2.78710448239 0.00013657085091 -4.18929162478E-06 1.66554051757E-06 0.00013664523960905 -2.3637277083E-05 -8.1325692253E-05 
16 0.228381234999972 31.0011250452 2.7870608499 0.000144439730912 -3.9211259923E-06 0.000702620409502 0.000717323951185053 -1.2008253057E-05 -9.41110180319E-05 
17 0.241955731000019 31.0007038096 2.78676639088 0.000151183107614 4.49262888585E-07 -5.99081276586E-05 0.000162620778575582 5.57515255999E-05 -7.0151772775E-05 
18 0.255564364000008 31.0002671796 2.78748862141 0.000135202132334 -4.34986017096E-06 1.70283652441E-07 0.000135272195471537 -2.9764262993E-05 -6.8718188413E-05 
19 0.269090113000004 30.9998408826 2.78749574894 0.000135617586993 -4.88678694795E-06 2.82918902895E-07 0.000135705897556385 -2.6646387437E-05 -7.1701927508E-05 
20 0.282657749000009 30.9994081875 2.78785473093 0.000134773937295 -4.95493741062E-06 1.15844031924E-06 0.000134869965384117 -1.4749612704E-05 -7.5343188028E-05 
21 0.296203918000003 30.9989864677 2.78713799132 0.00013622289806 -5.7880697204E-06 1.06913229162E-06 0.00013635000091973 -3.6807944742E-05 -6.7907365798E-05 
22 0.309787820999986 30.998554253 2.78749420214 0.000134373929371 -2.82243306542E-06 -1.676338699E-07 0.000134403672286607 -3.2464038611E-05 -7.9673114561E-05 
23 0.323319818000016 30.9981676022 2.78749189963 0.000136563018476 -5.46209639661E-06 9.57226528461E-07 0.000136675560342546 -2.515378445E-05 -7.5053256108E-05 
24 0.336879020000026 30.9977553974 2.7878742356 0.00013567774741 -5.05058334401E-06 6.61536238674E-07 0.00013577333009307 -2.8923521906E-05 -7.7671933011E-05 
25 0.350426851000009 30.9973298637 2.78787434116 0.000136047640997 -3.22684173558E-06 -8.05073003009E-08 0.000136085927302791 -3.3274798349E-05 -7.8382573915E-05 
26 0.363994783999999 30.996927236 2.7882393067 0.000134670191643 -3.61011594103E-06 -1.02747456499E-07 0.000134718610486116 -2.9998803653E-05 -8.47636620111E-05 
27 0.377500817999987 30.9965562851 2.78717656236 0.000135173525735 -3.40072451712E-06 -1.29750549404E-07 0.000135216359299003 -2.7379508373E-05 -7.6930524932E-05 
28 0.39109681299999 30.9961264818 2.78788720533 0.000134552107813 -3.93290762187E-06 -3.53107180611E-07 0.000134610037381929 -3.1050113745E-05 -6.5268111572E-05 
29 0.404662456999972 30.9957238875 2.78785197593 0.000134806993468 -3.94408884735E-06 9.69500527351E-07 0.000134868162499493 -1.4180758033E-05 -7.3498650673E-05 
30 0.418200958999989 30.9953142285 2.7882279581 0.000134650597936 -3.59657054102E-06 -3.35125530224E-08 0.000134698626449085 -2.9730847091E-05 -7.3575394173E-05 
31 0.431738635999977 30.9949153521 2.78822080109 0.000137032481846 -4.70119562957E-06 7.20619398589E-07 0.00013711499412369 -2.6683363812E-05 -6.85308474569E-05 
32 0.445276550000017 30.9945407576 2.78783773712 0.000133907049619 -3.44662460331E-06 1.31585718559E-06 0.000133957861430206 -3.041060924E-05 -7.5792813705E-05 
33 0.458788466999977 30.9941478951 2.78784701365 0.000135436098509 -4.49002265585E-06 -4.75870709826E-08 0.000135510513788853 -2.527675731E-05 -8.19821938122E-05 
34 0.472319271999993 30.9937566022 2.7878286355 0.000134678325351 -3.22559205198E-06 6.67547714574E-07 0.000134718600732738 -1.418532122E-05 -7.2334829098E-05 
35 0.485840353000015 30.993371541 2.78816771703 0.000137472229823 -4.32992277294E-06 7.64570306012E-07 0.000137542527137901 -2.5229277921E-05 -7.4017543186E-05 
36 0.499388662999991 30.993002946 2.78816407043 0.000135142069582 -4.26365163597E-06 -1.58762330773E-07 0.000135209403895057 -2.3807136269E-05 -7.76509463901E-05 
37 0.51288138000001 30.9926379478 2.78814496025 0.000135429038686 -2.16285091257E-06 -3.0633853594E-07 0.00013544665476409 -2.9310077038E-05 -8.45759628681E-05 
38 0.526396390999992 30.9922596116 2.78704485292 0.000134345394008 -3.26437572337E-06 1.91603750237E-06 0.0001343987062428 -1.1484753904E-05 -5.0605508141E-05 
39 0.539922165000007 30.991895952 2.78774081401 0.000134759293588 -3.35807216752E-06 -3.5976450796E-07 0.000134801607139975 -2.4874114136E-05 -7.3715775533E-05 
40 0.553411165999989 30.9915341545 2.787723234 0.000134666047704 -2.86046902869E-06 -3.35285129654E-07 0.000134696841475212 -2.4771788299E-05 -7.2718621738E-05 
41 0.567009319000022 30.9911566154 2.7883982679 0.000140671600315 -4.53663079781E-06 -1.54765925809E-06 0.000140753242958583 -3.5642420933E-05 -6.8375409499E-05 
42 0.580545148999988 30.9907707315 2.78833953812 0.000134386493036 -3.6656047588E-06 1.56180460897E-07 0.000134436567053384 -3.5839335893E-05 -8.976728108E-05 
43 0.594045046000019 30.9904105809 2.78831844078 0.00013487119509 -3.07024503902E-06 -4.23250209939E-07 0.000134906800459965 -2.953724859E-05 -8.01819333621E-05 
44 0.607531381999991 30.9900656424 2.78793011447 0.000134235322245 -2.8427708639E-06 -4.14509222025E-07 0.000134266060128011 -2.7153345313E-05 -6.8934738494E-05 
45 0.621045937000019 30.9897102496 2.78822904399 0.000134863170152 -3.33796771015E-06 -2.88515444149E-07 0.000134904780986601 -2.4968984457E-05 -7.3498785917E-05 
46 0.634530751999989 30.989376155 2.78818911006 0.000134065847802 -3.39326887181E-06 -4.41486969225E-07 0.000134109510219259 -2.5889732137E-05 -7.7798022986E-05 
47 0.64801419600002 30.9890632234 2.78850500473 0.000135243785328 -3.13869895385E-06 -4.42125567167E-07 0.000135280923917551 -2.7296043019E-05 -7.98793086983E-05 
48 0.661468092000007 30.9887532685 2.78807742359 0.000134346495481 -3.28950661576E-06 -1.88292036349E-07 0.000134386893541344 -2.2073934185E-05 -7.2182306666E-05 
49 0.674930092000011 30.9884541511 2.78838557714 0.000134729237622 -3.20863435936E-06 -3.88695798885E-07 0.000134768000241457 -2.7356139421E-05 -8.32272276473E-05 
50 0.688417287999982 30.9881332168 2.78832551991 0.00013471915938 -3.19522955494E-06 -3.73720853802E-07 0.000134757564029776 -2.413186266E-05 -8.1278986436E-05 
51 0.701875116999986 30.9878191111 2.78791610807 0.000134590727312 -3.12911962704E-06 9.5684359322E-07 0.000134630497353591 -1.1559014251E-05 -5.6399602438E-05 
52 0.715350657999977 30.9875184147 2.78821837232 0.000134653027881 -2.79789588986E-06 -4.16778849368E-07 0.000134682737734058 -2.5784295031E-05 -8.0388450445E-05 
53 0.728831829000001 30.9872102594 2.78744645482 0.000134188831913 -2.72580516974E-06 -3.31874278577E-07 0.000134216924285038 -2.8589874173E-05 -7.4735356052E-05 
54 0.742315135000013 30.9868839268 2.78774941343 0.000134146895451 -2.40097267009E-06 9.35609848225E-07 0.000134171642289614 -4.5281891683E-05 -7.337450275E-05 
55 0.755798320999986 30.9865843378 2.78804898302 0.000135346129164 -3.62547913363E-06 -5.14042701474E-07 0.000135395653617557 -2.6175679708E-05 -8.10545174623E-05 
56 0.76928135899999 30.9862800308 2.78833833679 0.000134463186091 -2.869073185E-06 -4.53453507226E-07 0.000134494556078553 -2.6504035446E-05 -8.16480714255E-05 
57 0.782998369999973 30.9857824224 2.7879911578 0.000141642349791 -8.50697516274E-06 1.5569772773E-06 0.00014190612410667 -2.1966191311E-05 -8.3865122993E-05 
58 0.796840153000005 30.9852037181 2.78764422193 0.000136078787553 -3.30836429914E-06 1.81134522694E-06 0.000136131049609417 -5.065711562E-06 -7.7356226294E-05 
59 0.810416084999986 30.9848126716 2.78761986713 0.000136417204108 -4.33133818266E-06 -1.03668107779E-07 0.000136485987611084 -1.7088909468E-05 -7.2492337819E-05 
60 0.824026978999996 30.9844194468 2.78794787159 0.00013769430873 -2.97154607665E-06 -7.88252930233E-08 0.000137726391647153 -2.4139322162E-05 -7.3898699103E-05 
61 0.837614146000021 30.9840336273 2.78791240046 0.000135684972941 -4.10038715771E-06 -1.54579126467E-07 0.000135747003471713 -1.6823708114E-05 -7.623278184E-05 
62 0.851223976000028 30.9836448497 2.78857920339 0.000136443927997 -4.37990889571E-06 1.19930154673E-06 0.000136519476315232 4.187085524E-06 -7.74297222168E-05 
63 0.864803731999984 30.9832599388 2.78819983719 0.000132786750886 -3.0956147414E-06 -9.92362941753E-06 0.000133193027078388 -1.4332164651E-05 -8.0913113299E-05 
64 0.87836090899998 30.9828745143 2.78783278253 0.000138864252227 -3.76305610814E-06 3.33789938975E-07 0.000138915631062743 -1.8882446129E-05 -8.08116872849E-05 
65 0.891942131000008 30.9824916375 2.78780771506 0.000135560109471 -3.23946164469E-06 6.06612792516E-07 0.000135600167295682 -6.98457784000011E-07 -6.5772379659E-05 
66 0.905511636000028 30.9821056496 2.78779506401 0.000133819945695 -2.12841705938E-06 -2.24430859627E-07 0.000133837059121165 -2.0364811238E-05 -7.7072726569E-05 
67 0.919095309999989 30.9817582399 2.7881394122 0.00013596736282 -3.99802657113E-06 1.13220763806E-07 0.00013602617684707 -1.8923829934E-05 -7.6897907023E-05 
68 0.932652320999978 30.981370571 2.78777587671 0.000135597643948 -3.63791060269E-06 -7.9637801403E-08 0.000135646458781574 -1.855644315E-05 -7.7318352275E-05 
69 0.946235365999996 30.9810054087 2.78810144929 0.000135277572487 -4.01270468554E-06 8.35641826163E-08 0.000135337099126003 -2.8001442905E-05 -8.4632986128E-05 
70 0.959803055000009 30.9806357439 2.78809119872 0.000135860978509 -3.07124242567E-06 -2.46005603337E-07 0.000135895910645674 -1.8549952662E-05 -7.7811140934E-05 
71 0.973376875999975 30.9802840714 2.78807917992 0.000134997999649 -2.82224613733E-06 -1.25212185188E-07 0.000135027555189977 -1.7794511194E-05 -8.0756558889E-05 
72 0.986925040000017 30.9799186655 2.78806706546 0.000134705988415 -3.09634712606E-06 -2.04547885382E-07 0.000134741725238415 -1.9120186977E-05 -6.9556711711E-05 
73 1.00048063899999 30.9795672006 2.78768978855 0.000135021938299 -4.13830021549E-06 -1.89939493134E-07 0.000135085474525219 -2.0146694631E-05 -7.5709899896E-05 
74 1.01407835800001 30.9792004327 2.78766890375 0.000136797368045 -3.33299567562E-06 7.38532098813E-06 0.000137037118075033 -7.71921136900002E-06 -7.8751211493E-05 
75 1.02763470899998 30.9788573876 2.78768286986 0.000136429159132 -4.10065520513E-06 2.99461160655E-07 0.00013649110048484 -1.7604144578E-05 -7.4768208627E-05 
76 1.04120968900003 30.9785015035 2.78837512356 0.000135040149355 -2.90574994403E-06 -3.70693337229E-08 0.000135071413314193 -1.9372792263E-05 -7.8403349709E-05 
77 1.05476838700002 30.9781355503 2.78801835932 0.000135948339829 -4.6122958555E-06 4.99584822388E-09 0.000136026557702084 -2.1918903121E-05 -7.8767266203E-05 
78 1.06835348099997 30.9777861189 2.78802366806 0.000136071680097 -2.18632342862E-06 -3.98773525419E-08 0.00013608924911527 -1.8577644498E-05 -8.0684554431E-05 
79 1.08193047999998 30.977448974 2.78801318927 0.0001341465917 -2.60153550823E-06 4.5853363606E-07 0.000134172598934441 -2.1084076184E-05 -8.80418573686E-05 
80 1.09546653699999 30.9771119917 2.78799984111 0.000135145718378 -2.9392057191E-06 -1.52093843065E-07 0.000135177761701775 -1.9655979307E-05 -7.7026685813E-05 
81 1.10906150800002 30.9767590798 2.7883404197 0.000135449964677 -3.59798566785E-06 9.70340313411E-08 0.000135497778016726 -2.0032283134E-05 -7.7264142139E-05 
82 1.12262511799997 30.9764087684 2.78762149559 0.000136095226219 -3.46266145851E-06 1.8223082388E-07 0.000136139391184367 -2.6933984588E-05 -8.3669995253E-05 
83 1.13619742899999 30.9760677361 2.78762442196 0.000137147129577 -3.56965399955E-06 2.21722910027E-07 0.000137193756206089 -2.128111312E-05 -7.9960794316E-05 
84 1.14978430000002 30.9757122745 2.78830752053 0.000137024704668 -3.24398736165E-06 -2.20894676325E-07 0.000137063277130722 -2.1267928468E-05 -7.5659633932E-05 
85 1.16335728199999 30.97538623 2.78794439506 0.000135224918805 -1.60893913975E-06 -2.24164228645E-07 0.000135234676028656 -1.8805521162E-05 -7.5998658873E-05 
86 1.176929626 30.9750557246 2.78828595068 0.000137553029349 -4.51645423953E-06 1.69491571822E-07 0.000137627260996423 -2.1410842197E-05 -7.7881819358E-05 
87 1.19049822599999 30.9747086148 2.7875689239 0.000137107065223 -4.69284283958E-06 6.33185602114E-07 0.000137188815258343 -2.4996054438E-05 -7.4433987089E-05 
88 1.20408188200003 30.9743674368 2.78791278117 0.000137267087084 -4.18167415886E-06 1.53410607932E-07 0.000137330852797585 -1.9927054701E-05 -8.0650335779E-05 
89 1.21766540700003 30.9740480574 2.78826031347 0.00013618120194 -2.97680562276E-06 2.84345998539E-07 0.000136214030063667 -1.9824916949E-05 -7.7309313206E-05 
90 1.23124202899999 30.9737346055 2.78790374081 0.000139172693444 -5.07413447963E-06 4.95313933443E-07 0.000139266043158652 -1.7018207443E-05 -7.6792330705E-05 
91 1.24484998299999 30.9733951573 2.78824694462 0.000134985195419 -2.75560345041E-06 -2.39377214451E-07 0.000135013531300134 -2.0020746228E-05 -7.4948286978E-05 
92 1.25843975700002 30.9730652964 2.78822940568 0.000136283883774 -3.80013399099E-06 7.75588341349E-08 0.000136336876927145 -2.1412312178E-05 -7.8073586892E-05 
93 1.27203394899999 30.9727398505 2.78785730347 0.000133897506476 -2.86185151021E-06 5.70319442899E-07 0.00013392930112124 -2.4610882564E-05 -8.5551649275E-05 
94 1.28560674400001 30.9724281065 2.78821090633 0.000137908677393 -4.36112563778E-06 4.74773990711E-07 0.000137978433559224 -1.9758094509E-05 -7.5227115198E-05 
95 1.29917786300001 30.9721072818 2.78784832491 0.000135698742556 -2.6574973932E-06 -2.02125782182E-07 0.000135724912519796 -2.1629195257E-05 -7.1450265534E-05 
96 1.31276559000003 30.971775856 2.78816678543 0.000136654583038 -4.21456305705E-06 4.0010279482E-07 0.000136720143685186 -1.4255133437E-05 -7.96936494896E-05 
97 1.32635543700002 30.9714579249 2.78780220168 0.000135530127666 -2.49849235805E-06 -2.57333489688E-07 0.00013555339977201 -2.2295484186E-05 -7.7070029298E-05 
98 1.33993191000002 30.9711631892 2.78778492759 0.000135612395153 -2.98326631115E-06 -2.65531559143E-07 0.000135645464738138 -1.7575823536E-05 -8.1294566082E-05 
99 1.35348926500001 30.9708393882 2.78813540649 0.000137279550864 -4.45777882307E-06 4.30808576835E-07 0.000137352584516953 -2.0526655293E-05 -7.5190915246E-05 
100 1.36707005300002 30.9705233115 2.7877614234 0.000134998152124 -2.59693637393E-06 -2.47630674068E-07 0.00013502335529965 -2.0667498645E-05 -7.2955250405E-05 
101 1.38063697400003 30.970234471 2.78808223736 0.000137318036956 -4.28815142976E-06 4.30462111286E-07 0.000137385649955747 -1.8597349202E-05 -8.2900299698E-05 
102 1.39422204700003 30.9699111445 2.78841995427 0.000135870737898 -3.46659209036E-06 1.42853378138E-08 0.000135914954591976 -2.0413258369E-05 -7.6990248818E-05 
103 1.40779467200002 30.9696059622 2.78803514667 0.000135494257544 -2.50004599677E-06 -2.20228382246E-07 0.000135517499083794 -2.0531522489E-05 -7.295563714E-05 
104 1.42137245599997 30.9693045198 2.78766797051 0.00013508773468 -2.58313354743E-06 -3.0015830669E-07 0.000135112763034833 -2.1263436061E-05 -8.2612958134E-05 
105 1.43497253800001 30.9689930489 2.78798073283 0.000134815666127 -3.04729735041E-06 -3.12988363136E-07 0.00013485046464927 -2.0479410097E-05 -7.3783204926E-05 
106 1.44856466700003 30.9686938834 2.78795948185 0.000136809984457 -3.45902188564E-06 1.52734734117E-07 0.000136853790621338 -1.9955068344E-05 -7.844207684E-05 
107 1.46213971600002 30.9683909744 2.78794146043 0.000136038483325 -4.0437730387E-06 1.84068829377E-07 0.000136098695537793 -1.8967352344E-05 -8.0439209084E-05 
108 1.47572010499999 30.9680771258 2.78825972714 0.000134815231663 -2.39640898522E-06 -4.12941661127E-07 0.000134837160994988 -1.980052212E-05 -7.2133552653E-05 
109 1.48933676199999 30.9677863118 2.78752615982 0.000136386668211 -2.92064477505E-06 3.3271274457E-08 0.000136417940677087 -2.3905037686E-05 -7.6861992136E-05 
110 1.50292559000002 30.9674882163 2.78782818063 0.000143195212628 -5.01958213268E-06 2.11739305552E-05 0.000144839222793832 1.1799762218E-05 -7.47627599591E-05 
111 1.51651553200003 30.9672135635 2.78781230022 0.000135424046576 -2.73142217399E-06 -3.56043312934E-07 0.000135452057293169 -1.9442340462E-05 -7.3728289409E-05 
112 1.53010314199997 30.966923671 2.78777642237 0.000134849639616 -2.62278295449E-06 -3.86574124042E-07 0.000134875697345907 -1.9686442627E-05 -7.9573498206E-05 
113 1.54367791999999 30.9666437183 2.78775309339 0.000135466197362 -2.6573035206E-06 -3.55902815163E-07 0.000135492725105574 -1.9287308464E-05 -8.0174823141E-05 
114 1.55729493000001 30.9663336347 2.78772048779 0.00013689244332 -3.72228591763E-06 -2.52891999522E-07 0.000136943274405629 -1.2700345528E-05 -7.616418427E-05 
115 1.57085364800002 30.9660697325 2.78730241334 0.000134627354612 -2.15833430874E-06 -4.15579788928E-07 0.000134645295957098 -2.133533537E-05 -8.3091012511E-05 
116 1.58442947200001 30.965821644 2.78727925838 0.00013753349785 -4.16146319111E-06 4.21884207533E-07 0.000137597088606669 -2.0117475369E-05 -7.8139219038E-05 
117 1.59803058199998 30.965535916 2.78759329471 0.000136335953265 -3.27558658942E-06 -5.53179982694E-08 0.000136375308176598 -1.9231835053E-05 -7.1516825071E-05 
118 1.61160613499999 30.9652573787 2.78756042331 0.000135813647513 -3.18067464419E-06 -3.1063920181E-08 0.000135850890710899 -1.848202553E-05 -7.1222995888E-05 
119 1.62518105800001 30.9649778815 2.78752470974 0.000136299577917 -3.11626625648E-06 -1.4114301267E-08 0.000136335198151274 -1.9116075909E-05 -7.4628324186E-05 
120 1.63878714100002 30.9647159963 2.78782367727 0.000134712884735 -3.19376522853E-06 -5.95373744228E-07 0.000134752053490311 -2.3269468926E-05 -7.7891622271E-05 
121 1.65236212999997 30.9644435692 2.78777649788 0.000135303455256 -2.55903330606E-06 -5.32923384074E-07 0.000135328702288196 -2.0392201863E-05 -8.1557730028E-05 
122 1.66592153599998 30.9641880412 2.78773314609 0.00013549549737 -1.97771826612E-06 -4.80855476024E-07 0.000135510783331337 -1.9377893511E-05 -8.3451158489E-05 
123 1.67949783699999 30.9639337736 2.78733741739 0.000135565648974 -2.6207470151E-06 -4.31165232119E-07 0.000135591664198491 -2.5492687153E-05 -7.3919101978E-05 
124 1.69306196899998 30.963670379 2.78729800351 0.000135325006681 -3.08176919383E-06 -3.75939976973E-07 0.000135360614897551 -1.8439645651E-05 -7.6076744693E-05 
125 1.70662600999998 30.9634065806 2.7872398385 0.000135529629968 -2.47502806473E-06 -3.99714790031E-07 0.000135552816773011 -2.1252868116E-05 -7.7570615957E-05 
126 1.72020040699999 30.9631796467 2.78720097312 0.000135930947931 -2.59146422049E-06 -4.17461025175E-07 0.000135956289173888 -2.0374688894E-05 -7.7938169081E-05 
127 1.73377330099999 30.9629236857 2.78751673498 0.000134759864014 -2.57033357147E-06 -4.74487046773E-07 0.000134785209506451 -1.7500891447E-05 -7.2717053141E-05 
128 1.74734218700002 30.9626729635 2.78747044044 0.000135225121779 -1.86480656817E-06 -4.28823147845E-07 0.000135238659239783 -2.1180142299E-05 -7.207357356E-05 
129 1.76087759500001 30.962456296 2.78742323899 0.000135827020933 -2.58348957958E-06 -4.33562616031E-07 0.000135852280107783 -2.0936855815E-05 -8.4707244726E-05 
130 1.77440268800001 30.9622390156 2.78737657479 0.000135120394853 -2.25903391913E-06 -4.66652692135E-07 0.000135140083262567 -2.1885636915E-05 -7.6023330889E-05 
131 1.78796699399999 30.9620162792 2.78765799251 0.000135197239355 -2.35971510215E-06 -5.31589677841E-07 0.000135218875798322 -2.064922897E-05 -7.7765859683E-05 
132 1.801505013 30.9618167841 2.78724451094 0.000135759807728 -1.86737340279E-06 -4.41007558277E-07 0.000135773366185845 -2.2971936584E-05 -8.0083377809E-05 
133 1.81502687699998 30.9616040586 2.7868430048 0.000135216568437 -1.9932293472E-06 -4.00765740271E-07 0.000135231852595041 -2.3057652698E-05 -7.7877629108E-05 
134 1.82857105400001 30.9614054968 2.78677974711 0.000135130238631 -2.07695702206E-06 2.38875553518E-07 0.000135146410253741 -2.309101541E-05 -7.5688759413E-05 
135 1.84211305500003 30.9611994206 2.78672996058 0.000135822880389 -1.60177877004E-06 -4.65944670079E-07 0.000135833124225383 -1.92712777E-05 -7.1233039593E-05 
136 1.85563630299998 30.9609920572 2.78668176875 0.000135230952845 -3.77782953429E-07 -3.4499796082E-07 0.000135231920606488 -1.8134098155E-05 -7.0678189725E-05 
137 1.86917221599998 30.960786348 2.78697701393 0.000134323899699 -1.87420609329E-06 -4.08673347626E-07 0.000134337595976451 -2.0549694599E-05 -7.9221472658E-05 
138 1.88273831999999 30.9605869038 2.78727572964 0.000137135112517 -8.73608428211E-07 -3.57909506595E-07 0.000137138362160086 -2.2846262004E-05 -7.7184596943E-05 
139 1.89629991599998 30.960382677 2.78687929239 0.00013503331201 -1.76780523668E-06 -3.61519480364E-07 0.000135045367132973 -2.4260681872E-05 -8.7482041768E-05 
140 1.90982801799998 30.9601832334 2.78683943031 0.00013558923576 -2.1287825916E-06 -3.18003567813E-07 0.000135606318789252 -2.0621753172E-05 -8.0572871233E-05 
141 1.92336731799998 30.9599912345 2.78680071098 0.00013588251605 -1.80651526425E-06 -3.11779180828E-07 0.000135894881698083 -2.15094434E-05 -7.982244532E-05 
142 1.93692967599998 30.9597909137 2.78711787626 0.000135594283279 -1.80899804127E-06 -3.61758994346E-07 0.000135606832429008 -2.2035282655E-05 -7.3155435198E-05 
143 1.950468613 30.9596066024 2.78670920882 0.000134651959002 -3.01146031194E-06 2.77932365908E-07 0.000134685916868419 -2.5288590934E-05 -7.8917736812E-05 
144 1.96401786199999 30.959404087 2.7866510936 0.00013598035264 -2.17038405588E-06 -3.81032815199E-07 0.000135998206080283 -2.2290088953E-05 -7.944362797E-05 
145 1.97756539699998 30.9592176987 2.7866029998 0.000135374940662 -2.11836952676E-06 -2.82492197749E-07 0.00013539180865375 -2.0068604538E-05 -7.9801796273E-05 
146 1.99112326699998 30.9590073862 2.78692438579 0.000135606015687 -1.95444667291E-06 -3.89643509679E-07 0.000135620659098696 -2.2291733486E-05 -7.6155734575E-05 
147 2.00470603000002 30.9588233182 2.78687678939 0.000135652446303 -1.99589655763E-06 -3.75892194206E-07 0.000135667649371539 -2.0903241523E-05 -7.4872573728E-05 
148 2.018256114 30.9586330768 2.78647823796 0.000134758943187 -1.70171982729E-06 -8.82271235715E-08 0.000134769716194971 -2.7521498916E-05 -7.377371068E-05 
149 2.03181110600002 30.9584401675 2.7864605818 0.000135821273496 -2.083412232E-06 -2.02714984808E-07 0.000135837402927061 -2.0684189665E-05 -7.2984802996E-05 
150 2.045329159 30.9582399885 2.78641686682 0.000135559178081 -2.07244365355E-06 -2.2202508964E-07 0.000135575200829037 -1.9543046341E-05 -7.762981601E-05 
151 2.058906525 30.9580287779 2.7867454739 0.00013638195732 -2.14186633924E-06 -2.99509353585E-07 0.000136399104028224 -2.0401383891E-05 -7.2693828527E-05 
152 2.07248973499998 30.9578286747 2.78704248759 0.000134803206063 -1.30715245935E-06 -3.4869823778E-07 0.000134809994447284 -2.2022736965E-05 -7.575554576E-05 
153 2.08602635699998 30.9576613518 2.78664702188 0.000138367980795 -1.54263318784E-06 -3.6112794706E-07 0.000138377050986903 -2.5276153202E-05 -7.8639267709E-05 
154 2.099606768 30.9574774467 2.7862501424 0.000135845485488 -2.04390344198E-06 1.77586285724E-07 0.000135860976758006 -1.9749003156E-05 -9.1644814167E-05 
155 2.113136607 30.9572924855 2.78621673805 0.000135407082688 -1.65259720039E-06 -2.58367982599E-07 0.000135417413479936 -1.9871013929E-05 -7.6687663831E-05 
156 2.12672897800002 30.9570943462 2.78653959415 0.000135773939229 -1.88152857876E-06 -3.27227683588E-07 0.000135787369815862 -2.0903486332E-05 -7.3552880474E-05 
157 2.14027759599998 30.9569052755 2.78612928575 0.000134891079168 -1.80040529599E-06 -2.73268306158E-07 0.000134903370506095 -2.4232124987E-05 -7.3169779706E-05 
158 2.15383011400002 30.956722691 2.78610003997 0.000135936115845 -1.32570879635E-06 -3.39976269609E-07 0.000135943005258461 -1.9463588415E-05 -7.3066100966E-05 
159 2.16737646799999 30.9565475328 2.78605623757 0.000135405165307 -1.89371331701E-06 -3.14354991965E-07 0.000135418771819139 -1.9075281028E-05 -7.382877388E-05 
160 2.18091814000002 30.9563808326 2.78601500371 0.000135917495257 -1.78011073755E-06 -2.62995864604E-07 0.000135929406229849 -1.9575169899E-05 -7.7931532019E-05 
161 2.19451203099999 30.9561931599 2.78668108908 0.000136863564571 -9.46336426918E-07 -4.03433850181E-07 0.000136867430817506 -2.1494949411E-05 -6.2016690514E-05 
162 2.20806463899999 30.9560269219 2.78625889098 0.000136693038846 -1.99020955448E-06 -1.45857342967E-06 0.000136715307261018 -2.2505122128E-05 -7.5879038635E-05 
163 2.22163748200001 30.9558394972 2.78621973247 0.000135961046708 -2.17803143776E-06 -4.08215711883E-07 0.00013597910384668 -1.9366886409E-05 -7.8238295694E-05 
164 2.23519205999997 30.9556792339 2.78616088359 0.000137061706646 -1.88816430086E-06 -4.17397655875E-07 0.000137075347214385 -1.9144844846E-05 -7.8350123988E-05 
165 2.24876652 30.9555024006 2.78612283178 0.000135513710873 -2.04258904409E-06 -4.82440068229E-07 0.000135529962565455 -2.055885574E-05 -7.7953080517E-05 
166 2.26231269300001 30.9553382998 2.78572126473 0.000135329056188 -1.59040687097E-06 -2.78252097939E-07 0.000135338687251577 -2.253233965E-05 -8.0544665206E-05 
167 2.27589638699999 30.9551625402 2.78603555845 0.000136315925813 -2.0881892079E-06 -3.5232693006E-07 0.000136332374360197 -2.1352508223E-05 -7.4449810827E-05 
168 2.28948609700001 30.9549955844 2.78599657486 0.000136088479107 -1.6146400051E-06 7.62015202606E-07 0.000136100190577278 -1.9261875878E-05 -7.1961515335E-05 
169 2.303045242 30.9548091336 2.78594436217 0.000135463102102 -1.86707140183E-06 -3.36085061516E-07 0.000135476385174262 -1.7033256245E-05 -7.0787427852E-05 
170 2.31659157899998 30.9546336792 2.78518905802 0.000142052082335 -2.85535224686E-06 -7.86748203655E-05 0.000162408972940866 3.359155376E-06 -8.29408114442E-05 
171 2.33015343199997 30.9544672023 2.78515162628 0.000135669270284 -1.55610419373E-06 -3.20772679959E-07 0.000135678573307531 -2.017400461E-05 -7.4218011049E-05 
172 2.34371867200002 30.954322931 2.78510383901 0.000135606194043 -1.59753088654E-06 -3.38487472172E-07 0.000135616026123501 -1.8532671545E-05 -7.2589374058E-05 
173 2.35726865800001 30.9541450938 2.78506588392 0.000135975251086 -1.81653355226E-06 -3.52843357523E-07 0.000135987842105396 -1.9361538797E-05 -7.4231480679E-05 
174 2.37082971000001 30.9539690238 2.78536821579 0.000135602815278 -1.48575874623E-06 -3.27790342211E-07 0.000135611350693369 -2.1449386223E-05 -7.2214506185E-05 
175 2.38439760400001 30.9538125896 2.78459938517 0.000135757449519 -1.92507365769E-06 -4.16170524249E-07 0.000135771735668351 -1.8685008804E-05 -6.9705249347E-05 
176 2.39796126200002 30.9536449596 2.7845467358 0.000135592463816 -1.97380581039E-06 -4.2337902555E-07 0.00013560749021669 -1.867957433E-05 -6.9760663834E-05 
177 2.41151877999999 30.953463759 2.78449963941 0.000135720675925 -1.52833426811E-06 -3.84006038593E-07 0.000135729824061669 -1.9353106957E-05 -6.9834176057E-05 
178 2.42508068799998 30.9533078563 2.78445448525 0.000137061710209 -1.56587126527E-06 -5.57362427045E-07 0.00013707178780154 -1.8318861263E-05 -6.9658583885E-05 
179 2.43865874900001 30.9531506175 2.78473775997 0.000135509570685 -1.49051549212E-06 -4.79421750589E-07 0.000135518615801964 -1.9713872388E-05 -7.5333231232E-05 
180 2.45221098399998 30.9530019903 2.78432484879 0.000135195751294 -1.37791885038E-06 -4.33279884163E-07 0.000135203467262365 -2.3596065119E-05 -7.3213040474E-05 
181 2.46578211600001 30.9528448578 2.7842734906 0.000135774171793 -1.6250584793E-06 -4.29461845464E-07 0.000135784575628504 -1.901385948E-05 -7.0153234043E-05 
182 2.47933318999998 30.9526944327 2.7842238939 0.000135381713269 -1.5634912238E-06 -4.62656648749E-07 0.000135391531654056 -1.9050160308E-05 -6.9433989602E-05 
183 2.49289843700001 30.952545886 2.78417025204 0.000136214536595 -1.81015233989E-06 -4.31563024794E-07 0.000136227247193535 -1.9503255408E-05 -6.9140816725E-05 
184 2.50645997100003 30.9523795 2.78446851409 0.000136390569963 -1.69410766024E-06 -5.16801557707E-07 0.000136402069850302 -1.9044978142E-05 -3.1541611484E-05 
185 2.52002581300002 30.9522340915 2.78405173602 0.000136835790501 -1.53607471803E-06 -4.68500744457E-07 0.00013684521394817 -2.3434853628E-05 -2.6358829595E-05 
186 2.53359377999999 30.9520854127 2.78400043335 0.000134673604724 -2.87503839029E-06 3.62647127385E-07 0.000134704777821875 -2.0495155148E-05 -3.0383928502E-05 
187 2.54716307000001 30.9519351606 2.78395010473 0.000134959163242 -2.40729899288E-06 -3.21948773979E-07 0.000134981015266722 -1.5742347285E-05 -2.9835162182E-05 
188 2.56071064100001 30.951779056 2.78390110183 0.000134888361113 -1.1806110149E-06 -4.12087383703E-07 0.00013489415710894 -1.819643224E-05 -2.9542383458E-05 
189 2.57426653800002 30.9516270109 2.7838582951 0.00013679894974 -6.5169300347E-07 -2.59723693467E-06 0.000136825154827 -1.7485334899E-05 -3.0077148323E-05 
190 2.58781787300001 30.9514895725 2.78345145591 0.000135525003284 -1.25486784217E-06 -3.85091830775E-07 0.000135531359855008 -2.1066532091E-05 -2.7350491936E-05 
191 2.60136211499997 30.9513380757 2.78340492388 0.000135527089878 -1.68384173245E-06 -3.80448593491E-07 0.000135538083780581 -1.8080445416E-05 -2.9408887685E-05 
192 2.61491792200002 30.9512000069 2.78371679302 0.000134450358629 -1.90677864647E-06 -3.44359086614E-07 0.000134464319889902 -2.0414796732E-05 -2.5586388367E-05 
193 2.62849479599998 30.951035697 2.78367725564 0.000136273174902 -4.07875567053E-07 -2.98464098622E-07 0.000136274112145952 -2.0268281209E-05 -2.470898446E-05 
194 2.64204621200003 30.9508780258 2.78364086253 0.000135740116861 -1.66715885827E-06 -3.36033117644E-07 0.00013575077039322 -1.7495682485E-05 -2.4658459473E-05 
195 2.65560523800002 30.9507416439 2.7832374088 0.00013585463831 -1.66049216842E-06 -3.34387289679E-07 0.000135865197160427 -1.8148288522E-05 -2.500976629E-05 
196 2.66916567499999 30.9505971003 2.78319436994 0.000135521433246 -1.39162920306E-06 -3.40089653906E-07 0.000135529004872985 -1.7557531918E-05 -2.523221133E-05 
197 2.68273123900002 30.9504412943 2.78315008295 0.000135169254229 -3.72178122836E-06 -2.18217931094E-07 0.000135220658789259 -1.8052870592E-05 -2.5039876728E-05 
198 2.69629078600002 30.950304612 2.78310345993 0.000135806727332 -1.42155343268E-06 -3.66873717167E-07 0.000135814662680855 -1.7901164048E-05 -2.4854381973E-05 
199 2.709888347 30.950158895 2.78305149296 0.000134925983717 -1.33271019013E-06 3.85364373362E-07 0.000134933115669028 -1.8268908509E-05 -8.9035719546E-05 
200 2.723432511 30.9500251891 2.78300778094 0.000135924436015 -1.76250692836E-06 -6.5897674518E-07 0.000135937459837305 -1.7107392889E-05 -6.4638281328E-05 
201 2.737007726 30.9498575223 2.78296443217 0.000135607173128 -1.36902410563E-06 -4.69299217079E-07 0.000135614895466996 -1.8207172243E-05 -2.651333398E-05 
202 2.75059374800003 30.9497235987 2.78291446537 0.000135496111329 -1.42979951278E-06 -4.28938257494E-07 0.00013550433387887 -1.7172185186E-05 -2.6480586167E-05 
203 2.76416242300002 30.9495808214 2.78286803892 0.000136529045078 -1.42825886681E-06 -4.46558526403E-07 0.000136537245789633 -1.7706366583E-05 -2.6495295836E-05 
204 2.77771221900002 30.9494221625 2.7828128533 0.000133769140729 1.31369039434E-09 -2.45231285074E-07 0.000133769365519479 -1.8324088132E-05 -6.3319538281E-05 
205 2.79128311699998 30.9492851526 2.78275204691 0.000135811357174 -1.69580417961E-06 -4.61540697667E-07 0.00013582272824927 -1.5790151883E-05 -6.351150464E-05 
206 2.80489427399999 30.9491519273 2.78270204311 0.000135557530418 -1.65689932328E-06 -4.72598402677E-07 0.00013556847980871 -1.6562331105E-05 -6.3777285389E-05 
207 2.81849658099998 30.9489980769 2.78264970088 0.000136061955051 -1.8510393106E-06 -4.23628741272E-07 0.000136075205015977 -1.5959050329E-05 -6.3885177208E-05 
208 2.83207422999999 30.9488662959 2.78259916125 0.000135798638836 -1.39955495539E-06 -4.10623130169E-07 0.000135806471403754 -1.7557103585E-05 -2.0615705305E-05 
209 2.845659904 30.9487236218 2.78219342987 0.000136180302545 -1.53742915124E-06 -3.78283302671E-07 0.000136189506159248 -1.5912082594E-05 -2.0775893728E-05 
210 2.85923999699997 30.94857575 2.78213901626 0.000135998900442 -1.33454398939E-06 -4.44451704357E-07 0.000136006174368703 -1.6300201852E-05 -2.0859394067E-05 
211 2.87286040399999 30.948434329 2.78244615274 0.000135781579128 -1.60413368015E-06 -4.34099350479E-07 0.00013579174834136 -1.6654698621E-05 -2.5415788366E-05 
212 2.88644909800001 30.9482917261 2.78239276578 0.000134846914201 -1.63962590021E-06 -4.7113303145E-07 0.00013485770504112 -1.7360171489E-05 -2.4319776143E-05 
213 2.90006085700003 30.9481594592 2.78197496896 0.000135534463348 -6.08975763379E-07 2.57048278957E-07 0.000135536075198924 -1.602513744E-05 -2.1031540328E-05 
214 2.91364545599998 30.9480244946 2.7822799171 0.000136413775463 1.22822255678E-06 -3.38257024314E-07 0.000136419723957107 -1.5118002144E-05 -2.2938739515E-05 
215 2.92726836700001 30.9478865174 2.78220493842 0.000138530100246 7.82819186402E-08 -4.89631644645E-07 0.000138530987657538 -1.8815412905E-05 -2.3600738536E-05 
216 2.94087029100001 30.9477521721 2.78214504322 0.000135858929629 -1.41992269532E-06 -5.33655235988E-07 0.000135867397591583 -1.675480241E-05 -2.2742754509E-05 
217 2.95446864600001 30.9476132632 2.78209406042 0.000137198766105 -2.0325047796E-06 -5.50216937163E-07 0.000137214923514505 -2.0386287093E-05 -2.6999381002E-05 
218 2.968080568 30.9474883854 2.78166183117 0.000137083696842 -1.38400685866E-06 -6.55333135697E-07 0.00013709224951241 -1.6224778659E-05 -2.275547451E-05 
219 2.98169149 30.9473477272 2.7816059022 0.000136024173775 -1.70681140006E-06 -5.23543204698E-07 0.000136035889212421 -1.6047894562E-05 -2.1893117282E-05 
220 2.99531979800003 30.9472271382 2.78189349598 0.00013617224364 -1.37691140195E-06 -4.27622109152E-07 0.00013617987620654 -1.0907726367E-05 -2.7586935836E-05 
221 3.00893347300001 30.947090706 2.78183097592 0.000136139855032 -1.05260249272E-06 -5.42654806704E-07 0.000136145005690186 -1.7854737666E-05 -2.7129143695E-05 
222 3.022565246 30.9469577996 2.78176301078 0.000139368200534 -1.585699177E-06 -8.04168620964E-07 0.000139379540999159 -1.8650574416E-05 -3.3692986902E-05 
223 3.03616772999999 30.9468218336 2.78167177445 0.000134776162565 -1.7996434461E-06 6.46745224646E-07 0.000134789728806263 -2.1088128548E-05 -2.6346139608E-05 
224 3.04978838199997 30.9467131178 2.78160851638 0.000137532737249 -9.98007407774E-07 -5.83464616117E-07 0.000137537595823639 -1.7628247003E-05 -2.5398006493E-05 
225 3.063434771 30.9465762708 2.78153520841 0.000136069887745 -1.79848800305E-06 -8.43409866951E-07 0.000136084386504248 -1.6479338779E-05 -2.5818184154E-05 
226 3.07705077100002 30.9464685235 2.78181300835 0.000135988028058 -1.15857790772E-06 -6.17483254014E-07 0.000135994365190035 -1.7727423822E-05 -2.0605432278E-05 
227 3.09071362700001 30.9463484955 2.78138490356 0.000136544104885 -9.57476751415E-07 2.51902597706E-07 0.000136547694215223 -1.1633945553E-05 -1.3366687159E-05 
228 3.10434084000002 30.9462349985 2.78129632893 0.000136431836713 -1.60631500648E-06 -7.03290257224E-07 0.000136443105117 -1.5977597236E-05 -2.0694565191E-05 
229 3.117992786 30.9461098453 2.78158077864 0.000136327566072 -1.36936835603E-06 -6.03031556098E-07 0.000136335776991469 -1.4779190153E-05 -2.7441612181E-05 
230 3.13163779299998 30.9459924424 2.78150280031 0.000136595091393 -1.63465855189E-06 -6.89549525344E-07 0.000136606612503902 -1.7031521384E-05 -2.5694881403E-05 
231 3.14528618200001 30.9458641769 2.7817761921 0.000137456300808 -1.16506486649E-06 -6.38282570813E-07 0.000137462720082947 -1.923077151E-05 -2.1922320497E-05 
232 3.15893069499998 30.9457485735 2.78133675635 0.000139614014558 -2.49425544524E-06 -3.76604723708E-06 0.000139687069849072 -2.4487555372E-05 -2.2771967828E-05 
233 3.17259841600003 30.9456261105 2.78124354982 0.000136649957059 -1.0734816369E-06 -7.4791765945E-07 0.000136656220158018 -1.5121285003E-05 -2.2294553133E-05 
234 3.18624425199999 30.9455052023 2.78117409821 0.000136592318033 -1.40082451629E-06 -6.87755266956E-07 0.000136601232286758 -1.5544229622E-05 -2.2167678529E-05 
235 3.19993012700002 30.9453778463 2.78110854905 0.000126287919451 -6.65632199033E-08 -4.43870149714E-06 0.000126365917481357 -1.6763760447E-05 -2.2775621335E-05 
236 3.21359144000002 30.9452687055 2.7810128524 0.000136326103379 -1.38757354357E-06 -6.87915255058E-07 0.000136334900338243 -1.5983570226E-05 -2.3528977281E-05 
237 3.22725355900002 30.945146311 2.78057145077 0.000136661983658 -1.84996006636E-06 -7.1398556381E-07 0.000136676369226622 -1.7304592377E-05 -2.0583696666E-05 
238 3.24092466000002 30.9450368443 2.78153670915 0.000136665332793 -1.28320425292E-06 -7.60848762618E-07 0.000136673474717722 -1.9052482516E-05 -6.7655458679E-05 
239 3.254599359 30.9449233473 2.78145486213 0.000137076724355 -1.25682963719E-06 -7.11565923817E-07 0.000137084332827269 -1.7053935215E-05 -6.6698132455E-05 
240 3.26829201700002 30.9448082348 2.78138419241 0.000137402732967 -7.01662929563E-07 -7.39054747297E-07 0.000137406512071251 -1.7929038627E-05 -2.3394035933E-05 
241 3.28196680100001 30.9446962188 2.7812778945 0.000137014444408 -1.23349016507E-06 -7.61411646735E-07 0.000137022112164847 -1.5716442652E-05 -2.6356896049E-05 
242 3.29565060499999 30.9445975883 2.78084071637 0.000138253166786 1.29497574845E-06 -6.95646921604E-07 0.000138260981528362 -1.2736965021E-05 -2.3868992814E-05 
243 3.30935828899999 30.9444946913 2.78076337783 0.000137384993388 -1.03570550956E-06 -7.30483173279E-07 0.0001373908392135 -1.6156715731E-05 -2.348892896E-05 
244 3.32306174199999 30.9443944391 2.78066505606 0.00013713001837 -9.93111512106E-07 -7.80826668044E-07 0.000137135837398244 -1.5734588117E-05 -2.3458435596E-05 
245 3.33677120599998 30.9443089985 2.78058847814 0.000137712405158 -7.98513012147E-07 -8.1997926722E-07 0.000137717161325052 -1.5862032296E-05 -2.3355462035E-05 
246 3.35046042699997 30.9442173097 2.78081487054 0.00013625348766 -6.80197904819E-07 3.50721449531E-07 0.000136255636853081 -8.07093961199999E-06 -1.329832054E-05 
247 3.36417375500002 30.9441228154 2.78073696236 0.000137490268967 -8.57785569052E-07 -8.14932077464E-07 0.000137495359816218 -1.6050505816E-05 -2.0610909969E-05 
248 3.37788526999998 30.9440376922 2.78099682606 0.000137515581447 -2.04671204925E-07 -4.90068183852E-08 0.000137515742490367 5.53262761000004E-07 -2.8520897892E-05 
249 3.39159941100002 30.9439557259 2.78090614191 0.000137115354249 -1.01062713438E-06 -7.60266028511E-07 0.000137121186337005 -1.6293559842E-05 -2.3481675056E-05 
250 3.40532910799999 30.9438574233 2.78081325438 0.000139074935842 -1.55045143093E-06 -1.21089819067E-06 0.000139088849134373 -1.7140190076E-05 -2.3336288608E-05 
251 3.419076856 30.9437832331 2.78034331286 0.000137085874152 -2.56928304222E-07 -7.64871515034E-07 0.000137088248703549 -2.0972661377E-05 -1.9689410292E-05 
252 3.432766727 30.9436951384 2.78025766822 0.000136992347362 -1.95259106672E-07 -8.11948074725E-07 0.000136994892684164 -1.1568764825E-05 -2.2662963931E-05 
253 3.44650546399998 30.9436030585 2.78051986145 0.000138968502121 -6.72941337568E-07 -7.74963598562E-07 0.000138972292203796 -2.0323782247E-05 -1.9557253532E-05 
254 3.46021985200002 30.9435206891 2.78076259201 0.000136305953323 -9.60422387682E-07 -8.34797587509E-07 0.000136311893132869 -1.6602205514E-05 -1.7995373206E-05 
255 3.47396105600001 30.9434348646 2.78068137383 0.000136852462584 -8.3538274921E-07 -7.99872537412E-07 0.00013685734973219 -1.3988076733E-05 -1.8080669908E-05 
256 3.48768524000002 30.9433488193 2.78023649017 0.000136849226872 -4.01351936829E-07 -7.14457755121E-07 0.00013685168040154 -2.0226732964E-05 -1.6926496241E-05 
257 3.50141860399998 30.943270465 2.78013797559 0.000137469603477 -8.45168161015E-07 -7.77734561781E-07 0.00013747440147312 -1.652267247E-05 -2.0133616454E-05 
258 3.515156424 30.9432005692 2.78040416449 0.000138977828451 -4.83278291485E-07 -1.02456304852E-06 0.00013898244525228 -1.8333885755E-05 -2.2253719514E-05 
259 3.52888750800003 30.943127752 2.78030274203 0.000137185116089 -1.0575080761E-06 -8.66014342227E-07 0.000137191925347392 -1.5178440692E-05 -2.2077964611E-05 
260 3.54260581400001 30.943040113 2.78054662501 0.000136945575052 -1.28143733446E-06 -7.40646966398E-07 0.000136953573030768 -1.5375817829E-05 -1.7983942805E-05 
261 3.55633451199998 30.9429573525 2.78044180725 0.000138286156775 -8.35562395841E-07 -3.99993519623E-07 0.00013828925957909 -1.0938718634E-05 -1.678068776E-05 
262 3.57007646099999 30.9428919012 2.78035276994 0.000137176579524 -5.96016209981E-07 -8.50546111346E-07 0.000137180511130096 -1.474529059E-05 -1.7273817635E-05 
263 3.58381227899997 30.942818214 2.78026237046 0.00013713591574 -9.04004282326E-07 -8.00615329832E-07 0.000137141232291741 -1.5913018527E-05 -1.7099793386E-05 
264 3.59756871000002 30.9427410441 2.78017897313 0.000137187772755 -2.53304897706E-07 -7.90694068608E-07 0.000137190285202557 -1.4281615853E-05 -1.7827270138E-05 
265 3.61127582900002 30.9426663492 2.78008587586 0.00013755644657 7.95614094055E-07 -5.15039056254E-08 0.000137558757072766 -1.2636972946E-05 -1.8544860366E-05 
266 3.62500680400001 30.9425958902 2.77998569235 0.000137219880426 1.59561297781E-08 -7.92202585847E-07 0.000137222168120391 -1.848185716E-05 -1.9946917681E-05 
267 3.63874444200002 30.9425330694 2.7798685344 0.000137363006785 -4.15908302129E-07 -8.06198256383E-07 0.000137366002228937 -1.6234325148E-05 -1.5723723526E-05 
268 3.65249210799999 30.9424651791 2.7797764856 0.000137503729927 -8.76024713404E-07 -7.70795766451E-07 0.000137508680777795 -1.4918622622E-05 -1.4680164062E-05 
269 3.66624618700001 30.9423790646 2.78003001561 0.000136707071186 -7.2494525383E-07 -8.27013133385E-07 0.000136711494793225 -1.5298902455E-05 -1.7682780266E-05 
270 3.68000253000002 30.9423182905 2.77994434071 0.000137881689199 -1.06705677126E-06 -7.83790288851E-07 0.000137888045724565 -1.5497533778E-05 -2.2954538763E-05 
271 3.69376385999999 30.9422520232 2.7794952107 0.000137572211827 -1.27351948626E-06 -8.56241724814E-07 0.000137580770708505 -1.6182809039E-05 -1.6704232252E-05 
272 3.707519273 30.9421889619 2.77940591724 0.00013755279169 -6.88817240728E-07 -7.73522689404E-07 0.000137556691252206 -1.5173183361E-05 -1.9716103216E-05 
273 3.721297531 30.9421192868 2.77931258116 0.000138540416124 2.18574314016E-06 -8.17596073595E-07 0.000138560069414768 -1.958955759E-05 -2.0030559772E-05 
274 3.73504449900003 30.9420552404 2.77990510203 0.000137352456869 -8.16866884703E-07 -9.02246919394E-07 0.000137357849171285 -1.5204386851E-05 -2.1361023399E-05 
275 3.74881709099998 30.9419824439 2.77981034146 0.000137135144726 -1.09615082216E-06 -8.08912598536E-07 0.00013714191119143 -1.3775235552E-05 -2.0641539572E-05 
276 3.76259297799999 30.9419155375 2.77972184427 0.000139134340038 1.02356058883E-06 -6.22550689395E-07 0.000139139497711648 -2.4772821928E-05 -2.4482184682E-05 
277 3.77638000799999 30.9418539423 2.7796181474 0.000137341995037 -7.77404444761E-07 -7.93139537148E-07 0.000137346485316296 -1.5037197194E-05 -2.0714180222E-05 
278 3.79014345100001 30.9417955421 2.77953603265 0.000138664817482 -2.81292831332E-08 -9.44371110679E-07 0.00013866803609833 -1.2349595483E-05 -1.8656836537E-05 
279 3.80394581100001 30.9417202693 2.77942428889 0.000137993488611 -7.79860789862E-07 -9.06085574582E-07 0.000137998666924555 -1.4580666175E-05 -2.0153690157E-05 
280 3.81771525599999 30.9416659586 2.77968142772 0.000137486634233 -7.27430512335E-07 -8.0425356434E-07 0.000137490910869282 -1.7471666708E-05 -2.1969834427E-05 
281 3.83150455999998 30.9416029458 2.77957466916 0.000137939699025 -5.94183800949E-07 1.33351208259E-07 0.000137941043217897 -8.79375310300001E-06 -7.32270629699999E-06 
282 3.84527080399999 30.9415367035 2.77947816803 0.000137572012636 -7.80816745695E-08 -8.1554942661E-07 0.000137574452128056 -1.4926593439E-05 -1.4146524899E-05 
283 3.85906819399997 30.9414809897 2.77938982577 0.000139709485473 -1.06909756785E-06 -7.5833130468E-07 0.000139715633939469 -1.9437054749E-05 -1.3983718638E-05 
284 3.87288310999998 30.9414089311 2.77964809819 0.000138425927649 -8.31170041126E-07 -8.53016256661E-07 0.000138431051162149 -1.5450855554E-05 -2.078665216E-05 
285 3.88667411099999 30.9413431848 2.77954090683 0.000138481982624 -3.21799533642E-07 -8.5727812219E-07 0.000138485009990946 -1.4805386806E-05 -1.9822199072E-05 
286 3.90048221299998 30.9412883806 2.77945226765 0.000137696239588 -1.88348987469E-07 -8.71078741441E-07 0.000137699123636248 -1.0256350867E-05 -2.4921011469E-05 
287 3.91426481799999 30.9412111854 2.77934737865 0.000138706202835 -6.97900870572E-07 -8.91387877916E-07 0.000138710822731603 -1.678884486E-05 -1.5361587291E-05 
288 3.92808132099998 30.9411472211 2.77961061251 0.000145861398657 -2.16888931725E-06 -3.02164495379E-05 0.000148974110239743 4.5187176706E-05 -6.14300085599999E-06 
289 3.941902922 30.9410832116 2.7794911355 0.000138165461564 4.48939464614E-07 -8.80257462141E-07 0.00013816899496282 -2.1549361969E-05 -1.3884845686E-05 
290 3.955698993 30.9410295767 2.7793768673 0.00013881684682 -3.18916354433E-07 -9.58034162658E-07 0.000138820519009782 -1.3613822295E-05 -1.3385959073E-05 
291 3.96953961399998 30.9409638772 2.77963961575 0.000139058624327 -6.69716765975E-07 -8.32299104846E-07 0.00013906272772409 -1.5418219912E-05 -2.0209350897E-05 
292 3.98374349199997 30.9405393839 2.77933010655 0.000143865640524 -6.36613112411E-06 1.82878639493E-06 0.00014401803570577 -1.9168973715E-05 -1.3850356761E-05 
293 3.99773961199998 30.9402987012 2.77963755271 0.000137954527462 -5.8603140235E-07 -8.61775065383E-07 0.000137958463808248 -1.6132310241E-05 -1.3304276739E-05 
294 4.01173146500003 30.9400898396 2.77960325805 0.000147588157023 -8.16116201171E-06 2.14152764651E-06 0.000147829140562637 -9.211881032E-06 -1.3068764134E-05 
295 4.02609968899998 30.9395884402 2.78005349409 0.000138368276859 -1.76138008609E-07 -7.20108797773E-07 0.00013837026278145 -1.7182258728E-05 -5.17471399700002E-06 
296 4.04004038300002 30.9394324518 2.78000122055 0.000141518421469 -3.29272037104E-06 -1.22201974579E-07 0.000141556775026284 -1.4696255612E-05 -2.931563839E-06 
297 4.05398456699999 30.9392730864 2.77955778732 0.000135817286321 -6.67108008906E-07 -2.06307238526E-05 0.000137376879653668 2.2385664271E-05 -1.7233666209E-05 
298 4.06792284599999 30.9391197444 2.7795052446 0.000138946914958 -6.66823056927E-07 -1.01393162837E-06 0.000138952214400066 -1.4241382368E-05 -1.1299925583E-05 
299 4.08187861300001 30.938963762 2.77980558806 0.000140458723609 -2.55156138191E-06 -3.40330353438E-07 0.000140482309662479 -1.6463325429E-05 -4.85694215199999E-06 
300 4.09582110000002 30.9388283285 2.7797442045 0.000138811191484 -7.81172087742E-07 -7.21584513928E-07 0.000138815264993621 -1.2235657737E-05 -1.4080473956E-05 
301 4.10975444000002 30.9386856732 2.77931921599 0.000139384994246 -9.02600996845E-07 -7.33394012299E-07 0.000139389846030097 -1.582186587E-05 -7.92809677199998E-06 
302 4.12367877299999 30.9385471848 2.77960390484 0.000141528922083 -2.86001574157E-06 -1.29648674378E-07 0.000141557876095951 -1.3221036656E-05 -6.93181365699999E-06 
303 4.137597379 30.9384299471 2.77952414047 0.000141359550783 -2.93417967366E-06 1.87165570438E-07 0.000141390123554934 -1.2379309892E-05 -6.55653114600002E-06 
304 4.151578943 30.9382777929 2.77980642856 0.00013859377575 -3.1009219449E-07 -6.75459346434E-07 0.000138595768619172 -1.0246666603E-05 -2.3483334561E-05 
305 4.16554592300002 30.9381571806 2.77973517976 0.000138861443007 -7.76437923749E-07 9.37876219226E-08 0.000138863645371831 -7.93354538200001E-06 -6.255473015E-06 
306 4.17948855999998 30.938022017 2.77964327617 0.000137906730936 -1.87188563483E-07 -9.1555748264E-07 0.000137909897115895 -1.2878050837E-05 -9.77765086000001E-06 
307 4.19342567799998 30.9378988867 2.7795760545 0.000138881330742 -5.08233094713E-07 -8.1649597674E-07 0.000138884660762906 -1.3641233117E-05 -1.0011793814E-05 
308 4.20740461600002 30.9377679469 2.77986299715 0.000139026307955 -7.5404365243E-07 -7.61596142818E-07 0.000139030438804289 -1.6811120879E-05 -1.1024835428E-05 
309 4.22134240499997 30.9376621735 2.77977806105 0.000141926888378 -1.8572350276E-06 -1.97231343619E-06 0.000141952742090104 -1.9009146835E-05 -1.7917123822E-05 
310 4.23533525200003 30.9375366749 2.7793357223 0.000139971567104 -1.21318277344E-06 -3.8816907206E-07 0.000139977362759911 -1.5011334718E-05 -9.28895530600001E-06 
311 4.249286074 30.9374155508 2.77961703159 0.00013866092835 -4.95065969727E-07 -9.57673680564E-07 0.00013866511919036 -1.4436264673E-05 -1.5804532077E-05 
312 4.26325912300001 30.9372994775 2.77988688941 0.000138934667877 -3.22542750363E-06 -1.19754756747E-06 0.000138977262315998 -1.4200813832E-05 -1.0205082526E-05 
313 4.27724342599998 30.9371904098 2.7797938647 0.000141283624316 -2.08987644335E-06 -7.60039319797E-08 0.00014129910070489 -1.305080853E-05 -1.0466431976E-05 
314 4.29121882999999 30.9370842337 2.77935541021 0.000141244073778 -2.47411198195E-06 -1.19860421117E-07 0.000141265791945626 -2.0885910227E-05 -1.1656081535E-05 
315 4.30519291100001 30.9369775464 2.77927907276 0.000137923485322 4.12995199804E-07 -5.15105675433E-07 0.000137925065532919 -8.638242297E-06 -8.550668145E-06 
316 4.31919483799999 30.936865033 2.77918465981 0.00013946124666 3.29894528966E-07 -9.3023612027E-07 0.000139464739233976 -1.2894278162E-05 -8.00594183899999E-06 
317 4.33317891799999 30.936761212 2.7791057032 0.000140310349877 -1.42146202044E-06 -5.35082499657E-07 0.000140318570225623 -1.4184503561E-05 -1.6982239845E-05 
318 4.34719195000002 30.9366478118 2.77936166563 0.000139295817346 -9.98010551518E-07 -2.61012637048E-06 0.000139323844028296 -1.8413243335E-05 -9.49003317799999E-06 
319 4.36119724100001 30.9365436407 2.77928278428 0.000140325867326 1.51588709889E-06 -8.36777021547E-07 0.000140336549588033 -2.0408431538E-05 -8.67871092800001E-06 
320 4.375225978 30.9364436683 2.77955645652 0.000134221477918 1.29392716271E-06 -1.75060566207E-06 0.000134239129921862 -1.2455998423E-05 -1.6405098219E-05 
321 4.38922596100002 30.936344116 2.7794516957 0.000142486506684 -1.22640018221E-06 6.24329968078E-06 0.000142628494471899 -2.8022102364E-05 -2.3102066617E-05 
322 4.403254737 30.9362454378 2.77937381948 0.00013915751152 -5.20593246107E-07 -8.70518194864E-07 0.000139161208070692 -1.3469907729E-05 -2.3345188105E-05 
323 4.41726319100002 30.9361390807 2.77894306463 0.000141423693365 -1.57272960829E-06 -4.62617801659E-07 0.000141433194613742 -1.4672998688E-05 -1.486599644E-05 
324 4.43127875300002 30.9360574679 2.77954773617 0.000139486610932 -5.38120245374E-07 -5.07581892533E-07 0.000139488572442588 -1.2217399224E-05 -8.457977722E-06 
325 4.44530598199998 30.935972455 2.77946774376 0.000141187735981 3.26209452921E-08 -8.03316767818E-07 0.000141190025049208 -1.629183062E-05 -9.93202582499999E-06 
326 4.45934310400003 30.935893159 2.77972469422 0.00014029404268 -8.33831699793E-09 -9.07772208103E-07 0.000140296979765806 -1.9215668347E-05 -2.7472252872E-05 
327 4.473377734 30.9358075453 2.77927502326 0.000139908417505 2.49233140762E-07 -8.70627036319E-07 0.000139911348350833 -1.6884826361E-05 -1.5631729883E-05 
328 4.48736746999998 30.9357298719 2.77917651588 0.000139515194746 1.53083939612E-07 -9.60825818955E-07 0.000139518587241848 -1.4013626211E-05 -1.5638408442E-05 
329 4.50141085400003 30.9356554921 2.77910407703 0.000140054288067 -6.87519816152E-07 -8.04771930303E-07 0.000140058287678065 -1.522621144E-05 -1.5275149458E-05 
330 4.51543180599998 30.9355694042 2.77900200055 0.000141609685017 -2.26590044946E-06 -6.06707252664E-07 0.00014162911172902 -1.3942387189E-05 -1.5466630235E-05 
331 4.529434987 30.9354863853 2.77923804754 0.000139952687507 -1.27527599862E-06 -7.46644836951E-07 0.000139960489238275 -1.8916533515E-05 -1.7080401414E-05 
332 4.54346486999998 30.9354131007 2.7791475874 0.000140527932866 -7.8501790677E-07 -7.57579256697E-07 0.000140532167474337 -1.6128912873E-05 -2.0281780024E-05 
333 4.55749366499998 30.9353330583 2.77905746987 0.000140721785261 -9.21340628471E-07 -8.59083600339E-07 0.000140727423554292 -1.7700722724E-05 -1.6140117587E-05 
334 4.57154500299998 30.9352587498 2.77896569042 0.000139904585412 -3.21109980181E-07 -8.61308364183E-07 0.000139907605165056 -1.4712664411E-05 -1.468502078E-05 
335 4.58559815900003 30.9352004258 2.77885624627 0.000140179109222 -1.12834012788E-07 -9.42460650725E-07 0.000140182322800937 -1.5241177261E-05 -2.3396778964E-05 
336 4.59964111199997 30.935121996 2.77840732522 0.000141450524866 -1.41434407894E-06 1.05289927735E-08 0.000141457595995762 -1.1919117729E-05 -1.7175530803E-05 
337 4.61366662299997 30.9350425213 2.77867474857 0.000139464807358 -3.65705653969E-07 -9.03659047126E-07 0.000139468214413546 -1.6115869435E-05 -8.88262910199999E-06 
338 4.62770782899997 30.9349704499 2.77926187975 0.000140316141301 -4.80902768711E-07 -9.53567175165E-07 0.000140320205485285 -1.5673808549E-05 -2.0989707062E-05 
339 4.64175396600001 30.9349114894 2.77917020207 0.000140702466216 -4.14530795249E-07 -8.40254160898E-07 0.000140705585753017 -1.6080463897E-05 -1.8103351303E-05 
340 4.655861292 30.9348387305 2.77907423031 0.000141738516192 -1.60180587705E-06 -5.8370573978E-07 0.000141748768836869 -1.4413284715E-05 -2.4001198337E-05 
341 4.66994373699998 30.9347679351 2.77860816278 0.00014059926055 -7.5060446833E-07 -5.13973005992E-08 0.000140601273521818 -7.58848051E-06 -1.6704223853E-05 
342 4.68399112600002 30.9347023878 2.77852321853 0.000139893497609 -7.76437946776E-08 -9.59308400131E-07 0.000139896808306854 -1.4591537735E-05 -1.5361556648E-05 
343 4.69806687400001 30.9346391632 2.77842518008 0.000140592172494 -6.35620070598E-07 -9.43927439509E-07 0.000140596777980393 -1.4760883225E-05 -1.531338553E-05 
344 4.71215626399999 30.9345687122 2.77937398425 0.000140603072756 -1.26234799864E-06 -7.57693895929E-07 0.000140610780848904 -1.549392255E-05 -2.5611771526E-05 
345 4.72622497999998 30.9345082967 2.77926644363 0.000140793114767 -2.92947694904E-06 -8.27349198347E-07 0.000140826018574994 -1.5731060905E-05 -2.0197010338E-05 
346 4.74033418499999 30.9344543473 2.77917239689 0.000140698777492 -1.79875769003E-07 -9.30114245477E-07 0.000140701966779236 -1.5516480383E-05 -1.9754764687E-05 
347 4.75442192200001 30.9343880632 2.77870856884 0.000142740378163 -1.31052877658E-06 -4.76738111001E-07 0.000142747190245612 -1.2456225856E-05 -1.0763054252E-05 
348 4.76850977800001 30.9343253873 2.7782505378 0.0001408655201 -2.98540816676E-07 -8.77265969928E-07 0.000140868568088288 -1.9529003075E-05 -4.80887652699999E-06 
349 4.78260468299999 30.9342587948 2.77814448108 0.000140526715715 1.47986820687E-07 -1.05968623002E-06 0.00014053078902735 -1.1918716365E-05 -9.12070513800001E-06 
350 4.79669261700002 30.9342042767 2.77875405027 0.000140936017376 -7.00291787533E-07 -8.46086526872E-07 0.000140940296809702 -1.6818448548E-05 -1.7101663908E-05 
351 4.81083655100002 30.9341217458 2.77899390903 0.000141337604567 -4.16177516617E-07 -1.02355304491E-06 0.000141341923466814 -1.604816964E-05 -2.3986111168E-05 
352 4.824941959 30.9340798316 2.77851462231 0.000143340848164 -2.57584825672E-06 -1.11425315537E-07 0.000143364033712147 -1.5512882505E-05 -1.0468810432E-05 
353 4.8391087 30.9340060481 2.77843055864 0.000141449871615 2.17446722892E-07 -8.71705716545E-07 0.000141452724731033 -1.5449144852E-05 -8.29511712399999E-06 
354 4.853267319 30.9339491865 2.77833262701 0.000141183046834 7.13729868201E-07 -8.58824152522E-07 0.000141187462979477 -1.2202301683E-05 -8.213197469E-06 
355 4.86740847700003 30.9338800463 2.77820761393 0.000141926517421 -1.63084032359E-06 -1.00707747503E-06 0.000141939459603224 -1.4607939501E-05 -1.6388551342E-05 
356 4.88155427599997 30.9338273347 2.77845724894 0.000143568290191 6.41963388606E-07 -1.09309032632E-06 0.000143573886594398 -1.7212144877E-05 -2.2449853058E-05 
357 4.89572071399999 30.9337704049 2.77834029026 0.000137996894209 1.17398544221E-06 -6.27930529824E-08 0.000138001902146731 -1.0053620665E-05 -8.48120699900002E-06 
358 4.90988628600002 30.9336852268 2.77859943701 0.000141043817476 -3.94449870948E-06 -2.50723348412E-06 0.000141121237728473 -1.7284840953E-05 -1.068077E-05 
359 4.92402342000003 30.9336422806 2.77847994901 0.000140488777765 5.49393502957E-07 -9.58528050233E-07 0.00014049312184996 -1.6069107262E-05 -9.18441299E-06 
360 4.93820068100001 30.9335681452 2.77838003395 0.000141852246696 -6.21545890394E-07 -8.32545416099E-07 0.000141856051488354 -1.6991284078E-05 -9.055407215E-06 
361 4.95240222400002 30.9335024111 2.77862103204 0.0001429204959 -1.31539814117E-06 -3.45202337904E-07 0.000142926965913455 -1.5475863815E-05 -1.5919751188E-05 
362 4.96660006600001 30.9334426595 2.77851947182 0.000141280383612 -4.69572993806E-07 -9.42449349382E-07 0.000141284307349141 -1.6642598607E-05 -2.1510752506E-05 
363 4.98076359499998 30.9333840061 2.778390341 0.000142173715978 5.10249629664E-07 -9.74827503825E-07 0.000142177973534369 -2.2516424868E-05 -9.86617934400001E-06 
364 4.99497201000003 30.9333193141 2.77863940381 0.000142095406381 -5.64061878476E-07 -3.67838232106E-07 0.000142097002028014 -7.50088634099999E-06 -1.0895350001E-05 
365 5.00918162900001 30.9332500419 2.77817426847 0.000144707440288 -3.18320922862E-06 9.43195020382E-07 0.000144745520526698 -2.0655296174E-05 -7.19419401999999E-06 
366 5.02335851700002 30.9332021293 2.77805084303 0.000141780629844 -6.08846044254E-07 -1.01732867016E-06 0.000141785586891228 -1.5576079784E-05 -7.967722028E-06 
367 5.037551409 30.9331457612 2.77829009801 0.00014171141984 -1.8579914102E-07 -1.14106064897E-06 0.000141716135474385 -1.6630867503E-05 -2.202561985E-05 
368 5.05173747700002 30.9330891488 2.77817945526 0.000141699966116 -4.86636285671E-07 -9.62187290272E-07 0.000141704068454408 -1.5461004234E-05 -2.1428547518E-05 
369 5.06598283199997 30.9330460724 2.77770763258 0.000144827059146 -1.77878735144E-06 5.49802070591E-06 0.000144942296714945 -2.014368995E-05 -1.360209234E-05 
370 5.08017490999998 30.9329938083 2.77795006777 0.000140849909383 -5.54003512441E-07 -1.03469060913E-06 0.000140854799271263 -1.6917400951E-05 -7.09913693500001E-06 
371 5.09440057400002 30.9329297534 2.77818339563 0.000142470772241 -2.64461436453E-07 -9.98760721166E-07 0.000142474518443743 -1.7257683332E-05 -7.84879396500002E-06 
372 5.108636929 30.9328748435 2.77808176377 0.000145795835744 -3.92209711164E-06 -2.95363083805E-07 0.000145848880027911 -5.43641628199999E-06 -8.36986984999999E-06 
373 5.122873755 30.9328135809 2.77829978123 0.000143938691073 -1.693243816E-06 -1.81353173876E-06 0.000143960073491911 -1.881508864E-05 -2.2061503986E-05 
374 5.137100772 30.9327745552 2.77817547954 0.000142448603939 -1.14514998035E-07 -1.08242813487E-06 0.00014245276244609 -1.5503373436E-05 -2.0783705237E-05 
375 5.15134895099999 30.9327197192 2.77771751743 0.000142538264204 -7.70785872806E-07 -8.48540822919E-07 0.000142542873882489 -2.1133951718E-05 -1.3462166896E-05 
376 5.16559737699998 30.9326693466 2.77759297967 0.000142153280333 -1.16486165124E-06 -1.01548562876E-06 0.000142161679868948 -1.6972991994E-05 -1.4809465275E-05 
377 5.17983760999999 30.9326257176 2.77784122569 0.0001435825681 -8.42784792241E-07 -9.68956613401E-07 0.000143588310893735 -1.8384931326E-05 -8.87128725700001E-06 
378 5.19411021600001 30.9325622565 2.77806615975 0.000144350598376 -2.00693448178E-06 -5.16330359411E-07 0.000144365472446023 -1.7550518595E-05 -7.86551776800002E-06 
379 5.208364684 30.9325223925 2.77830162349 0.000144438450044 -1.67554647066E-06 -8.11698019276E-08 0.000144448191043104 -1.801059074E-05 -1.6600279452E-05 
380 5.22264929200003 30.9324710205 2.77819884715 0.000143333507711 -3.94701165308E-07 -9.62508158951E-07 0.000143337282811226 -1.750609949E-05 -1.5611495135E-05 
381 5.23691648699997 30.9324355652 2.77806594062 0.000142930860494 -1.41148004829E-06 -1.00233942671E-06 0.000142941344060451 -1.710127836E-05 -1.5251238624E-05 
382 5.25117905399998 30.9323807705 2.7776015699 0.00014230759417 9.5393478953E-07 -9.46024522892E-07 0.000142313935763277 -1.581045443E-05 -1.439108848E-05 
383 5.265465818 30.9323314677 2.77746844334 0.000143160276843 -9.80457983204E-07 2.9349870592E-08 0.000143163637230395 -5.72060403500002E-06 -7.68445932899998E-06 
384 5.27977055500003 30.9322902251 2.77806306762 0.000142922060146 -2.55622555013E-07 -9.69534062345E-07 0.000142925577191647 -2.0349096534E-05 -1.7142694573E-05 
385 5.29406457699997 30.9322463854 2.7779359536 0.000145439680433 -1.10922658449E-06 -4.43816221325E-06 0.000145511608856132 -2.0307107151E-05 -2.3962053969E-05 
386 5.30837303700002 30.9321908375 2.77781368583 0.000143492877909 1.80343859444E-06 -1.4662841332E-06 0.000143511701232096 -2.3580913754E-05 -2.1520138664E-05 
387 5.32263596000001 30.932154272 2.7776857924 0.000142539404165 -1.43273837251E-07 -1.15276509347E-06 0.000142544137495957 -1.7031497464E-05 -2.0494247906E-05 
388 5.336922195 30.9321082236 2.77755412824 0.000141220245063 1.31231792749E-06 -1.4558128002E-06 0.000141233845748481 -8.81430240299999E-06 -1.9365880017E-05 
389 5.35120805100001 30.932065569 2.77706410709 0.000142557024262 1.47600189869E-08 -1.1647786535E-06 0.000142561783426016 -1.6804042053E-05 -9.51681899E-06 
390 5.365494807 30.9320337699 2.77764891434 0.000143033197814 -2.35390495592E-08 -7.54059648816E-07 0.000143035187408343 -1.9469010806E-05 -8.27232072199999E-06 
391 5.37981309399999 30.9319845347 2.77787789377 0.00014501088551 -1.26941155145E-06 -1.30522426288E-06 0.000145022315291329 -2.0175746447E-05 -1.7171838562E-05 
392 5.39412409300002 30.9319447929 2.77775343717 0.000141811792327 -3.83861596253E-07 -1.04620110545E-06 0.000141816170902596 -1.7953836016E-05 -1.1645107987E-05 
393 5.40843173299999 30.9319094114 2.77763334988 0.000142031753157 9.9360164707E-08 -1.11085944305E-06 0.000142036131973507 -1.5500705244E-05 -9.409908192E-06 
394 5.42273640100001 30.9318640592 2.77751525767 0.000145514526423 -2.27286915019E-06 -1.83430070101E-08 0.000145532277075396 -1.6668103952E-05 -9.109353238E-06 
395 5.43708417599998 30.9318261151 2.77739614967 0.000143688684322 -6.89631239761E-07 -1.04343850525E-06 0.00014369412777615 -1.6519764285E-05 -1.3401256719E-05 
396 5.45139925500001 30.9317821077 2.77725328553 0.000142761774992 1.44028262626E-06 -5.06761563376E-07 0.000142769939483744 -2.0253196262E-05 -1.34761072E-05 
397 5.465726883 30.9317419987 2.77714118944 0.000143236176945 -1.7243447514E-07 -1.02905458015E-06 0.000143239977215847 -1.7519285606E-05 -1.3931179388E-05 
398 5.480068023 30.9316895996 2.77770076992 0.000142490594884 7.0735867756E-08 -1.09880818827E-06 0.000142494849076708 -1.6260261164E-05 -1.0766066156E-05 
399 5.494376338 30.9316580219 2.77760037987 0.000143213504989 -2.28613513252E-07 -1.04218056264E-06 0.000143217479434942 -1.8568931208E-05 -8.72377692500001E-06 
400 5.508724847 30.931635407 2.7771115216 0.000145106588945 5.6570800895E-07 -1.15036500302E-06 0.000145112251448473 -1.8700890531E-05 -1.3966164237E-05 
401 5.52307752600001 30.9315980916 2.77698206147 0.000145102599523 -9.12954123424E-07 -1.19813949921E-06 0.000145110417998926 -1.9087310002E-05 -1.3787541337E-05 
402 5.53739852899997 30.9315735984 2.7772105262 0.000143067768814 -1.50819235723E-07 -1.07437117192E-06 0.000143071882259489 -1.7559724284E-05 -1.269329477E-05 
403 5.55176993399999 30.9315328823 2.77709010464 0.000143953755813 1.46088510637E-06 -8.89709435007E-07 0.000143963917635085 -1.623651269E-05 -1.157586174E-05 
404 5.56612825600001 30.931498187 2.77696010198 0.000146476388373 -2.35576354471E-06 1.21225031224E-06 0.000146500346496164 -9.14752550700002E-06 -2.1948016461E-05 
405 5.58046675100002 30.9314701364 2.7771704744 0.000143716964294 -1.3989221214E-07 -1.01607311199E-06 0.000143720624129882 -1.8061567421E-05 -8.291328811E-06 
406 5.59485881099999 30.9314591265 2.77706995 0.000143207022761 -6.02317710698E-07 -9.48798010429E-07 0.000143211432408027 -1.876751403E-05 -7.701096636E-06 
407 5.60923502499998 30.9314146167 2.77693562572 0.000143631090524 -2.2847599907E-06 -2.14561890899E-07 0.000143649421614337 -1.9468964419E-05 -7.62341460799998E-06 
408 5.62359760599998 30.9313991486 2.77716749971 0.000143633384089 6.79389516401E-08 -1.02334704667E-06 0.000143637045638433 -1.6615133959E-05 -8.46090948100002E-06 
409 5.63794074100002 30.9313831948 2.77702248172 0.000144147783405 -5.70542398782E-07 -1.07960976428E-06 0.000144152955351067 -2.0635223367E-05 -7.92350860600002E-06 
410 5.652339074 30.9313563751 2.77691002718 0.000144850251662 1.81259692329E-07 -7.82802046144E-07 0.000144852480271013 -1.7912206236E-05 -1.2003452544E-05 
411 5.66670510400002 30.9313444917 2.77715130864 0.000143827715174 -2.70878943971E-07 -7.88051755063E-07 0.000143830129156391 -1.7645994849E-05 -1.9810730016E-05 
412 5.68106635499998 30.9313245795 2.77736426776 0.000135417612982 2.35810505939E-07 -5.56999954297E-06 0.000135532322370887 -1.0446513042E-05 -1.2619540524E-05 
413 5.69546287899999 30.9312964562 2.7772233307 0.000143336909683 -1.06812012598E-06 -5.80820049515E-07 0.000143342066086707 -5.07125582099998E-06 -1.1463138561E-05 
414 5.70987831299999 30.9312902315 2.77710660032 0.000143408823676 -1.35447697838E-07 -9.66680597187E-07 0.000143412145669709 -1.66448567E-05 -9.917930661E-06 
415 5.72428840800001 30.9312764706 2.77699069618 0.000145870081806 -2.02385132912E-06 -1.35970067862E-06 0.000145890457282946 -1.8858686005E-05 -8.942029365E-06 
416 5.73868952100003 30.9312619223 2.77684921451 0.000145083116857 6.66360281449E-07 -1.12601867539E-06 0.000145089016645037 -2.0399935947E-05 -8.144904913E-06 
417 5.75308365400002 30.9312479607 2.7763730698 0.000144719989383 -1.13507137436E-07 6.5593904157E-07 0.000144721520400085 -2.2729484862E-05 -1.2678275883E-05 
418 5.76752620000002 30.9312301449 2.77659608284 0.000144052180993 2.73501714713E-07 -1.02389555146E-06 0.000144056079407043 -1.9995225201E-05 -1.1421448158E-05 
419 5.78189210099998 30.9312171939 2.77646840189 0.000146774649343 -2.38451808719E-09 -1.20886315457E-06 0.000146779627488194 -1.7869550643E-05 -1.1853894496E-05 
420 5.79632980299999 30.9312241012 2.77704170918 0.000144915874471 -2.04685589264E-07 -1.11729032292E-06 0.000144920326067639 -1.9945984665E-05 -1.4637676986E-05 
421 5.81077090999997 30.9312191843 2.77692063294 0.000144295730443 8.23330208293E-08 -1.00636153545E-06 0.000144299263221769 -1.6993396215E-05 -1.174932588E-05 
422 5.82521407199999 30.931218848 2.77681369908 0.000143819964718 -2.20464359928E-07 -9.97260898918E-07 0.000143823591198806 -1.8357768479E-05 -1.0209846412E-05 
423 5.83963774 30.9312032849 2.77631024922 0.00014379954736 3.90148702978E-07 -9.50276967284E-07 0.000143803216456607 -1.6991627232E-05 -8.46814517399999E-06 
424 5.85404619799999 30.9311956898 2.77620031262 0.000143128611505 -2.56121177049E-06 1.63839279161E-06 0.000143160900975169 -1.9240785267E-05 -7.419443992E-06 
425 5.86851289800001 30.9312009382 2.77676892434 0.000145047016577 -1.10102958793E-07 -3.60688207774E-07 0.000145047506826327 -1.2474801237E-05 -2.0383496342E-05 
426 5.88295406499998 30.931196835 2.77665100393 0.000145638614956 2.66894188737E-07 -1.01716921789E-06 0.000145642411515423 -1.8129999299E-05 -1.373949952E-05 
427 5.897402527 30.9311997124 2.77651829736 0.000144149715178 -8.6961913128E-08 -9.30267127924E-07 0.000144152743106755 -1.8247231431E-05 -1.3547645153E-05 
428 5.91186675 30.9311925828 2.77676943604 0.000144936752605 7.82263932701E-07 -8.64267638694E-07 0.000144941440420242 -2.2177812682E-05 -9.20675558000001E-06 
429 5.92632664500002 30.9311863496 2.77663216007 0.000144677731476 1.69162182052E-07 -9.48513542934E-07 0.000144680939583715 -1.6836340221E-05 -8.498679894E-06 
430 5.94079642999998 30.9311932502 2.77652126077 0.000144402398824 -8.10895839791E-08 -9.27632171579E-07 0.000144405401086981 -1.9042805187E-05 -8.21159604000001E-06 
431 5.95527019399998 30.9311798286 2.7763936941 0.000144019949492 -4.36820621566E-07 -8.8500007543E-07 0.000144023331058086 -1.9193967827E-05 -8.17227625199998E-06 
432 5.96973394999998 30.9312073557 2.77697956577 0.000144945678926 6.06486306662E-07 -8.95836740687E-07 0.000144949716068798 -2.0221733587E-05 -1.291851454E-05 
433 5.98421318200002 30.931213973 2.77685407636 0.000146515364878 -1.00236537241E-06 -1.23936295827E-06 0.00014652403523728 -1.7870342224E-05 -1.4417541701E-05 
434 5.99870236499999 30.9312179934 2.7767376901 0.000144610676327 4.08524748713E-07 -9.42800771874E-07 0.000144614326653752 -1.6358363971E-05 -1.4558456696E-05 
435 6.01320213999998 30.9312407967 2.77588713054 0.000144839636228 -6.81983683045E-08 -5.06957327093E-07 0.000144840539488806 -2.2487952055E-05 -1.3838968429E-05 
436 6.02767465099998 30.9312386006 2.77614315751 0.000144499739184 4.78975431437E-07 -8.83285002993E-07 0.000144503232607802 -2.286762152E-05 -4.016353022E-06 
437 6.042144216 30.9312580165 2.7760065079 0.000143991152345 1.40689381941E-06 4.95896405002E-06 0.000144083387759691 -8.66407019300001E-06 -4.14580243399999E-06 
438 6.05666290699997 30.9312797695 2.77624963908 0.000146067664933 2.36101558483E-08 -9.5984037084E-07 0.000146070820460337 -2.0151179364E-05 -7.63701510600001E-06 
439 6.071149252 30.9313056791 2.77649935803 0.000144766895477 1.63992724186E-07 7.68103770635E-07 0.000144769026048615 -1.0479130162E-05 -3.367218318E-05 
440 6.08565266400001 30.9313216659 2.77636641606 0.000148786299964 -1.79922093472E-06 -1.84929911053E-06 0.000148808669640413 -2.5483587203E-05 -1.6480385941E-05 
441 6.10016319499999 30.931345367 2.77626055742 0.000144828434573 2.3876554977E-07 -8.58204408301E-07 0.000144831174077475 -1.8978176658E-05 -1.604759699E-05 
442 6.11467119100001 30.9313630045 2.7761396557 0.000146890328956 -3.52077466063E-08 -9.24705438766E-07 0.000146893243753877 -2.0633526517E-05 -1.5276180298E-05 
443 6.12916122799999 30.9314027099 2.77603439349 0.000145452349989 7.22321776547E-07 -8.71365649472E-07 0.000145456753518585 -1.8634686974E-05 -9.999642319E-06 
444 6.14365073900001 30.9314151578 2.77626141992 0.000146735279158 -1.94681235387E-07 -8.18443017034E-07 0.000146737690793237 -2.3255120218E-05 -1.4403930453E-05 
445 6.158155024 30.9314548365 2.77648568714 0.00014518134556 3.80798666998E-07 -8.9389291045E-07 0.000145184596809621 -2.1322871702E-05 -7.18116910700001E-06 
446 6.17266893599998 30.931498845 2.77636063171 0.000146028249543 2.06625018004E-06 -8.36567927925E-07 0.000146045263190208 -2.3959625215E-05 -7.23501642999999E-06 
447 6.187161479 30.9315510202 2.7765886669 0.000145317431788 7.76914328073E-07 -8.85959307152E-07 0.000145322209249747 -2.3458881651E-05 -8.540890028E-06 
448 6.20165090500001 30.9315966019 2.77646855779 0.00014445221647 1.19968890165E-06 -9.68257995439E-07 0.00014446044309811 -2.3050223901E-05 -8.10674992800001E-06 
449 6.216149492 30.9316404031 2.77599264384 0.000145222663058 4.74695954006E-07 -7.69215227424E-07 0.00014522547605008 -2.7774564559E-05 -1.0023187852E-05 
450 6.23065040099999 30.931700547 2.77586085071 0.00015145655051 -2.84401583264E-06 -3.12183101942E-06 0.000151515414883629 1.63020403699999E-06 -8.30467767900001E-06 
451 6.245147583 30.9317548277 2.77573017286 0.000145034212895 5.74002060197E-07 -9.77715521191E-07 0.000145038644216215 -2.3062299453E-05 -9.015889362E-06 
452 6.25965893400002 30.931798081 2.7756018458 0.000146238241537 8.84617340203E-07 -9.21685168932E-07 0.000146243821542051 -2.1917974711E-05 -9.515551057E-06 
453 6.27415693299997 30.9318494038 2.77583051363 0.000145040820624 6.19899609198E-07 -2.79941527413E-07 0.000145042415486187 -2.5533625142E-05 -1.8482577987E-05 
454 6.28866917400001 30.9319064375 2.77606409624 0.000146520433207 2.47386206005E-07 -1.38154720283E-06 0.000146527155229928 -2.8033209392E-05 -1.0188802596E-05 
455 6.30321679999997 30.931978756 2.77593683027 0.000145257255185 -2.54628641618E-06 -4.38791261289E-07 0.000145280233673285 -2.2961558249E-05 -9.94482114099999E-06 
456 6.31772572099999 30.9320392183 2.7758143815 0.000146146591381 -5.0106615025E-07 -6.90230421169E-07 0.000146149080248923 -2.5324460503E-05 -9.94648565700001E-06 
457 6.33227325899998 30.9320997006 2.77604204313 0.000145312079226 8.19359600432E-07 -8.82903938861E-07 0.000145317071393912 -2.5500208843E-05 -9.150667602E-06 
458 6.34680153800002 30.932154203 2.77591126396 0.000143394052653 1.35842921173E-06 -1.24001044521E-06 0.00014340584817949 -2.4525081529E-05 -8.39546707200002E-06 
459 6.36134665899999 30.9322234436 2.77579663954 0.000146152162907 1.79963545758E-06 -8.58975002564E-07 0.000146165766334766 -2.3832008086E-05 -7.835052927E-06 
460 6.37588966599998 30.9322974224 2.77566582428 0.000145874923787 9.06958591792E-07 -7.95415588822E-07 0.000145879911741505 -2.4628773456E-05 -7.08221520000002E-06 
461 6.39042460299999 30.9323578312 2.77591136289 0.00014518699498 1.07354492737E-06 -1.02515185074E-06 0.000145194583047546 -2.6799305781E-05 -1.0680523954E-05 
462 6.40496899800002 30.9324249363 2.77578520165 0.000146229932724 -1.37732175401E-06 -8.90434191954E-07 0.000146239129895968 -2.7709204693E-05 -1.2247918962E-05 
463 6.41952629799999 30.9324891772 2.77601353352 0.00014474697791 1.34319399138E-06 -8.69442634393E-07 0.000144755821004445 -2.512199317E-05 -7.25535160899998E-06 
464 6.43403675399998 30.9325738916 2.77623117177 0.000146495247066 5.36819617428E-07 -8.58585817634E-07 0.000146498746608414 -2.4821225174E-05 -7.08755391099999E-06 
465 6.44860651099998 30.9326038454 2.77610984247 0.000144687032066 1.73612220826E-06 -1.01406394583E-06 0.000144701001012695 -2.5807754422E-05 -6.654798583E-06 
466 6.46317901600003 30.9326954069 2.77598892572 0.000146232473707 3.16399873565E-07 -8.31695374458E-07 0.000146235181104084 -2.5025773155E-05 -9.17001427299999E-06 
467 6.47774497699999 30.9327727892 2.77547731773 0.000146639061125 1.03399652071E-06 -8.4274439976E-07 0.000146645128165069 -3.0706110858E-05 -8.378263131E-06 
468 6.492299183 30.9328587912 2.77501449927 0.000146029721078 9.69028486164E-07 -5.11282468393E-07 0.000146033831231287 -2.0345476651E-05 -8.453201647E-06 
469 6.50689760300003 30.9329250041 2.77523941145 0.000145138425449 1.62369032201E-06 -1.44458585417E-06 0.000145154695894989 -2.4173047427E-05 -3.33577314300001E-06 
470 6.52144950500002 30.9330001323 2.77549850997 0.000146477360568 4.96879945229E-07 -8.16895022748E-07 0.000146480481177958 -2.5528318013E-05 -8.26628482200002E-06 
471 6.53607222300002 30.9330566204 2.77536470469 0.000147565083897 1.3058012665E-06 -7.81344956961E-07 0.000147572929775139 -3.0055486435E-05 -1.3656446606E-05 
472 6.55064766100003 30.9331323081 2.77526032594 0.000145299234127 -1.86003427932E-06 -1.62491682579E-06 0.000145320224057437 -3.3355840447E-05 -1.4079252985E-05 
473 6.56526861600003 30.9331985367 2.77550491709 0.000145309905292 1.02926810659E-06 -8.35638907646E-07 0.000145315953223276 -2.3997934332E-05 -8.097346165E-06 
474 6.57984998500001 30.9332871962 2.7754037065 0.000145278560422 6.71010240351E-07 -8.10627499727E-07 0.000145282371573342 -2.2440765656E-05 -8.17201029299999E-06 
475 6.59443618 30.9333539838 2.77528605292 0.000146127200234 1.07385857467E-06 -8.09787930322E-07 0.000146133389671759 -2.4964147686E-05 -8.31548376899999E-06 
476 6.60904296400003 30.9334441743 2.77552679558 0.000146643657622 1.5151445288E-06 -7.14701240248E-07 0.000146653226291017 -3.0942532903E-05 -5.12825688800002E-06 
477 6.62363892000002 30.9335026184 2.77576400988 0.000145639153142 1.2553789193E-06 -8.40269982175E-07 0.00014564698746556 -2.6694674254E-05 -1.4270372544E-05 
478 6.63825693899997 30.9335827406 2.77566837983 0.000145777890078 -6.72804030024E-07 -7.52051616824E-07 0.000145781382496156 -2.4236178505E-05 -1.4309672384E-05 
479 6.65288494499998 30.9336504675 2.77554481766 0.00014612547223 2.42066622031E-06 -6.27410639354E-07 0.000146146867580188 -2.5454643667E-05 -1.4264886534E-05 
480 6.66748894800003 30.9337290983 2.77544604452 0.000145453277123 1.3337741603E-06 -7.50358004837E-07 0.000145461327563261 -2.2930686641E-05 -1.3956892514E-05 
481 6.68208065900001 30.9338264274 2.77533816503 0.0001477261293 -1.09915407058E-06 -1.00281420468E-06 0.00014773362194829 -2.5736487198E-05 -1.3645921283E-05 
482 6.69667665700001 30.9338761293 2.77485167114 0.000145838276831 2.73759509852E-07 -6.4643574372E-07 0.000145839966444303 -2.9000314823E-05 -1.2020229744E-05 
483 6.71125481600001 30.933960761 2.77507599634 0.000147850228301 1.27704280645E-06 -6.2280955038E-07 0.000147857055086064 -2.955452835E-05 -6.94925133800002E-06 
484 6.72585482699998 30.9340520225 2.77568577152 0.000146229894674 1.27400519101E-06 -7.45225720478E-07 0.000146237343202652 -2.5016316525E-05 -8.07355408E-06 
485 6.74048372099998 30.9341321302 2.77557884562 0.00014608984262 6.59180984635E-07 -6.84641449291E-07 0.000146092934018798 -2.3474844507E-05 -8.299722652E-06 
486 6.75508742300002 30.9341967093 2.7754952821 0.000146207470321 1.38297322967E-06 -3.84528286886E-07 0.000146214516565981 -2.361779524E-05 -8.097263934E-06 
487 6.76972218200001 30.9342847653 2.77537342705 0.00014728428552 -1.48081873936E-06 4.92575481984E-08 0.000147291737757356 -2.5409403275E-05 -8.03455338700001E-06 
488 6.78435167700002 30.9343516023 2.77525284389 0.000145236245683 9.29847156524E-07 -6.83746936346E-07 0.000145240831675188 -2.1609004008E-05 -8.27177432199998E-06 
489 6.798935508 30.9344407993 2.77518913409 0.000146782549236 6.20608018005E-07 -6.05529010216E-07 0.000146785110211877 -2.1347936733E-05 -5.65367435699998E-06 
490 6.81357438999999 30.9345212584 2.77506999093 0.000147625653213 2.26724144537E-07 -6.1235370818E-07 0.000147627097334692 -2.6739645233E-05 -5.21402934299998E-06 
491 6.82817879499999 30.9346120009 2.77500031844 0.000146175824634 2.13360857705E-06 -3.60711504152E-07 0.000146191840079326 -2.5586254789E-05 -5.37959790399998E-06 
492 6.84276881300002 30.9347036597 2.77557109431 0.000147487933589 1.06502996854E-06 -6.57852137021E-07 0.000147493245989846 -2.5871232353E-05 -9.312656286E-06 
493 6.85739128900002 30.9347807392 2.7754651133 0.000145266588821 -2.24709093636E-06 -7.12948649574E-07 0.000145285716920634 -2.8072478194E-05 -1.424232151E-05 
494 6.872023195 30.9348710038 2.77535188838 0.000146023693523 -4.00114051792E-06 -5.12281860805E-06 0.000146168298430385 -4.6963695344E-05 -1.5686309691E-05 
495 6.886644386 30.9349657722 2.775635677 0.000146431598977 1.10704777104E-06 -5.98338954077E-07 0.000146437006058005 -2.582757614E-05 -1.1239000387E-05 
496 6.90125197700002 30.9350544792 2.77514714914 0.000145339435086 1.691431716E-06 -2.59514966421E-07 0.000145349508703625 -2.8679155377E-05 -1.4919680173E-05 
497 6.91588514300003 30.9351592701 2.77507435898 0.000148163995665 -8.12935155182E-07 -1.10143366453E-06 0.000148170319669973 -2.1880379584E-05 -6.227119643E-06 
498 6.930522306 30.9352479948 2.7749611642 0.000146322077017 1.14576854026E-06 -6.58438975419E-07 0.000146328044304573 -2.2010896354E-05 -5.97567231200001E-06 
499 6.945149136 30.9353195846 2.77523448174 0.000147503892511 1.24257192067E-06 -5.07204787488E-07 0.000147509998127487 -2.9438877223E-05 -5.02663400699999E-06 
500 6.959816902 30.9354232458 2.77543847288 0.000146399460397 1.59929591892E-06 -6.95318205206E-07 0.000146409846729568 -2.2729911932E-05 -6.47487875100002E-06 
501 6.97444543199998 30.9355295599 2.77536870165 0.000150069318764 4.98630771087E-07 -3.12607639204E-06 0.000150102702908861 -2.7382123368E-05 -7.56711342999998E-06 
502 6.98909790099998 30.9356064649 2.77525891649 0.000146889381399 1.26967343351E-06 -5.97299577746E-07 0.000146896083015151 -2.4563440388E-05 -7.40114957599998E-06 
503 7.003760204 30.9357086697 2.77520151957 0.000146427588196 9.21529838945E-07 -5.40402218637E-07 0.000146431485127685 -2.4433524887E-05 -9.4330514E-06 
504 7.01841170900002 30.9358012476 2.77507041038 0.000145873197016 1.84026711479E-06 -5.90074567443E-07 0.000145885997884367 -2.0108973849E-05 -8.610614387E-06 
505 7.03304780000002 30.9359015456 2.77502075072 0.000146094488852 7.44197712833E-07 -4.91758573431E-07 0.000146097211916099 -2.355288545E-05 -8.94311309800001E-06 
506 7.047676207 30.9359902489 2.77490136865 0.000146665130895 9.53584517439E-07 -6.00529737431E-07 0.000146669460283472 -2.3538056276E-05 -1.3101547991E-05 
507 7.06233338499999 30.9360955544 2.77478989309 0.000149992793557 -3.70684085217E-07 -4.7344545758E-07 0.000149993998801036 -3.016378066E-05 -9.076734709E-06 
508 7.07699419400001 30.9361736041 2.77574298364 0.00014643870272 1.74980387694E-06 -6.38664985484E-07 0.00014645054919968 -2.3434162687E-05 -1.0510831295E-05 
509 7.09166331099999 30.9362860812 2.7756483183 0.000146945969187 4.11998581121E-06 -5.34121262905E-07 0.000147004685057704 -2.3113140579E-05 -1.1719032063E-05 
510 7.10634200499999 30.9363757772 2.77520240132 0.000148513727859 5.71102827983E-08 -5.56006922703E-07 0.000148514779627684 -2.9302187412E-05 -7.04834160299999E-06 
511 7.12102014700002 30.9364809458 2.77511824458 0.000145978196537 -3.13898777958E-06 -2.63662565908E-06 0.000146035745293204 -2.2455065651E-05 -8.618492821E-06 
512 7.13566366100002 30.9365893747 2.77505000388 0.000147614953066 7.27085200642E-07 -2.05655279244E-07 0.000147616886959657 -2.0834952852E-05 -8.45561698600001E-06 
513 7.15034858000001 30.9366788542 2.77491851187 0.00014622787845 1.58642620536E-06 -5.70181074642E-07 0.000146237595339061 -2.2074771475E-05 -8.507423234E-06 
514 7.16502715500002 30.9367898076 2.77485330747 0.000147168553201 2.2156630397E-06 -4.77586916482E-07 0.000147186005799613 -2.6166766654E-05 -5.82703354199998E-06 
515 7.17966157000001 30.936895934 2.77474881394 0.00014623702862 4.1291349468E-07 -7.76647726984E-07 0.000146239673887945 -2.1619981734E-05 -5.340815719E-06 
516 7.19436459500002 30.9369889789 2.77539736251 0.0001468154861 -4.43761700498E-06 0.000174394555303 0.000228008640895018 -3.3205961221E-05 -9.51817199399999E-06 
517 7.20901443000002 30.9370872395 2.77527718552 0.000146836930657 1.28663389334E-06 -5.34490349783E-07 0.000146843540244296 -2.0258258448E-05 -6.706022203E-06 
518 7.22370998399998 30.9371880097 2.77522078663 0.000146299156433 -2.08053408727E-07 -4.79779542081E-07 0.000146300091071869 -2.0130779908E-05 -1.2500718009E-05 
519 7.23840883899999 30.9372984717 2.77509714173 0.00014692395907 2.661793884E-06 -5.86448883119E-07 0.000146949238915268 -2.1786325048E-05 -1.3776092258E-05 
520 7.25307558499998 30.9374017351 2.77503003397 0.000144269923048 2.54185721145E-06 -1.53721103634E-06 0.000144300501565759 -3.0198353925E-05 -1.2946391475E-05 
521 7.26776400300002 30.9374982702 2.77491522017 0.000148260295305 9.75717204157E-07 -6.37441163401E-07 0.000148264876215593 -1.4748820197E-05 -1.2821709519E-05 
522 7.28247908200001 30.937611118 2.77484803556 0.000147038463898 1.44035499471E-06 -7.24744602031E-07 0.000147047304438852 9.36329054658E-05 -1.1643312763E-05 
523 7.29717356100002 30.93771476 2.77472011092 0.00014651417664 4.24314028553E-07 -7.12193829533E-07 0.000146516521999885 2.8009345511E-05 -1.1162825017E-05 
524 7.31189358400002 30.9377873946 2.77458912197 0.000146823381668 1.66208896653E-06 -6.83426314034E-07 0.000146834379542689 1.5580955154E-05 -5.376386041E-06 
525 7.32660244700003 30.9378817171 2.7751921649 0.000146383806418 1.71063363673E-06 -7.0464915117E-07 0.000146395497127773 1.6563137696E-05 -5.50591103900001E-06 
526 7.34129614199998 30.9379492788 2.77509812331 0.000147062370253 1.89864213312E-07 -6.49506145848E-07 0.000147063927089832 -4.08620634000001E-06 -6.57998502199999E-06 
527 7.356052358 30.9380410629 2.77501286151 0.000146401238089 -1.21334762626E-06 -7.99026823161E-07 0.000146408446376288 7.649859987E-06 -6.68252066899998E-06 
528 7.37074159700001 30.9381222304 2.77488493424 0.000149507216439 -6.93383765759E-07 -6.70784922695E-07 0.000149510329077282 -1.6177255268E-05 -5.92079380800002E-06 
529 7.38546936900002 30.9382098536 2.77479725871 0.000147962495921 1.92468360929E-07 -5.39534628634E-07 0.000147963604784614 -7.47328907200001E-06 -7.68827059300002E-06 
530 7.40015026600003 30.9382870259 2.77470699988 0.000147056550862 1.96340297086E-06 -5.69484596417E-07 0.000147070759892507 -1.0068127903E-05 -1.3850854424E-05 
531 7.414888201 30.9383682397 2.77497845375 0.000143166065174 5.81235843775E-07 -4.53671785545E-06 0.000143239107304577 -1.3750700871E-05 -9.302929517E-06 
532 7.42956904800002 30.9384478074 2.77488932369 0.00014688034009 4.02824984062E-07 -6.21897675678E-07 0.000146882209030368 -1.6178625426E-05 -9.86899925099999E-06 
533 7.44426985699999 30.9385427301 2.77478071587 0.000148963010056 -6.30831315257E-07 1.85128253666E-06 0.000148975848915597 -2.2176753858E-05 -1.1927160032E-05 
534 7.45896004299999 30.9386312901 2.77467639186 0.000146565644639 9.21575850492E-07 -5.48299355567E-07 0.000146569567518899 -1.5167942424E-05 -7.52463041199999E-06 
535 7.47364997 30.9387015652 2.77496326614 0.000147158127212 1.27630648326E-06 -4.86618071195E-07 0.000147164466363078 -1.8568205425E-05 -8.54290869400001E-06 
536 7.48832738300001 30.9388036617 2.77487190214 0.000146883646538 1.29154452021E-06 -8.20784401806E-07 0.000146891617849971 -1.9116407351E-05 -4.83590331600001E-06 
537 7.50303755599998 30.9388947342 2.77476395385 0.000146862653848 2.14510353593E-06 -5.59988721284E-07 0.000146879386408799 -1.5330631905E-05 -5.65637524600001E-06 
538 7.51771123399999 30.9389903105 2.77466121829 0.000143843852939 -2.6847783221E-06 -4.68376266736E-06 0.000143945127377413 1.09264829099999E-06 -6.50356481899999E-06 
539 7.532409374 30.93908315 2.77459881844 0.000146917123273 3.26769938269E-06 -3.55298990038E-07 0.000146953888031048 -1.6450960071E-05 -4.70943757500001E-06 
540 7.54713347299997 30.9391686714 2.77451879131 0.000148822500769 -1.09678684617E-06 1.20987423372E-06 0.000148831459954495 -3.3349740791E-05 -6.35375374499999E-06 
541 7.56182812899999 30.9392595154 2.77437857259 0.000148990492545 -9.47877931987E-07 -3.22916961175E-07 0.000148993857647688 -2.5651786773E-05 -1.07890649000004E-07 
542 7.57651458599997 30.939336055 2.77432168058 0.000145802793437 1.38543043222E-06 -6.69659994459E-07 0.000145810913295347 -1.6109327447E-05 -9.123871717E-06 
543 7.59122433599998 30.9394299902 2.77458716182 0.000146180803734 1.12096492606E-06 -5.26244556646E-07 0.000146186048841937 -2.1369234735E-05 -6.83668295199999E-06 
544 7.60588920499998 30.9395465261 2.77454628491 0.000146582737365 5.38353940217E-07 -3.89009208155E-07 0.000146584242149508 -2.1924142681E-05 -7.420144643E-06 
545 7.62057549799999 30.9396292154 2.77476697161 0.000147515760996 3.01756180762E-06 -2.56268543996E-07 0.000147546843731265 -2.1842564807E-05 -9.22427721900001E-06 
546 7.63527233000002 30.9397336922 2.77470677719 0.000146707934151 8.39651891946E-07 -4.35445346456E-07 0.000146710983129429 -2.140462462E-05 -9.72606825499998E-06 
547 7.64997402900002 30.9398142224 2.77461937922 0.000145490787917 1.1033266477E-06 -1.53241832073E-06 0.000145503041220143 -2.5404004009E-05 -9.89189096E-06 
548 7.66467398600003 30.9399057169 2.77492418497 0.000147149546472 1.33668884468E-06 -2.87270896749E-07 0.000147155897906101 -2.5937114442E-05 -9.01878048799998E-06 
549 7.67936084799999 30.9400031111 2.77478651879 0.000146699735662 8.97510296506E-07 -3.48963140564E-07 0.000146702896165367 -2.156318659E-05 -1.0907605443E-05 
550 7.69403421499999 30.9401045165 2.77438008453 0.000147015297691 7.28551229264E-07 -3.55766880819E-07 0.000147017533349395 -2.0575096344E-05 -6.92181733700001E-06 
551 7.70872928699998 30.9402252119 2.77428933858 0.00014734981984 2.21442096115E-06 -5.45968226557E-07 0.000147367469776671 -1.871835438E-05 -7.47832275600001E-06 
552 7.72340286000002 30.9403338595 2.77424555971 0.000135656390997 7.11713206355E-06 -2.10201751128E-05 0.000137459658623589 6.13176536500001E-06 -7.368226991E-06 
553 7.73808076199998 30.9404303943 2.77409416219 0.000146302717323 2.01256327912E-06 -4.11232537443E-07 0.000146317137134534 -2.1242396911E-05 -7.41074460899999E-06 
554 7.752751542 30.9405197922 2.7740318984 0.000145784919322 1.24517196806E-06 -4.34158782326E-07 0.000145790883284245 -2.414125539E-05 -6.86086097300001E-06 
555 7.76740388100001 30.9406290006 2.77428800928 0.000145980739958 1.47361434552E-06 -5.42063980204E-08 0.000145988187591524 -2.8823306756E-05 -1.2637933141E-05 
556 7.78205538600002 30.9407290305 2.77424121243 0.000146003249336 9.92252767596E-07 -3.36752884041E-07 0.000146007009368489 -2.3055789271E-05 -1.334447287E-05 
557 7.79671861200001 30.940854275 2.77444071379 0.000146263926003 4.01517012765E-07 -7.99363010812E-07 0.000146266661433649 -3.0826263318E-05 -7.865627759E-06 
558 7.81138625699998 30.9409615465 2.77437518438 0.000146703993064 1.5177044581E-06 -2.9854506392E-07 0.000146712147202948 -2.2729870699E-05 -8.649640188E-06 
559 7.826017412 30.941078931 2.77425871542 0.000146055034061 1.01248154399E-06 -3.12482229935E-07 0.000146058877643849 -2.3942287831E-05 -9.49651765700001E-06 
560 7.84068213099999 30.9411773211 2.77417852635 0.000147381919959 1.74747434548E-06 -3.8680776125E-07 0.000147392786857544 -2.1538171641E-05 -9.69267868699999E-06 
561 7.85530864999998 30.9412915114 2.77407260606 0.000143791951915 2.20818241609E-06 -1.56915660234E-06 0.000143817466802719 -2.1447004396E-05 -9.616081635E-06 
562 7.86996782799997 30.94140697 2.77398747792 0.000146526002916 1.14047206479E-06 -2.24105417556E-07 0.000146530612604699 -2.3918721677E-05 -9.28413228699999E-06 
563 7.884573171 30.9415148845 2.77353276842 0.000147100587702 1.31178839789E-06 -2.02334207729E-07 0.000147106575754472 -3.0139361582E-05 -4.11506644900001E-06 
564 7.89921951700001 30.94162079 2.77377460341 0.000146861456862 1.16506487101E-06 -2.82543721813E-07 0.000146866349851617 -2.4088307048E-05 1.85077945999982E-07 
565 7.91384102000001 30.941729427 2.77405921095 0.000146222066324 -1.71696275016E-06 2.85104192762E-07 0.000146232424330401 -2.0151021157E-05 -9.87705467999999E-07 
566 7.928472511 30.9418412907 2.77396281544 0.000143153737315 4.14366916636E-06 9.48784213401E-07 0.000143216838021567 -2.587293148E-05 -1.98615194200002E-06 
567 7.94310966799998 30.9419576815 2.77385950875 0.000146657062008 1.68190099478E-06 -2.83140043116E-07 0.000146666979228655 -2.2903583432E-05 -8.521435559E-06 
568 7.95774952099998 30.9420752391 2.77377709787 0.000146948512842 2.60250785422E-06 -1.18191701205E-06 0.000146976308980155 -3.1897575599E-05 -8.74461781699999E-06 
569 7.97240286900001 30.9421998514 2.77370147869 0.000146638435925 1.1686073654E-06 -9.32061831589E-08 0.000146643121969963 -2.593494949E-05 -8.38185120000001E-06 
570 7.98702028399998 30.9423036186 2.77358441029 0.000145237777675 8.71088744135E-07 -1.1443571337E-06 0.000145244898061248 -2.3066434909E-05 -8.39521447799999E-06 
571 8.00164710500002 30.9424050317 2.77349626937 0.000148377454854 -6.96201749061E-06 -1.2147502682E-06 0.000148545664408977 -2.5009787823E-05 -8.2114789E-06 
572 8.01625585199997 30.9425491373 2.77341841397 0.000146767707806 1.21873275291E-06 -2.65610437964E-07 0.000146773008121572 -2.4441132697E-05 -8.06755912899999E-06 
573 8.03089319999998 30.9426390563 2.7733415756 0.000146741206807 6.36290196798E-07 -6.20637243766E-08 0.000146742599446429 -2.2266245532E-05 -6.71634944099999E-06 
574 8.04547613400001 30.9427672147 2.77321375281 0.000146995101231 1.10922145954E-06 -3.0748812576E-07 0.000146999607846775 -2.3598833361E-05 -6.58599899700001E-06 
575 8.060103895 30.9428834929 2.77348264426 0.000149876477551 -1.00912764205E-06 9.66713833363E-06 0.000150191312748957 -3.8727175557E-05 -9.22502996299998E-06 
576 8.07474743 30.942990104 2.77340963026 0.000147059611364 2.72009165846E-06 -3.74782155694E-07 0.000147085242817984 -2.0833889116E-05 -1.2373553552E-05 
577 8.08934161299999 30.9431232632 2.77295528645 0.000150457166416 -1.30785021311E-06 1.49900292848E-05 0.000151207706073702 -3.2793408325E-05 -4.79887096000001E-06 
578 8.10397941899998 30.9432447197 2.77319891832 0.000146833130841 9.90846455526E-08 -7.05011385747E-08 0.000146833181198079 -2.3569394014E-05 -1.93270832599999E-06 
579 8.11861900100001 30.9433517171 2.7731297208 0.000147465409606 1.74646582115E-06 -3.75498506946E-07 0.000147476229176971 -2.3791766925E-05 -6.54136348E-06 
580 8.133235958 30.9434639492 2.77301358538 0.000146738853163 2.25860339312E-06 -6.52009449338E-07 0.000146757682705887 -2.3534368522E-05 -8.060989035E-06 
581 8.14784863199998 30.9435739314 2.77294648203 0.000147515846591 1.07583253024E-06 -1.80102182513E-07 0.000147519879500658 -2.4275987867E-05 -8.35728819600001E-06 
582 8.16244498999998 30.943702515 2.77283967224 0.000147865119497 9.52986440973E-07 -2.39704336738E-07 0.00014786838473855 -2.3892884052E-05 -8.07845451700001E-06 
583 8.17707517100001 30.9438189065 2.77273072127 0.000144415534465 1.24280663356E-06 -1.12569035948E-06 0.000144425269056095 -2.3076150036E-05 -1.035579761E-05 
584 8.19163713799998 30.9439442167 2.77265113342 0.000144798606987 1.5210418895E-06 -1.13476182676E-06 0.000144811041838006 -2.3335677688E-05 -7.29276635099999E-06 
585 8.20626945499998 30.9440671741 2.7729138401 0.000145718644991 1.30529766697E-06 -6.15879700113E-07 0.00014572579252767 -2.2313991406E-05 -9.16318844299999E-06 
586 8.22088497200002 30.9441988922 2.7728073365 0.000146512862972 2.34765347344E-06 -2.31983354135E-07 0.00014653185424801 -2.322984205E-05 -1.0343709516E-05 
