0 0.00403774000000112 35.2672028407 2.87569374129 0.000142592203353 -1.54352959098E-06 3.42235325264E-07 0.000142600967968943 8.19007809E-06 -2.2606770923E-05 
1 0.0181651539999734 35.2672265274 2.87570754506 0.000141785662568 1.38744133997E-06 2.00176961591E-07 0.000141792592098934 6.821276995E-06 -2.3881793358E-05 
2 0.032293793000008 35.267270798 2.87570907775 0.00014112072614 4.77368830949E-07 5.24442536329E-08 0.000141121543279832 2.43811881199999E-06 -3.59545206505E-05 
3 0.0464321110000014 35.2672781401 2.87535910885 0.000141420966367 1.33120050774E-07 1.16236510499E-07 0.000141421076788612 4.28224746200001E-06 -2.2319525395E-05 
4 0.0605646760000127 35.2673144154 2.87536688392 0.000141621563477 5.95273034865E-07 9.07845718461E-08 0.000141622843614632 3.65994930600001E-06 -2.311787316E-05 
5 0.0747035009999877 35.2673657026 2.87537064446 0.000139418703345 -9.04805967995E-07 -1.93956891831E-07 0.000139421774251789 1.3227529339E-05 -3.50844206506E-05 
6 0.0888252679999937 35.2673819987 2.87502203794 0.000141795442078 1.50133719775E-07 4.51859186163E-08 0.000141795528758831 3.53234621699999E-06 -2.2159013014E-05 
7 0.102970003999985 35.2674109045 2.87502373433 0.000133998878351 5.61646792883E-06 -1.88032626477E-05 0.00013542823486083 0.0001065870842464 -2.263278806E-05 
8 0.117107696999994 35.2674427433 2.87501167343 0.000141025267279 9.00576547438E-07 8.0613848028E-08 0.00014102816579614 3.88018209099999E-06 -3.54204032335E-05 
9 0.131237451999993 35.2674795682 2.87466024076 0.000141764505534 5.53447729259E-07 3.47020061571E-09 0.000141765585900566 4.728901157E-06 -2.1827091908E-05 
10 0.145378938000022 35.2675201972 2.87465098455 0.000141801134245 -2.48726340332E-08 -5.4938388367E-08 0.000141801147068855 2.69161873100001E-06 -2.1955656163E-05 
11 0.159162106999986 35.2679228678 2.87453908509 0.000135074448884 6.69266183894E-06 -1.67363980678E-06 0.000135250506594281 5.74988048400002E-06 -2.82049320714E-05 
12 0.17312823200001 35.2681166127 2.87413933695 0.00014132351043 3.88923321657E-07 1.12160104536E-07 0.000141324090096124 1.96192284400001E-06 -2.1812281791E-05 
13 0.187086331999978 35.2683062975 2.87408831241 0.000132834018012 8.2191360924E-06 -2.3989183507E-06 0.000133109674135921 -1.405489006E-06 -2.0837878695E-05 
14 0.20065338400002 35.2688166899 2.8739546555 0.000141083300148 5.21916044238E-07 5.96644416339E-07 0.000141085527115886 6.544870502E-06 -5.2869578592E-05 
15 0.214634455999999 35.2689562039 2.87392152573 0.000139040586225 1.50182079213E-06 -5.98426444205E-07 0.000139049984529638 1.37665081E-07 -4.0088986498E-05 
16 0.228661475000024 35.2690789432 2.87388466501 0.000140229905405 2.30348758698E-06 -1.07757549022E-05 0.000140662181550945 -1.9671057181E-05 -4.24168270976E-05 
17 0.242688973999975 35.2692019048 2.87349382275 0.000141721946468 5.10101694687E-08 4.35065934445E-08 0.000141721962326027 2.14898837400001E-06 -1.704273403E-05 
18 0.256723813999997 35.2693086129 2.87345309405 0.000140127658563 7.40400103112E-07 -5.49817320196E-07 0.000140130693232236 2.11695599999979E-07 -1.9692956721E-05 
19 0.270774926999991 35.2694275743 2.87341432833 0.000141915789152 3.3480361677E-07 -1.14847598447E-07 0.000141916230551927 6.96599925000013E-07 -3.43453951862E-05 
20 0.284811219999995 35.2695525888 2.87336262517 0.000141540142628 3.76691547433E-07 -4.29640009235E-08 0.000141540650406807 4.32119606000016E-07 -2.7343722032E-05 
21 0.29884561099999 35.2696586086 2.87331762384 0.000139551400257 1.73759715143E-06 -7.14625365658E-07 0.000139564047114446 1.55086550500001E-06 -4.1344728108E-05 
22 0.312875381000026 35.2697910743 2.87328282534 0.000138897229078 2.77018307082E-06 -1.20826686906E-06 0.000138930104975916 4.85439813999991E-07 -4.38419646124E-05 
23 0.326934155000004 35.2698716995 2.87287518417 0.000141813802023 1.36734657537E-06 3.22759371984E-08 0.000141820397413813 4.46878791500002E-06 -1.878537286E-05 
24 0.34099992900002 35.2699799432 2.87283333585 0.00014205928867 -8.44564099125E-07 3.2069787711E-08 0.000142061802798695 -2.21426537199999E-06 -1.5864067803E-05 
25 0.355059263999976 35.2700902104 2.87313513389 0.000140888658986 2.7559789639E-07 -9.36666064472E-08 0.000140888959675721 -4.44190453000021E-07 -4.6605614347E-05 
26 0.369093021000026 35.270201939 2.87273982623 0.000141287183834 3.97743939099E-07 -1.45386037368E-07 0.000141287818487948 1.372800133E-06 -2.5325566547E-05 
27 0.383152133999999 35.270300492 2.87269068142 0.000141595877787 1.74538012532E-06 -7.71281556342E-08 0.000141606655587954 6.26720870900002E-06 -3.9986184523E-05 
28 0.397215286000005 35.270422065 2.87227541899 0.000139987700628 1.02025189584E-06 4.32490461226E-07 0.000139992086522934 9.51825725100002E-06 -8.07563869400001E-06 
29 0.411280276000014 35.2705231429 2.87223732047 0.00013954555893 2.20312585707E-06 -6.76126182651E-07 0.000139564586938245 1.007488787E-05 -1.3164271061E-05 
30 0.425337515000024 35.2706401531 2.87253461896 0.000141108988706 1.84876334744E-07 -1.9837155011E-07 0.00014110924925093 1.0046867474E-05 -4.30729314221E-05 
31 0.439402014999985 35.2707409493 2.87213519289 0.000140941135105 1.12616798782E-06 4.44113768745E-07 0.000140946333957511 3.2125661888E-05 -2.3593652151E-05 
32 0.453479734999974 35.2708549214 2.87209932405 0.000139602261193 2.68455763204E-06 -1.04377696019E-06 0.00013963197216333 9.75204769299999E-06 -1.7460752816E-05 
33 0.467552575000013 35.2709523058 2.87205722965 0.000139135098474 2.22298365029E-06 -8.50694371055E-07 0.00013915545610788 9.78155911500001E-06 -2.97238534906E-05 
34 0.481628816000011 35.2710708546 2.8720110762 0.000140632326183 1.2603005361E-06 -1.2690979378E-07 0.000140638030529366 1.2840089454E-05 -2.6061988698E-05 
35 0.495711907999976 35.2711547641 2.87197088804 0.000141764795173 6.56553646179E-07 -6.14082980287E-08 0.00014176632880946 1.011194536E-05 -3.81679174611E-05 
36 0.509797370999991 35.271261295 2.87193835177 0.000139967936001 1.30099135799E-06 -4.30221314976E-07 0.000139974643336832 9.55318783900001E-06 -4.43524231502E-05 
37 0.523902697999972 35.2713485897 2.87154848394 0.000140676883222 1.68045176832E-06 -3.79539393424E-07 0.000140687431710701 1.3343562166E-05 -9.41845465500001E-06 
38 0.537995358999979 35.2714511168 2.87185835379 0.000141394321891 1.24369099409E-06 -7.98946176486E-08 0.000141399814050282 1.0121504329E-05 -4.1462925229E-05 
39 0.552106423999987 35.2715435494 2.87146831934 0.000141699778092 4.27786849829E-07 -2.37579062222E-07 0.000141700622993414 1.5163436667E-05 -2.2211908215E-05 
40 0.566213402000017 35.2716360789 2.87143449969 0.000139720409261 1.18347480286E-06 1.15570030489E-07 0.000139725469164009 1.5328281304E-05 -2.5079774632E-05 
41 0.580332063000014 35.2717359916 2.87211687872 0.000141333538523 3.39120136376E-07 -1.11820952781E-07 0.000141333989605561 1.008891374E-05 -4.43699341974E-05 
42 0.594430607999982 35.2718185429 2.87173337636 0.000140377104175 1.93491848977E-06 -5.57389085795E-07 0.000140391545218057 1.2830745527E-05 -2.8357185147E-05 
43 0.608556650000025 35.2719239899 2.8716920945 0.000141667984147 1.29788972027E-08 5.51516843374E-08 0.000141667995476871 8.18190323099998E-06 -2.6622546622E-05 
44 0.622674131999986 35.2720444357 2.87167102012 0.000142652163213 2.17333953022E-06 2.07517080607E-08 0.000142668719433152 4.94580989100001E-06 -2.65341197299E-05 
45 0.636797832000013 35.2721205643 2.87162429698 0.00014181742939 3.4385192737E-07 -5.79933262494E-08 0.000141817858100316 1.0616544838E-05 -2.284689722E-05 
46 0.650926189000018 35.2722016841 2.87160189584 0.00014195499027 6.44077549298E-07 -1.0362957913E-07 0.000141956489240665 1.0949979378E-05 -3.79980018467E-05 
47 0.665057346000026 35.272297463 2.8712114072 0.000141518384005 7.6051531283E-07 -2.39556989754E-08 0.000141520429510383 1.4400390155E-05 -3.1454507512E-05 
48 0.679184851000002 35.2723637963 2.87153519148 0.000141761153594 1.52727865047E-07 -1.4057226669E-07 0.000141761305562077 9.63330179100001E-06 -3.0957069719E-05 
49 0.693334435999986 35.2724421608 2.87186567571 0.000140444744546 1.28339121474E-06 -6.58886294777E-07 0.000140452153756184 1.2247632619E-05 -4.27659117574E-05 
50 0.707477793999999 35.2725214077 2.87147598261 0.000142061042384 4.62277083473E-07 -2.7518260248E-07 0.000142062061046555 1.3970636923E-05 -1.8027811584E-05 
51 0.721627081999998 35.2725905406 2.87179301015 0.000141498687242 4.65132358385E-07 -2.39543265736E-07 0.000141499654488258 9.691187938E-06 -3.5431472316E-05 
52 0.735769059000006 35.2726511052 2.87140271558 0.000142179330491 5.1329520515E-07 7.64564707627E-07 0.000142182312718667 -4.74178915600002E-06 -1.7144100636E-05 
53 0.749910876999991 35.272692987 2.87137399969 0.000141376799278 2.36257320293E-07 -1.26261170775E-07 0.00014137705306554 1.0607299639E-05 -2.8343551296E-05 
54 0.764064421 35.2727506385 2.87170005502 0.000141834265474 6.70616321893E-07 -1.66583138233E-07 0.000141835948682773 9.23358631900001E-06 -3.86421985639E-05 
55 0.778222869999979 35.2728118469 2.87166751918 0.000142378267049 3.20908962513E-07 -5.59522400743E-07 0.000142379728106762 1.1017087065E-05 -3.8665167769E-05 
56 0.792364818999999 35.272866455 2.87163671106 0.000141621056788 5.01232800554E-07 -2.01291835738E-07 0.000141622086831375 1.1880313025E-05 -1.8486853062E-05 
57 0.806515660999992 35.2729204638 2.87193444113 0.000141724260766 1.60349752584E-07 -1.87157722921E-07 0.000141724475055389 9.032548969E-06 -4.72475644626E-05 
58 0.820652178999978 35.2729916212 2.87154705285 0.000141523740599 5.15840281681E-07 -2.18104513834E-07 0.000141524848750699 1.1366160965E-05 -2.8582024937E-05 
59 0.834811831000025 35.2730256483 2.87150027277 0.000140664460554 4.0065450648E-07 -6.44711756726E-07 0.000140666508594728 9.77417624399999E-06 -2.6007316863E-05 
60 0.848975522999979 35.2730735552 2.87146848749 0.000141459881055 1.67829412099E-08 -3.4604093948E-07 0.000141460305294785 8.20953853800002E-06 -2.7324916986E-05 
61 0.863118844999974 35.2731347357 2.87178336208 0.000141690862001 9.12457883343E-07 -1.80121656023E-07 0.00014169391446984 1.3654635927E-05 -3.3180046141E-05 
62 0.877280539000026 35.2731765572 2.87175006321 0.000142088540348 1.49501253368E-07 -1.27625409361E-07 0.000142088676315515 1.0465144875E-05 -2.55212175538E-05 
63 0.89144963199999 35.2732156619 2.87170752084 0.000141615246166 1.7963687634E-07 -1.79107853249E-07 0.000141615473362508 1.0023437928E-05 -2.9870703916E-05 
64 0.905583895999996 35.2732733243 2.87167342598 0.000139960522577 -1.26768038742E-06 3.8382684759E-07 0.000139966789691843 1.0408207601E-05 -2.4103965075E-05 
65 0.919767377000028 35.2733132998 2.87129365386 0.000141542521096 1.97806841723E-07 -1.49812277122E-07 0.000141542738596781 1.1067892463E-05 -2.3623022846E-05 
66 0.933916429000021 35.2733593978 2.87197179113 0.000140425596457 2.4123868694E-06 -7.74064692393E-07 0.000140448449357264 1.2143425173E-05 -3.1005954365E-05 
67 0.948079346999975 35.2734113219 2.87157985959 0.000141490400544 3.48979345054E-07 -2.02505853238E-07 0.000141490975829929 9.90545795999999E-06 -3.3275811973E-05 
68 0.962246833999984 35.2734566532 2.87118886347 0.000143093896174 6.90873973516E-08 -1.63384872732E-07 0.000143094006128631 1.3917622879E-05 3.21251495999996E-07 
69 0.976400060999993 35.2735098482 2.8715041605 0.000141480661989 5.67366108231E-07 -2.75446334741E-07 0.000141482067739448 9.948100555E-06 -3.16494955699E-05 
70 0.990574531999982 35.2735243855 2.8714632576 0.000141774033615 1.76713665885E-07 -6.78440377647E-08 0.000141774159979879 5.383012498E-06 -1.5243761088E-05 
71 1.00473259400002 35.2735540278 2.87177880382 0.000139873237913 1.9756290197E-06 -8.85662601227E-07 0.000139889993182262 1.65585649299999E-06 -3.87947209163E-05 
72 1.01890356299998 35.273590028 2.8717383015 0.000142760307802 1.12763943073E-06 -1.80424355882E-07 0.000142764875257732 1.254549194E-05 -4.36125659155E-05 
73 1.033082127 35.2736286501 2.8713431265 0.000141678403796 4.03916962536E-07 -1.99103994823E-07 0.000141679119468946 1.1133992746E-05 -2.383401289E-06 
74 1.04724400499998 35.2736538662 2.87165231939 0.000141105383552 -1.13926072461E-06 -6.34481636741E-08 0.000141109996839434 1.885957524E-06 -3.09322974669E-05 
75 1.06142668899997 35.2737046108 2.8716088304 0.00014452047825 2.7418308783E-06 -7.01291061871E-07 0.000144548186011888 3.7430011200001E-07 -2.9425891706E-05 
76 1.075612691 35.2737080337 2.8715693591 0.000142113079299 -2.73849408479E-07 -2.21320785746E-07 0.000142113515487559 9.255592342E-06 -1.2788747108E-05 
77 1.08979470999998 35.2737399466 2.87152431346 0.00014137319297 -2.96297573902E-07 -4.92368742085E-06 0.000141459217375904 9.044430832E-06 -2.3208661362E-05 
78 1.10396494600002 35.2737860882 2.87149518024 0.000141906071276 6.65390200971E-07 -2.01567466257E-07 0.000141907774411948 1.0463885674E-05 -1.9276486198E-05 
79 1.11814505500001 35.2737977885 2.87215924041 0.000142072776243 3.5026397006E-07 -2.84905098006E-07 0.000142073493675482 7.20734112400002E-06 -3.90318786785E-05 
80 1.13233766399998 35.273813647 2.87175754617 0.000141227562216 6.32294353633E-07 -6.35582998664E-07 0.000141230407814224 9.216421591E-06 -2.9595038145E-05 
81 1.14651780700001 35.2738343439 2.87172445361 0.000141911358687 -1.55228357898E-07 -2.6193927741E-07 0.000141911685327243 8.730153583E-06 -8.377528343E-06 
82 1.16071161500003 35.2738557353 2.87167036562 0.000142371366715 6.57201929618E-07 -2.25756015091E-07 0.000142373062552056 9.46844346700002E-06 -1.9899031274E-05 
83 1.17491958099998 35.2738690955 2.87198696404 0.000143110104042 -1.3020770861E-06 -1.63081655696E-07 0.0001431161202635 6.55465780699998E-06 -2.7195816315E-05 
84 1.18911104799997 35.2738718506 2.87192875525 0.000139556388108 1.34523313976E-06 1.78372402734E-05 0.000140698124559363 -7.7975526359E-05 -7.2481501549E-05 
85 1.20331472200002 35.2739021026 2.87191536417 0.000142698156654 -7.3597253948E-08 -1.58483369248E-07 0.000142698263640395 9.41544579100001E-06 -2.874874717E-05 
86 1.21750752299999 35.2739274353 2.87186998121 0.000141987244126 6.50714060059E-08 -2.15130293818E-07 0.000141987422012753 6.922249021E-06 -1.6601963966E-05 
87 1.231708051 35.2739438931 2.87218992672 0.000142407130419 1.89011488996E-07 -9.53471059066E-08 0.000142407287772037 1.2231917599E-05 -2.5295101965E-05 
88 1.2459235 35.2739280188 2.871788484 0.000142026518171 3.55389772394E-06 -9.09599448847E-08 0.000142071004524221 4.80054062299999E-06 -3.39069479545E-05 
89 1.260124846 35.2739486753 2.87174879629 0.000142731549147 3.83533118075E-07 6.73956042408E-07 0.000142733655583756 -1.4523737649E-05 -4.21107099712E-05 
90 1.27434918599999 35.2739663314 2.87170975686 0.000142654527074 -2.5148558288E-07 -2.42724796529E-07 0.000142654955241772 7.476656498E-06 -1.6717082313E-05 
91 1.288568387 35.273976897 2.8716640727 0.00014154577954 1.4907596812E-06 1.97296147028E-07 0.000141553767155039 -5.5104629497E-05 -2.10724999947E-05 
92 1.30278514600002 35.273966893 2.87198358943 0.000141319529069 4.53627074691E-07 -3.59060652816E-07 0.000141320713267232 6.59036292300001E-06 -1.5528984425E-05 
93 1.31700269599997 35.2739713869 2.87193663649 0.000142441951637 2.8662978324E-07 -2.40482377767E-07 0.000142442443023714 7.72097466500001E-06 -2.59358970339E-05 
94 1.33124187599998 35.2739916414 2.87225467096 0.000142427163404 -1.18478704682E-07 -1.84487030881E-07 0.000142427332166188 5.99018309300001E-06 -1.3820718659E-05 
95 1.34546873800002 35.273996024 2.87221633341 0.000141746852165 -7.17083336674E-07 -1.45741556463E-07 0.000141748740903753 7.349125249E-06 -3.31634121462E-05 
96 1.35970478000002 35.2739783878 2.87181030249 0.000142714652011 -2.35096878573E-07 -1.7158685567E-07 0.00014271494880079 8.087108903E-06 -2.46960421200001E-06 
97 1.37394085199998 35.2739668803 2.87212480647 0.00014086165806 1.26439788965E-06 -8.59562995748E-07 0.000140869955142959 8.70758902099999E-06 -1.4203107133E-05 
98 1.38818063100001 35.273977664 2.87208621724 0.000139904991488 1.99299448711E-06 -9.36690070121E-07 0.000139922321516513 1.66456040800002E-06 -2.8335775582E-05 
99 1.40242095999997 35.2739644845 2.87239381132 0.000142978766522 -2.06496021298E-07 -2.48547864399E-07 0.000142979131668927 7.21652535999999E-06 -2.3397324734E-05 
100 1.41665552900002 35.2739686996 2.87235729423 0.000139452872765 -3.96387407981E-06 -1.7386889994E-06 0.000139520031033427 -1.3311231565E-05 -2.44253365729E-05 
101 1.43090412999999 35.2739788106 2.87267546061 0.000143817267937 1.28454051117E-07 4.81060221547E-07 0.000143818129859357 -1.8830745892E-05 -3.3472982995E-05 
102 1.44515193699999 35.2739721217 2.87263848062 0.000142750921732 -3.06382549587E-06 1.96447056803E-06 0.000142797310291957 -1.605764626E-06 -2.5253848125E-05 
103 1.45943730699997 35.273915534 2.87223399771 0.000142694932473 -6.68163772354E-07 -1.9484316207E-07 0.000142696629813596 7.050530279E-06 -1.661785457E-06 
104 1.47367594600001 35.2739164112 2.87219519654 0.000141351551304 6.06867427874E-07 -6.80674440028E-08 0.00014135287042469 1.1782501088E-05 -1.450768396E-05 
105 1.487937601 35.2739099538 2.87216244582 0.000137479473454 -5.61664611412E-06 2.3815782952E-07 0.000137594364179323 -4.00301243799999E-06 -2.2801400911E-05 
106 1.50221519600001 35.2738901179 2.87249092388 0.000142739110042 1.35124538078E-07 -9.74496438443E-08 0.000142739207265054 7.94635010200001E-06 -2.050823121E-05 
107 1.51650257799997 35.2738777014 2.87210089221 0.000143787998791 2.07380182132E-07 6.08146000272E-07 0.000143789434397727 -1.47422951E-05 3.081116414E-06 
108 1.530794711 35.2738605971 2.87280283461 0.000143281662461 -2.39151816884E-07 6.0312946725E-08 0.000143281874739379 -3.15569780999999E-06 -2.1424391595E-05 
109 1.545089899 35.2738286408 2.87276096235 0.000143144934011 -9.18410606275E-07 -1.32329933887E-07 0.000143147941383265 3.827550309E-06 -3.42322587386E-05 
110 1.55939022199999 35.2737932659 2.87238040725 0.000144332932976 -1.01806363228E-06 -1.16882333402E-07 0.000144336570752162 6.18079046100001E-06 2.430544356E-06 
111 1.573689892 35.2737632903 2.87306356957 0.000142526441228 -6.02919374834E-07 -2.20254406797E-07 0.000142527886649928 6.09467679100001E-06 -3.05351864679E-05 
112 1.58798533499998 35.2737378647 2.87268520368 0.000142055716326 -8.06460389719E-07 -3.04521991046E-08 0.000142058008737943 8.86190053E-06 -2.1706987446E-05 
113 1.60227318099999 35.2737232978 2.8730109219 0.000140879183611 1.27183190565E-06 -1.18623759525E-06 0.000140889918343828 5.55650511100002E-06 -2.1782607254E-05 
114 1.61661427600001 35.2736496233 2.87299495429 0.000143783724155 -8.52319963637E-07 -1.39106108836E-07 0.000143786317609538 7.52112297399999E-06 -2.0425335213E-05 
115 1.630912803 35.2736200631 2.87332224456 0.000142582765 3.15856786357E-07 -2.11514440098E-07 0.000142583271735899 6.928428347E-06 -1.9739255525E-05 
116 1.645234614 35.2735820037 2.87294682154 0.000143249209391 -5.36383028152E-07 -1.28415030023E-07 0.000143250271163162 5.02782635200002E-06 -2.2941155187E-05 
117 1.65954159199998 35.2735168965 2.87362292494 0.000142526792308 3.07518734507E-07 -2.08563565928E-08 0.000142527125587965 2.98748470700002E-06 -1.7766634728E-05 
118 1.67385675000003 35.2735033866 2.87288832153 0.000144399612317 -3.25697141401E-07 1.87699646714E-07 0.000144400101617295 1.53040319999999E-06 -2.5460885127E-05 
119 1.688155585 35.2734396409 2.87286691753 0.000145523848697 1.88698819484E-06 -8.92480749999E-08 0.000145536109709081 -2.94434444699998E-06 7.21111455099999E-06 
120 1.70249284099998 35.2733809258 2.87356281873 0.000144626317928 -3.2230223254E-07 -1.27109818576E-07 0.000144626732912854 8.10961787300001E-06 -1.9378078088E-05 
121 1.71678806599999 35.2733146521 2.87281717497 0.000143008090627 -9.48307775558E-07 -1.46045490468E-07 0.000143011309348956 4.75336080400001E-06 -9.36523049599999E-06 
122 1.73111758499999 35.2732488078 2.87315186625 0.000143002224317 -2.08633029717E-07 -1.49869924284E-07 0.000143002455043069 4.338651166E-06 -3.05162115529E-05 
123 1.74544780000002 35.2731762977 2.87313577271 0.000143350682423 -1.89169948252E-06 -6.6454385389E-07 0.000143364703803292 9.10618462999986E-07 -7.16774281999999E-06 
124 1.75974759299999 35.2731269545 2.87347375654 0.000142874070999 -3.3801405345E-07 -1.20706915289E-07 0.000142874521827676 5.00650799900002E-06 -3.1832784463E-05 
125 1.77406601000001 35.2730569136 2.87309292786 0.000142028189515 -5.99034624917E-07 -1.03483349112E-07 0.000142029490487695 3.83509878299997E-06 -2.0671008134E-05 
126 1.78839519100001 35.2729914016 2.87415335234 0.000143902794113 8.86705696784E-07 3.92457194251E-06 0.000143959031204899 2.338456404E-05 -2.3770011006E-05 
127 1.80271331199998 35.2729098199 2.87376624029 0.000143025794536 -7.31336236795E-07 -1.74687790981E-07 0.00014302777097882 5.95329626199999E-06 -2.0768091598E-05 
128 1.81700290499998 35.2728636473 2.87409622644 0.000143009213432 -1.17847125284E-07 -1.88800828416E-07 0.000143009386615484 6.35611485999999E-06 -1.7497995895E-05 
129 1.83132810799998 35.2727677718 2.87407576163 0.000148598702978 -4.03265273083E-07 4.59447090337E-07 0.000148599960434898 1.4108800012E-05 -2.1148395304E-05 
130 1.84560541100001 35.2727074031 2.87404306382 0.000143379152076 -8.88526207951E-07 -1.58681332614E-07 0.000143381992971992 3.754260859E-06 1.04994858442E-05 
131 1.859911195 35.2726471556 2.8740130542 0.000143251628354 -1.03415673445E-06 -1.67415688977E-07 0.000143255459003268 2.33408430299999E-06 -2.987347508E-06 
132 1.87421071300002 35.2725445859 2.87398132523 0.000142894351655 -3.18280822963E-06 -8.94637137598E-07 0.00014293259382918 -1.06120556099998E-06 -1.6243809887E-05 
133 1.88852257100001 35.2724540392 2.87394448355 0.000142336347996 -1.18679339318E-06 -1.70887274549E-07 0.000142341398201146 2.61400992E-06 -1.8175676003E-05 
134 1.90280402799999 35.2723894914 2.8742838783 0.000143266828414 -2.49741310945E-06 -4.93273391891E-07 0.000143289443137605 8.30101506999994E-07 -1.4687527539E-05 
135 1.917084187 35.272286022 2.87424301297 0.00014436364053 1.45178905776E-06 -3.00149490876E-07 0.000144371252291653 -9.837775248E-06 -2.347696633E-05 
136 1.93135122199999 35.2722091506 2.87420721124 0.000144717946674 -1.42053210611E-06 2.98368045879E-06 0.00014475567121907 9.17486390799999E-06 -1.6651831534E-05 
137 1.94565054399999 35.2720916312 2.87489218259 0.000142628486831 -8.42081123795E-07 -3.36910295216E-07 0.000142631370549633 3.524376237E-06 -2.6725561377E-05 
138 1.959909213 35.2720309304 2.87450267992 0.000143738710517 -1.4611685479E-06 -3.7411697186E-07 0.000143746623884264 3.88150365199997E-06 -1.7362505912E-05 
139 1.97419856200003 35.2719395571 2.87481504539 0.000142978902157 -1.20072532956E-06 -3.76858351737E-07 0.000142984440501599 2.10488442E-06 -2.1710077985E-05 
140 1.98848980899999 35.271809539 2.87477854166 0.000142794951799 -1.14485248892E-06 -3.81815500462E-07 0.000142800051574138 3.666441198E-06 -1.5549092899E-05 
141 2.00277570100002 35.2717190833 2.87510329653 0.000142530057886 -8.46809833943E-07 -1.65111015331E-07 0.000142532669060566 -1.63640007600001E-06 -2.56984153778E-05 
142 2.01704784499998 35.271623946 2.8750646368 0.000142503276971 -1.01711596327E-06 -3.31723558491E-07 0.000142507292841018 2.86917821299998E-06 -1.3851048035E-05 
143 2.03127617600001 35.2715187859 2.87501183039 0.00014303082648 -9.03686652703E-08 6.81877382619E-06 0.000143193300005762 2.1839893476E-05 -1.1781155025E-05 
144 2.045572865 35.2714036074 2.87461293956 0.00014334224592 -2.13798769319E-06 -1.62341172969E-07 0.000143358281279536 -2.50016369000001E-06 -4.06074471899999E-06 
145 2.05982379099999 35.271296515 2.87492901226 0.000142989514226 -1.08531181234E-06 -3.62477496296E-07 0.000142994092431306 8.96342016999994E-07 -1.4280149397E-05 
146 2.07409873300003 35.2711881473 2.87489708576 0.000142227676227 -7.78882181685E-07 -2.84928338302E-07 0.000142230094306877 2.82448541300001E-06 -3.292348559E-06 
147 2.08834240599998 35.2710762559 2.87521090252 0.000144764760172 -1.9539121192E-06 1.15538844579E-06 0.000144782555864603 -4.2403515011E-05 -8.0699930533E-05 
148 2.102630578 35.2709400425 2.87554699733 0.000142225353518 -9.99385417816E-07 -3.46693987461E-07 0.000142229287248634 3.48211931500001E-06 -3.668469493E-06 
149 2.11686574200002 35.2708394399 2.8754975797 0.000142633798251 -3.22153765583E-07 -3.34790906449E-07 0.000142634554970059 3.895169333E-06 -1.7447962321E-05 
150 2.13115468500001 35.2707009117 2.8758210389 0.000142766196139 -5.34491667508E-07 -2.5045469891E-07 0.000142767416341749 4.42176177E-06 -1.4491473556E-05 
151 2.14538656100001 35.2705855622 2.8757621036 0.000143334300145 -7.90947304504E-07 -3.75818674651E-07 0.000143336975115884 3.343394049E-06 -1.6118892401E-05 
152 2.15962295000003 35.270477186 2.87534515952 0.000144346460254 -1.14190069001E-06 1.4169879247E-06 0.000144357931475289 -6.1549384649E-05 -4.9899423657E-05 
153 2.17386796 35.2703450912 2.87567538288 0.000141915076182 -1.20999686323E-07 -4.05743478585E-07 0.000141915707786127 1.63480549100002E-06 -1.3051108945E-05 
154 2.188115885 35.2701945671 2.8759811135 0.000142604316417 -1.97903240874E-06 -1.38369119867E-07 0.000142618115174925 -7.020214767E-06 -1.2259155695E-05 
155 2.20235547499999 35.2700661056 2.87593833863 0.000142192410423 -6.44346323992E-07 -3.93632146432E-07 0.000142194415186936 3.90411424500001E-06 -1.7076044017E-05 
156 2.216575089 35.2699611063 2.87626940648 0.00014247713058 -1.37574047477E-06 -4.23177702519E-07 0.000142484400828765 4.84660134999999E-07 1.24294843033E-05 
157 2.23082709800002 35.2697985426 2.87585235853 0.000142697344043 -1.86365171016E-06 -3.79216085549E-07 0.000142710017165799 -2.39079706999975E-07 -2.50412475100001E-06 
158 2.245043291 35.269672238 2.8761771842 0.000143067624954 -2.62633585785E-06 4.22332572349E-07 0.000143092352398087 -3.201213117E-06 -1.0760649328E-05 
159 2.25927231100002 35.2695233258 2.87611606927 0.000141028806078 -1.3041461351E-06 -1.0242251026E-07 0.000141034873103422 -3.53221015399999E-06 -1.1931907035E-05 
160 2.27349110599999 35.2693938827 2.87608192106 0.000141915662694 -8.790875038E-07 -3.40041172815E-07 0.000141918792767962 3.02163807799999E-06 2.43204648E-06 
161 2.28769382399997 35.2692430581 2.87602231161 0.000143453156176 -2.20330081778E-06 -5.73875448457E-08 0.000143470086933408 -2.492860203E-05 -3.25935129106E-05 
162 2.30188823700001 35.2691273541 2.87597928103 0.000142219645441 -1.48459276981E-06 -4.36389717134E-07 0.000142228063338573 -2.35927990300001E-06 -8.04705434000007E-07 
163 2.31608653000001 35.2689648035 2.87664878796 0.000142264704476 -1.72936224021E-06 -4.67677219176E-07 0.000142275983761782 -2.99260212399999E-06 -1.1922131895E-05 
164 2.33031497399998 35.268789896 2.87659346764 0.000141710417597 -1.72486620293E-06 -4.67319286894E-07 0.000141721685024734 -1.96249968600001E-06 -7.94650324000007E-07 
165 2.34452832099998 35.2686575932 2.87727843895 0.000141841220852 -1.09789513921E-06 -4.52897045694E-07 0.000141846192836666 1.10259675999993E-07 2.33172120999998E-07 
166 2.35872116299998 35.2684889799 2.87685367344 0.000141418383393 -1.15887270043E-06 -4.16350603963E-07 0.000141423744453507 -2.663391015E-06 -1.3734454955E-05 
167 2.37289414499998 35.2683485777 2.87680011467 0.000140968597212 -1.46157380353E-06 0.000950634679982 0.000961030996577312 -2.332255576E-06 1.69067421304E-05 
168 2.38709008500001 35.2682002054 2.87675739888 0.000143132822883 -1.73644057582E-06 7.46744336582E-07 0.00014314530323917 -5.1733108714E-05 -2.69207815314E-05 
169 2.40126321600002 35.2680434129 2.87706092821 0.000153712248754 -2.02459016359E-06 -4.44932648665E-05 0.000160035011796865 -4.0639268702E-05 -1.74105247774E-05 
170 2.415462182 35.2678747739 2.87775279016 0.000141976073715 -1.3319369248E-06 -8.17253570254E-07 0.00014198467335208 1.30568203500001E-06 -4.63432614999999E-06 
171 2.42965755300003 35.2677151786 2.87770995754 0.000141441074541 -2.03262694253E-07 -3.73921467486E-07 0.000141441714852088 2.72790588999998E-06 2.87008585486E-05 
172 2.44384008899999 35.2675727774 2.87838087633 0.000141678949174 -2.53219320234E-06 -3.11405585005E-07 0.000141701918176506 -6.17627747600001E-06 -1.2469328172E-05 
173 2.45800762099998 35.2674001042 2.87759890407 0.000142391695474 -1.99997106491E-06 -1.99168936071E-07 0.000142405879416848 -2.6778277286E-05 -3.00909591745E-05 
174 2.47219458199999 35.2672071252 2.87789463508 0.000141861208476 -4.51092139944E-07 1.21818023554E-06 0.000141867155879986 1.3608926863E-05 -9.78603223899999E-06 
175 2.48635219200003 35.2670679037 2.87821592166 0.000141083355396 -2.23179485104E-06 -1.75440431356E-07 0.000141101115719884 -4.38634278199999E-06 -9.354728569E-06 
176 2.50054078599999 35.2668850769 2.87815236761 0.000141481787241 -1.12128757003E-06 -4.580221228E-07 0.000141486971806549 -2.59793817200001E-06 -9.615410883E-06 
177 2.514702371 35.2667277546 2.87847755828 0.000140038867674 -2.11022531426E-06 -2.89374857632E-07 0.000140055065056931 -4.72000730399998E-06 1.02516354200001E-06 
178 2.52885936500002 35.2665472431 2.87914991257 0.000142172853601 -1.93915930856E-06 -5.55934797745E-07 0.000142187164341141 -3.835582053E-06 -9.607535187E-06 
179 2.54301604599999 35.2663926185 2.87837486871 0.000141614302276 -6.84023340269E-07 -1.86695905252E-07 0.000141616077309073 2.25483062999993E-07 2.24893498565E-05 
180 2.55718804000003 35.2662387133 2.87906174648 0.000141178938204 -1.4692594726E-06 -3.14982491745E-07 0.000141186934699273 -3.28360854699998E-06 3.91974724299999E-06 
181 2.57131238099998 35.2660504971 2.87864698003 0.000141147636591 -2.18069912112E-06 4.083623717E-08 0.000141164487147016 -4.1550612398E-05 -5.31365699233E-05 
182 2.58548775100002 35.2658583988 2.87897467798 0.00014080432966 -4.0210390397E-07 -1.0987666895E-07 0.000140804946686663 3.79060495500001E-06 1.5248535451E-05 
183 2.59957318900001 35.2657302063 2.87893426287 0.000141549936791 -1.66187646469E-06 -2.41712544936E-07 0.000141559898501922 -4.59347790200001E-06 -5.02544403000005E-07 
184 2.61374944099998 35.2655523107 2.87908389066 0.000143255022844 -2.7280812223E-07 -0.00141497808681 0.00142221132823037 -3.8986062098E-05 1.4912410769E-06 
185 2.62790244000001 35.2653876306 2.87924496542 0.000139577643659 -2.21385432889E-06 -6.42804337539E-08 0.000139595214432166 -2.48491085100001E-06 -1.0114288767E-05 
186 2.642007589 35.2652167218 2.87920198242 0.00014315872496 -1.88633316203E-06 -2.49907754228E-07 0.000143171370178736 -2.03005956300002E-06 3.80558568787E-05 
187 2.65613491900001 35.2650799571 2.87989269338 0.000141524504079 -2.28396851702E-06 -2.94552166518E-07 0.000141543239075459 -7.46478995199999E-06 9.317089656E-06 
188 2.670265519 35.2648906954 2.87948792226 0.000141018200939 -1.20867779187E-06 -2.63057108325E-07 0.000141023626024574 -3.793950726E-06 -8.53380267299999E-06 
189 2.684355154 35.2647533046 2.88017505331 0.000141123704431 -1.92308034733E-06 -3.01545211481E-07 0.000141137128778593 -5.59591510200001E-06 -1.4367916326E-05 
190 2.69846344899997 35.2645643853 2.88050715665 0.000142355234136 -1.96546604901E-06 -4.60105102506E-09 0.00014236880193313 -1.8664010541E-05 -1.5690686232E-05 
191 2.71253100600001 35.2644114134 2.88045118691 0.000140130275043 -3.99477144784E-06 -4.47522602927E-06 0.000140258617669505 -6.617841859E-05 -3.6616214639E-05 
192 2.72662723799999 35.2642376748 2.88077805324 0.00014028622147 -7.98386228882E-07 -3.54002701374E-07 0.000140288939951847 -3.119748921E-06 -7.924106386E-06 
193 2.7406732 35.2640785117 2.88110033673 0.000140345773731 -1.3868767077E-06 -3.29629271442E-07 0.000140353013101294 -4.71479836999998E-06 -8.295673226E-06 
194 2.75470722599999 35.2639244292 2.88141074652 0.000140735329623 -1.65283164084E-06 -4.19239662461E-07 0.000140745659323554 -6.72263439500001E-06 -7.69570497600001E-06 
195 2.76876061199999 35.2637448205 2.88135783675 0.000140267828861 -1.05697434132E-06 -3.88030522428E-07 0.00014027234786594 -8.15940948099998E-06 -8.73038712399999E-06 
196 2.78284102700002 35.2635924462 2.88168221391 0.00014049594077 -1.73933745796E-06 -6.97263201845E-08 0.000140506724143009 -1.2206212328E-05 -4.42882176899999E-06 
197 2.79687518899999 35.2633874258 2.88198749968 0.000141950475438 -2.98920129038E-06 -3.33123813494E-07 0.0001419823361299 2.74996748500002E-06 4.81969426299999E-06 
198 2.81086490799999 35.2632470692 2.88193773375 0.000139963986685 -5.3413043125E-07 -3.74598700998E-07 0.00013996550713752 -5.14109293700001E-06 -6.962247213E-06 
199 2.82488866099999 35.2630721115 2.88260789565 0.000140187134208 -1.55412107118E-06 -3.38009831981E-07 0.000140196155940176 -2.94568239700001E-06 -1.72127736299999E-06 
200 2.83889548500002 35.2629064061 2.88255892461 0.000142243862346 -1.94350716641E-06 -1.04986032648E-06 0.000142261012937202 -2.0410357071E-05 3.34661559000005E-07 
201 2.85293970399999 35.2627421484 2.88323080254 0.000140576826258 -2.23083450576E-06 -2.34038334762E-07 0.000140594720659441 -2.2267678662E-05 -1.4313735792E-05 
202 2.86692114200002 35.2625634042 2.88316836729 0.000140203228853 -1.16257694797E-06 -4.43103975005E-07 0.000140208749039064 -1.7792696717E-05 3.759272002E-06 
203 2.88088427899999 35.2624024969 2.88310103624 0.000139377245073 -1.16548281756E-06 -4.85459485596E-07 0.000139382963324968 -1.8554468911E-05 2.69743799699E-05 
204 2.89486648799999 35.2622022014 2.88376856765 0.000139349399107 -1.88917782102E-06 -5.02467721927E-07 0.000139363110248491 -1.9421235804E-05 1.0430349597E-05 
205 2.90883085600001 35.2620630242 2.88335180625 0.00013980954599 -9.88568581099E-07 -4.8743022469E-08 0.000139813049439785 -1.5795054294E-05 1.71893803114E-05 
206 2.92278176299999 35.2618456826 2.8836401536 0.000140666410566 -1.219512025E-06 4.18238203543E-06 0.000140733857300196 -5.08856533700002E-06 4.50742194700001E-06 
207 2.936729055 35.2616798287 2.88395802255 0.000139073661206 -1.69702309235E-06 -5.34841923004E-07 0.000139085042993486 -1.8684172002E-05 3.34295716971E-05 
208 2.95065651200002 35.2615334701 2.88425183602 0.000142076348516 -1.77463125555E-06 -6.45273722006E-07 0.000142088896476499 -1.7784628105E-05 3.667089785E-05 
209 2.96459502200003 35.261314895 2.8845521267 0.000139320798945 -2.61653308952E-06 -4.83156855165E-07 0.000139346204485908 -1.7392694545E-05 3.66433790004E-05 
210 2.97850923800002 35.2611465384 2.88484824937 0.000138235015243 -2.57835249541E-06 -4.95375621898E-07 0.00013825994625281 -2.2233392445E-05 1.10022075713E-05 
211 2.99240711599998 35.2609671282 2.88513571474 0.000139727196364 -2.5183642766E-06 -1.17109302667E-06 0.000139754796058134 -3.2959771381E-05 -8.182079349E-06 
212 3.00630006300003 35.2608034264 2.88544155537 0.000137276004328 -3.61895244852E-06 3.57186496823E-07 0.000137324163071468 -3.1098487942E-05 2.80408441783E-05 
213 3.020194801 35.260604278 2.88610254122 0.000132918802426 -3.84697187463E-06 -1.90510104976E-05 0.000134332230800899 -5.8462409581E-05 -1.42702194982E-05 
214 3.03406466600001 35.2604371457 2.885675175 0.000138954243229 -1.82087683273E-06 -5.3023001698E-07 0.000138967184787111 -1.999818561E-05 3.05836799636E-05 
215 3.04793437400002 35.2602911768 2.88598095587 0.000139109120093 -1.14540391346E-06 -4.48112506223E-07 0.000139114557282809 -2.0501759937E-05 2.46401700554E-05 
216 3.06181962900001 35.2600884512 2.88592604789 0.000138194161067 -6.33763506485E-07 -0.000174223829744 0.000222377990502344 -3.1372395867E-05 5.36732042542E-05 
217 3.07568019399997 35.2599047063 2.88623192086 0.000138974001297 -2.06008779058E-06 -5.18749013192E-07 0.000138990237422425 -2.0839902536E-05 -9.45907829E-06 
218 3.089553921 35.2597157728 2.88690169123 0.000138954528013 -1.39203785799E-06 -4.61654148803E-07 0.000138962267357966 -1.9074278464E-05 1.23344816809E-05 
219 3.10340987799998 35.2595435642 2.88683384355 0.000138745674429 -1.84026736721E-06 -5.33367804768E-07 0.00013875890327455 -2.2165434634E-05 -2.911805265E-06 
220 3.11723610500002 35.2593620533 2.88677670281 0.000138149477084 -1.00620913336E-06 -6.73314603307E-07 0.000138154782139301 -2.5352406756E-05 2.12395867694E-05 
221 3.131078398 35.259193331 2.88781501155 0.000138445312276 -2.24361174472E-06 -4.92986223678E-07 0.00013846436841396 -2.0146741703E-05 -3.86386295999995E-07 
222 3.14490424899998 35.2589974015 2.88774872972 0.000138202654083 -1.67020795658E-06 -4.38028517866E-07 0.000138213440226289 -2.0182443271E-05 -6.36118727100001E-06 
223 3.15873860300002 35.2588145836 2.8884237146 0.000137985848789 -1.3736694612E-06 -4.16838593053E-07 0.000137993315737474 -2.3871731993E-05 -3.97010763000005E-07 
224 3.172554171 35.2586619691 2.88766136674 0.000138327091366 -1.19160439776E-06 -1.89897808051E-07 0.000138332354089692 -1.4992649232E-05 7.33686881880001E-06 
225 3.18636787700001 35.2584834129 2.88832775047 0.000138371492461 -1.9462021537E-06 -4.51100683818E-07 0.000138385913735953 -2.0716488024E-05 1.4921033364E-05 
226 3.20017115100001 35.2583138858 2.88863958899 0.000138153353087 -1.74590942339E-06 -4.10389404979E-07 0.000138164994077225 -2.1662146823E-05 -3.74664160800001E-06 
227 3.21396529600003 35.2581216492 2.88894595437 0.000138524022078 -1.3254814975E-06 -2.20916355627E-07 0.000138530539585691 -2.4253780869E-05 -1.657089937E-06 
228 3.22775432999998 35.2579516235 2.88889468629 0.000137690281562 -1.28568186979E-06 -3.2914910173E-07 0.000137696677351432 -1.9358693266E-05 -3.04588655800001E-06 
229 3.24153730699999 35.2577786176 2.88958463795 0.000138850233812 -2.61845459838E-06 1.31513731639E-06 0.000138881148181788 -3.5343002161E-05 -1.1987614138E-05 
230 3.25531281399998 35.2575781459 2.88953455327 0.000134952177821 -3.41649031292E-06 -1.25062958808E-05 0.000135573486129653 -3.189277173E-05 2.24555339619E-05 
231 3.26905060799999 35.2574338344 2.88949704538 0.000138386501863 -1.84339477061E-06 -2.80563812856E-07 0.000138399063285166 -2.3557258512E-05 2.39264403872E-05 
232 3.28281958899998 35.2572627226 2.88982430475 0.000137524585901 -1.45756473155E-06 -2.71635325366E-07 0.000137532577987683 -2.4010053487E-05 -1.504034668E-06 
233 3.29658192300002 35.2570604968 2.88978139751 0.000137476513621 -1.31857587158E-06 -1.27534928676E-07 0.000137482896044825 -1.524250979E-05 5.157016615E-06 
234 3.31032052699999 35.2569110388 2.89046267374 0.000137015802926 -1.23539203927E-06 -9.47423823561E-07 0.00013702464762534 -1.8538607485E-05 1.64507102E-06 
235 3.32406122399999 35.256732554 2.89042746946 0.000132862128528 1.25161058092E-05 3.33814381723E-06 0.000133492102035148 0.0001215516283371 -6.63798598000002E-07 
236 3.337790993 35.2565729383 2.8911065005 0.000137161386772 -1.33843302207E-06 -2.28196472734E-07 0.000137168106707802 -1.5246226921E-05 5.966494491E-06 
237 3.35151493500001 35.2563913154 2.89069683615 0.000136774282082 -9.24396842226E-07 -1.86613560586E-08 0.000136777407113948 -1.4158975553E-05 1.96838276000002E-07 
238 3.365236547 35.2562215778 2.89138923288 0.000137303522796 -1.48627451376E-06 -8.90678102225E-08 0.000137311595712805 -2.2959465186E-05 1.0124298228E-05 
239 3.37892816099998 35.256070897 2.89206991013 0.000140386997086 -2.43804608288E-06 -9.01551684454E-07 0.000140411060158972 -7.0669895294E-05 2.69548066591E-05 
240 3.39265101299998 35.255889881 2.8924007706 0.000136922344001 -2.4099088547E-06 -3.82368341551E-07 0.000136944084037847 -1.6679204315E-05 1.39418667572E-05 
241 3.40634182399998 35.2557381694 2.89236122041 0.000136817747525 -1.30627870778E-06 -2.46430982749E-07 0.000136824205205462 -2.0397703482E-05 1.12236250805E-05 
242 3.42005050699998 35.2556102373 2.89196328706 0.000134294624232 -5.14005442864E-06 -1.75646132721E-06 0.000134404432268945 -4.7018982167E-05 2.34252779049E-05 
243 3.433739269 35.2554457688 2.89258705567 0.000135313240327 -2.2963326267E-06 0.000706612602077 0.000719455568861173 -3.3597198642E-05 1.42804374512E-05 
244 3.44743544800002 35.2552766572 2.89262445102 0.00013709470976 -1.20817627209E-06 -7.8150642537E-09 0.00013710003353449 -2.1197520921E-05 2.76942493144E-05 
245 3.46110143499999 35.2551446584 2.89295481846 0.000135817103147 -1.3828476406E-06 -1.66874407439E-07 0.000135824245338996 -2.0738517148E-05 1.48784799073E-05 
246 3.47480370300002 35.2549666847 2.89366298123 0.000124455804709 -9.35980036348E-06 -1.19583658151E-05 0.000125378848700954 -6.28033990305E-05 3.16505906259E-05 
247 3.48845151900002 35.2548463085 2.89361316091 0.000137132384078 -1.93950378635E-06 1.23943394828E-06 0.000137151699349171 -2.4214014992E-05 8.56868394829999E-06 
248 3.50211012900002 35.2546796681 2.89323732621 0.000136644022332 -1.54116876491E-06 -1.53535236109E-07 0.000136652799507726 -2.2161727992E-05 1.93577649653E-05 
249 3.51573660299999 35.2545671809 2.89320723014 0.000136382764975 -1.18238319756E-06 -4.06160786015E-08 0.000136387896317517 -1.5140500576E-05 1.57785110911E-05 
250 3.52940880699998 35.2543843395 2.89390186869 0.000136067005286 -1.37713963113E-06 -6.13815340535E-08 0.000136073987994608 -2.4991563373E-05 2.06756667972E-05 
251 3.543026048 35.2542469591 2.89459356325 0.000136313877797 -1.76197322015E-06 6.72559410119E-08 0.000136325281415611 -2.4282231119E-05 -7.81329620000001E-07 
252 3.55664151399998 35.2541330001 2.89420905556 0.000137599027904 -1.70374826209E-06 7.37210154519E-06 0.000137806905195128 -3.8381091052E-05 4.06094577501E-05 
253 3.57025666099997 35.253971063 2.89490558122 0.000135929152269 -1.65295601962E-06 -1.60375715886E-07 0.000135939296822302 -2.1541550407E-05 1.01937502116E-05 
254 3.58384591700002 35.2538307419 2.89487905431 0.000136301655746 -8.05096510662E-07 -1.21867867888E-07 0.000136304087947757 -1.8441786254E-05 2.14976992800001E-06 
255 3.59742941100001 35.2537153932 2.89485917939 0.00013716990166 -6.04972538991E-07 -1.08042472219E-06 0.000137175490634323 -1.4520149417E-05 -1.3418311853E-05 
256 3.61101413699998 35.2535798369 2.89520832007 0.00013643907969 -4.29973591149E-07 -7.85607868636E-08 0.000136439779814175 -2.0189641404E-05 9.99513691330001E-06 
257 3.62459335599999 35.2534449938 2.89554889137 0.000130923083854 -4.04415884082E-06 -1.66634279209E-05 0.000132041201663141 -4.7489206428E-05 4.52089009700003E-07 
258 3.63813931099997 35.2533121727 2.89516891875 0.000136159704265 -4.41385394421E-07 -6.14167384764E-08 0.000136160433528299 -1.756511561E-05 3.55764002499999E-06 
259 3.65171447 35.2531863213 2.89551347887 0.000133586780429 -2.99433279539E-06 1.37865914482E-05 0.000134329684128397 -5.0555233956E-05 4.09079250949E-05 
260 3.66528957999998 35.2530436852 2.89622867464 0.000135181608951 -2.93136102546E-06 7.44852510223E-07 0.000135215439507863 -2.4795827139E-05 1.2176115706E-05 
261 3.67880409999998 35.2529310066 2.8962058203 0.000135900335619 3.89907724265E-08 -7.28815259271E-07 0.00013590229546744 -1.0832850714E-05 -8.88717015499999E-06 
262 3.69235729899998 35.2527824041 2.89654586579 0.000134772101441 -1.03811951797E-06 2.84195615975E-09 0.00013477609961352 -1.219790272E-05 5.0769532655E-06 
263 3.70588777299997 35.2526786781 2.89655262021 0.00013380092729 -1.93648643553E-06 3.21058331696E-07 0.000133815324988699 -2.167509073E-05 3.33788824263E-05 
264 3.71940933399998 35.2525681146 2.89687499195 0.000136690823129 6.38414525768E-07 3.04677474597E-07 0.000136692653530297 -2.3040957869E-05 3.07176480885E-05 
265 3.73293148800002 35.2524188846 2.89722608645 0.000134433826507 -1.39714607031E-06 -7.40082828254E-09 0.000134441086655933 -1.8903114898E-05 -9.98411162499999E-06 
266 3.74643591400002 35.2523127868 2.89757670332 0.000136703399819 -2.09686745466E-06 -1.01948545024E-06 0.000136723281579177 -5.3563766788E-05 3.37356259739E-05 
267 3.75995467899997 35.252177745 2.89756871532 0.000135407998071 -9.48490804243E-07 1.63374713831E-07 0.000135411418527755 -2.4183732051E-05 3.53313144212E-05 
268 3.77343925000002 35.2520631085 2.89826365801 0.000135812023796 -8.10878796595E-08 3.30666059273E-07 0.000135812450544316 -2.4416272403E-05 1.4497873119E-05 
269 3.78688473099999 35.2519561464 2.89790720961 0.000135477832058 -5.21668598524E-07 1.8112346334E-07 0.000135478957491454 -1.4816038623E-05 5.61721937940001E-06 
270 3.80036282600003 35.2518363403 2.89789166584 0.000136046430497 -1.36922232087E-06 6.37779920936E-07 0.000136054815364862 -3.9785779772E-05 3.42671772056E-05 
271 3.81383244199998 35.251744123 2.89788966285 0.00013404978848 -5.38502588599E-08 5.79729197192E-08 0.000134049811832179 -1.6434304552E-05 -1.61429488523E-05 
272 3.82727720999998 35.2516182708 2.89787496627 0.000134571620787 -3.20665497283E-07 2.06915392453E-08 0.000134572004427894 -1.9251889423E-05 2.03733556374E-05 
273 3.84073557400001 35.2514913964 2.89931203361 0.000135120786531 -1.8759659604E-06 8.53732808843E-07 0.000135136505285395 -4.3391340421E-05 -6.494694845E-06 
274 3.85416675099998 35.2514120318 2.89858851109 0.000134406220765 -8.61928188985E-07 1.05353232913E-07 0.000134409025737993 -1.5473523619E-05 1.3551627113E-05 
275 3.86760166400001 35.2512739087 2.89821161717 0.000134105849586 -8.52514862341E-07 5.21825479783E-08 0.000134108569442045 -1.6444785212E-05 1.2758264093E-05 
276 3.88100673999998 35.2511563374 2.89855707814 0.000135321760278 -8.45759213818E-07 1.17576471681E-06 0.000135329510957712 -3.7874011377E-05 9.22488060778E-05 
277 3.89442684699998 35.25106567 2.89927929553 0.000135061763316 -1.93654844713E-06 -1.19534687941E-08 0.000135075646483001 -1.522784249E-05 -1.121894838E-06 
278 3.90783224900002 35.2509815209 2.89856277945 0.000134011603454 -2.42307549013E-07 1.30718696579E-07 0.000134011886266249 -1.230558593E-05 -1.6171004009E-05 
279 3.92125512899997 35.2508380033 2.89926770683 0.00013479680093 -9.24418364854E-07 3.22182730239E-08 0.000134799974511468 -2.0172031011E-05 1.46222868615E-05 
280 3.934636888 35.2507525874 2.89963272301 0.000133433698426 -1.33174579081E-07 2.3491936603E-08 0.000133433766951924 -1.4518048711E-05 2.20281060754E-05 
281 3.94801562800001 35.2506466614 2.8996256969 0.000133966336807 -1.09403340992E-06 0.00095116339201 0.000960551911458489 -1.7524628944E-05 2.22537578873E-05 
282 3.96139654199999 35.2505441972 2.89927258801 0.000134198084392 1.72167230462E-07 2.01518441978E-07 0.000134198346136307 -1.587673804E-05 -5.2470876359E-06 
283 3.97477194700002 35.2504404644 2.89890555931 0.000134150158119 -1.67256155846E-06 3.25322550979E-08 0.000134160588265955 -1.6144975915E-05 3.36877228413E-05 
284 3.98813046399999 35.2503467524 2.89926049292 0.000132931248189 -1.28594753743E-06 2.04045619804E-06 0.000132953126580952 -1.2250914369E-05 -1.4171075983E-05 
285 4.001484914 35.2502571448 2.89962591603 0.000134664225918 -1.02076924307E-06 8.42903143809E-07 0.000134670732520662 -2.9668710381E-05 1.4264176205E-05 
286 4.014837183 35.2501562326 2.89999005361 0.000133182454177 -8.66241388067E-08 1.17956285097E-07 0.000133182534583313 -1.3031411831E-05 -2.86639745029999E-06 
287 4.02813331599998 35.2500577065 2.9003347183 0.000134674059228 -9.80648433457E-07 -1.40100789864E-06 0.000134684916465909 -1.8140497091E-05 5.12228675508E-05 
288 4.04146050200001 35.249956701 2.90034621717 0.000132870360781 -4.59428843634E-07 7.96566733646E-08 0.000132871178944574 -1.5364693602E-05 1.0904290017E-05 
289 4.05478120700002 35.2498590246 2.89998297847 0.000132892037957 -1.34345153811E-06 2.93781785995E-07 0.000132899153203238 -1.4059555202E-05 1.4492297698E-05 
290 4.06808742599998 35.2497663606 2.90026624087 0.000135884232431 -1.40036964823E-06 0.000692030758268 0.000705246805060113 -4.4238062125E-05 2.4228520588E-05 
291 4.081407485 35.2496658515 2.89962788277 0.000133028741086 -7.72846472961E-07 1.12135966773E-07 0.000133031033300775 -1.3357311694E-05 -1.6975867894E-05 
292 4.09470711300003 35.2495879404 2.90035840663 0.000133414893072 -1.68268189753E-07 -6.12520382026E-07 0.000133416405246189 -5.19610578E-06 1.30974335258E-05 
293 4.10802037399998 35.2494987116 2.9007270787 0.000132953328881 -1.1414627659E-06 5.07075877806E-08 0.000132958238439913 -1.5618173875E-05 1.1375212268E-05 
294 4.12127081 35.2494278602 2.90072262484 0.000132306190029 1.13301151982E-06 -1.32550816055E-06 0.000132317680628772 -2.807608709E-06 2.54096073969E-05 
295 4.13456062799997 35.2493256098 2.90036472229 0.000133298462551 1.23095597759E-09 -1.00271728091E-06 0.000133302233896965 -7.64751107799999E-06 -1.09919154399994E-07 
296 4.14780336299998 35.2492340129 2.90036520759 0.000130773537745 5.51638032461E-07 1.44940671423E-07 0.000130774781539332 -2.90514065999986E-07 -3.36183798699999E-06 
297 4.16105483199999 35.2491656249 2.90110477664 0.000133652573369 -5.22720615244E-07 6.33780065087E-07 0.000133655098227372 -3.8399484726E-05 -2.2364135967E-06 
298 4.17429694200001 35.2490685751 2.90179524616 0.000141126412484 -1.47097911971E-06 0.000388906252988 0.000413723218702239 -6.8913719155E-05 -8.05993942404E-05 
299 4.18753038 35.2489956977 2.90110263236 0.000132917469751 3.61516829594E-08 3.69830655896E-08 0.000132917479812474 -1.1979942418E-05 1.0651780748E-05 
300 4.20080950099998 35.2489070249 2.90039832577 0.000132309455239 -6.41017866941E-07 1.554800791E-07 0.000132311099396845 -7.008932493E-06 5.557044638E-06 
301 4.21401014200001 35.2488537127 2.90040443547 0.000132715244594 -1.87416901432E-07 1.53972412909E-07 0.000132715466243555 -1.2082501896E-05 1.767154603E-06 
302 4.22722385899999 35.2487805212 2.90112338312 0.000131667310949 4.26533747573E-08 7.81148332904E-08 0.000131667341029498 -1.2528013799E-05 -2.08496389252E-05 
303 4.240428049 35.2487267725 2.90113319692 0.000132069491163 -6.21362806591E-07 2.35407666867E-07 0.000132071162653173 -6.127639455E-06 -1.919188874E-06 
304 4.25361526900002 35.2486438021 2.90147706876 0.000132451898773 -3.33373401051E-07 6.43708141206E-08 0.000132452333954518 -1.2730044912E-05 1.21023917394E-05 
305 4.26684313999999 35.2485796741 2.90147737767 0.000132516003453 1.18821196107E-07 9.2304288419E-08 0.000132516088871177 -1.1858887976E-05 1.9952980669E-05 
