0 121.373119164 31.6424799984 2.51335764093 0.000207063806844 -2.19266513018E-06 8.76252924996E-09 0.000207075416121481 2.54658758200001E-06 7.98153816700001E-06 
1 121.393821743 31.6422618389 2.51335865232 0.000206989936302 -2.16611632615E-06 1.15005976552E-08 0.000207001270340325 2.44889616499998E-06 7.71804041600001E-06 
2 121.414517101 31.6420463048 2.51335992069 0.000206920273286 -2.14302320626E-06 1.39846675493E-08 0.000206931370847405 2.39384561000002E-06 7.464287056E-06 
3 121.435205433 31.6418327666 2.51336142017 0.000206852145719 -2.12661453387E-06 1.61482942896E-08 0.00020686307775603 2.269514072E-06 7.22283302500001E-06 
4 121.45588717 31.6416207231 2.51336311484 0.000206786321766 -2.11207804551E-06 1.7945765257E-08 0.000206797108454718 2.10582726299999E-06 6.99319009000001E-06 
5 121.476562475 31.6414098041 2.5133650503 0.000206711803763 -2.09495888361E-06 2.0804638718E-08 0.000206722420410825 2.028534572E-06 6.77881035299999E-06 
6 121.497231403 31.6411997323 2.5133673012 0.000206660472894 -2.09431044878E-06 2.41871858273E-08 0.000206671085974907 1.933561316E-06 6.59435135E-06 
7 121.517894203 31.6409904111 2.51336986312 0.000206593769019 -2.09320919003E-06 2.70539064927E-08 0.000206604374721599 1.99869708100001E-06 6.42694763900001E-06 
8 121.538551343 31.6407815385 2.51337270598 0.00020655900691 -2.09640155431E-06 2.9638815769E-08 0.000206569647125568 1.95086642100002E-06 6.26984329700001E-06 
9 121.559204018 31.6405729161 2.51337582413 0.000206478636848 -2.07658570506E-06 3.29423797374E-08 0.000206489081474055 1.851368729E-06 6.111723136E-06 
10 121.579850182 31.6403653144 2.51337928336 0.000206439055692 -2.07148031983E-06 3.60511282005E-08 0.000206449451550262 1.73849550199999E-06 5.970604637E-06 
11 121.600491126 31.6401582658 2.51338303402 0.000206382799208 -2.06658587675E-06 3.88995497782E-08 0.000206393149351645 1.711577981E-06 5.83345905999998E-06 
12 121.621127012 31.6399517274 2.51338702867 0.000206332239665 -2.06356721728E-06 4.07336494686E-08 0.000206342562487882 1.65775037400001E-06 5.713431277E-06 
13 121.641758251 31.6397455392 2.51339116307 0.000206294072809 -2.05790826844E-06 4.17405325831E-08 0.000206304341216656 1.58373168900001E-06 5.60405889100002E-06 
14 121.662385115 31.6395395282 2.51339535778 0.000206245659338 -2.06245462187E-06 4.22109942471E-08 0.000206255975662771 1.54916254599998E-06 5.49643965499998E-06 
15 121.683007761 31.6393335668 2.51339964359 0.0002062018232 -2.06363922979E-06 4.35893393023E-08 0.000206212153855939 1.50805417699999E-06 5.39052142299999E-06 
16 121.703626228 31.6391277586 2.51340404987 0.00020616305064 -2.05972475711E-06 4.47386159138E-08 0.000206173344341139 1.42832958700001E-06 5.28154624499999E-06 
17 121.724240426 31.6389223029 2.51340860512 0.000206123818105 -2.04925179178E-06 4.63210013346E-08 0.000206134009733291 1.32285810600002E-06 5.18850200599999E-06 
18 121.744850254 31.6387173171 2.5134132823 0.000206073336933 -2.05191878799E-06 4.71045830329E-08 0.000206083557772705 1.30725281700001E-06 5.11085856400002E-06 
19 121.765455702 31.6385126691 2.51341801166 0.000206027430238 -2.04537208661E-06 4.75215867951E-08 0.000206037588356464 1.291007975E-06 5.04671812500001E-06 
20 121.786056396 31.6383085115 2.51342280628 0.000205986814081 -2.03771419854E-06 4.84118659997E-08 0.00020599689851574 1.21562457799999E-06 4.98762604800001E-06 
21 121.806652543 31.6381048107 2.51342768958 0.000205939294921 -2.03707154265E-06 4.95800587419E-08 0.000205949375602867 1.24903980100002E-06 4.92110063400001E-06 
22 121.827244543 31.6379016507 2.51343272348 0.000205902192398 -2.02642739125E-06 5.0866967517E-08 0.000205912170183609 1.152760648E-06 4.86012196599999E-06 
23 121.847832703 31.6376990065 2.51343784529 0.00020585860061 -2.02761434188E-06 5.16481266645E-08 0.000205868592389796 1.120569415E-06 4.79587966200002E-06 
24 121.86841699 31.6374968797 2.51344303824 0.000205825153343 -2.02004287534E-06 5.23423607528E-08 0.000205835072476997 1.04168864700001E-06 4.74478882400001E-06 
25 121.888997778 31.6372953277 2.51344830566 0.000205786680491 -2.01659172771E-06 5.2918768269E-08 0.000205796567780168 1.018556355E-06 4.706456671E-06 
26 121.909574964 31.6370943655 2.51345357799 0.000205754030057 -2.00666852639E-06 5.2304366235E-08 0.000205763821744782 9.52994949999993E-07 4.66634114500001E-06 
27 121.930148784 31.636894129 2.51345874708 0.00020571925154 -2.00242155792E-06 5.12264432321E-08 0.000205729003231003 9.34950467000015E-07 4.62438093299999E-06 
28 121.95071973 31.6366944838 2.51346389136 0.00020569954084 -1.99083536245E-06 5.16463907204E-08 0.000205709181113962 8.35708434999982E-07 4.57803061499999E-06 
29 121.971288189 31.6364952452 2.5134690658 0.000205676816522 -1.98887073619E-06 5.1655159059E-08 0.000205686438857026 8.39669327000003E-07 4.53081674299999E-06 
30 121.991854288 31.6362963209 2.51347424981 0.000205649780614 -1.98402216243E-06 5.2234152007E-08 0.000205659357528253 7.80785469999999E-07 4.64542888200002E-06 
31 122.012418187 31.6360977072 2.51347949173 0.000205629444139 -1.98153666741E-06 5.25438030282E-08 0.000205638998114 7.78697484000025E-07 4.70785095199998E-06 
32 122.03297969 31.6358994974 2.51348475055 0.000205604212042 -1.97664577775E-06 5.24701880461E-08 0.000205613720094412 7.45538326999995E-07 4.58842520299998E-06 
33 122.053538652 31.6357015845 2.51348999718 0.000205579375658 -1.97721505405E-06 5.24558564089E-08 0.000205588890329512 7.19818559999992E-07 4.519747768E-06 
34 122.074095187 31.6355039353 2.51349523174 0.000205555199154 -1.97411575221E-06 5.22494817472E-08 0.00020556468510484 6.81378028999992E-07 4.47597807400001E-06 
35 122.094649284 31.6353064418 2.51350046088 0.000205529557869 -1.9725158269E-06 5.21838430291E-08 0.00020553902962617 6.68222559999999E-07 4.44773041999999E-06 
36 122.115201052 31.6351089614 2.51350565908 0.000205512436026 -1.9708639102E-06 5.16355464254E-08 0.00020552189258598 6.17708809000004E-07 4.431807219E-06 
37 122.135750815 31.6349114147 2.51351078068 0.000205483862413 -1.98147442494E-06 5.0725096032E-08 0.000205493422099338 6.57848597000006E-07 4.413647498E-06 
38 122.156298682 31.63471378 2.51351582376 0.000205475013262 -1.97233602318E-06 5.04403399761E-08 0.000205484485372096 6.17829950999999E-07 4.39823652499999E-06 
39 122.176844939 31.6345160886 2.51352091446 0.00020545308605 -1.97701005064E-06 5.14384521725E-08 0.000205462604339873 6.28976589999998E-07 4.373221434E-06 
40 122.197389636 31.6343184312 2.51352613561 0.000205439235692 -1.97460658996E-06 5.27540934591E-08 0.00020544873184299 6.31799497999991E-07 4.36287549900001E-06 
41 122.217932935 31.6341208524 2.5135314134 0.000205425784984 -1.97554314881E-06 5.25700261502E-08 0.000205435290713726 6.54837037999999E-07 4.35084752499999E-06 
42 122.238475046 31.6339232694 2.51353664781 0.000205420729429 -1.96982254206E-06 5.21699964718E-08 0.000205430180357459 5.85901195999982E-07 4.338415262E-06 
43 122.259016194 31.6337257593 2.51354184681 0.00020541027045 -1.97411508174E-06 5.18005988396E-08 0.000205419762973284 5.9375524E-07 4.31494318800001E-06 
44 122.279556654 31.6335283252 2.5135469889 0.000205401031685 -1.97287119938E-06 5.10042910621E-08 0.00020541051248529 5.81059601999998E-07 4.28975124400002E-06 
45 122.300096633 31.633330972 2.51355206131 0.000205394987788 -1.97366538749E-06 5.052791259E-08 0.000205404476379081 5.30556419999997E-07 4.26348039999998E-06 
46 122.320636399 31.6331340425 2.51355711323 0.00020539343176 -1.97234423774E-06 5.07045049711E-08 0.000205402907776129 5.72963885000008E-07 4.25400323599999E-06 
47 122.34117597 31.6329376423 2.51356222319 0.000205393570565 -1.95963275388E-06 5.15340426261E-08 0.000205402925114827 5.76174480000017E-07 4.23746748E-06 
48 122.361715347 31.6327417491 2.51356745221 0.000205397780509 -1.95156488007E-06 5.28611927265E-08 0.000205407058393353 5.33751135E-07 4.22153094699999E-06 
49 122.382254542 31.6325461608 2.5135727593 0.000205385550321 -1.95870393352E-06 5.32427386316E-08 0.000205394896812332 5.48870430999991E-07 4.19169348699999E-06 
50 122.402793334 31.6323508406 2.51357812924 0.000205389565125 -1.94708899072E-06 5.43217855907E-08 0.000205398801283335 4.76146658999981E-07 4.154996672E-06 
51 122.423331767 31.6321560862 2.51358364384 0.000205377998822 -1.94668162973E-06 5.58074306674E-08 0.000205387232037355 4.66497065000019E-07 4.11524004399999E-06 
52 122.443869799 31.6319616861 2.51358928267 0.000205383549199 -1.94070791931E-06 5.70020137486E-08 0.00020539272596184 3.91891964999992E-07 4.077868763E-06 
53 122.464407761 31.631767349 2.51359507305 0.000205375815745 -1.94480071281E-06 5.8890275199E-08 0.000205385032100203 4.23685991E-07 4.04701696300001E-06 
54 122.484945851 31.6315730864 2.51360106304 0.000205384242628 -1.93771040383E-06 6.08028822043E-08 0.000205393392149009 4.31685505000024E-07 4.02783868900001E-06 
55 122.505484179 31.63137886 2.51360720228 0.000205385959099 -1.94388001128E-06 6.19738383267E-08 0.00020539516719064 5.12071058000017E-07 4.00363168999999E-06 
56 122.526022888 31.6311846983 2.51361347792 0.00020538266174 -1.94507272451E-06 6.34399991945E-08 0.00020539188171869 4.5299404999999E-07 3.97230205799999E-06 
57 122.546561513 31.6309906977 2.51361990024 0.000205385273841 -1.94008321372E-06 6.51265590791E-08 0.000205394447040536 4.00938901000007E-07 3.947050595E-06 
58 122.56709956 31.630797052 2.51362649653 0.000205380134131 -1.92747509043E-06 6.68042375958E-08 0.000205389189391014 3.19293633000003E-07 3.92471621799999E-06 
59 122.587636827 31.6306039714 2.51363321676 0.000205374427248 -1.92145163715E-06 6.75233620165E-08 0.000205383426554438 2.89621664999992E-07 3.88833047999999E-06 
60 122.608173589 31.6304113521 2.51363999547 0.000205369013824 -1.92072771278E-06 6.80934107458E-08 0.000205378006784323 2.56000069000001E-07 3.85131758499999E-06 
61 122.628710081 31.6302190579 2.51364679227 0.000205367577993 -1.9203763348E-06 6.78670558178E-08 0.000205376567655406 2.55192993999989E-07 3.80966378400001E-06 
62 122.649246377 31.630027019 2.51365354673 0.000205359095376 -1.92490727685E-06 6.72958200665E-08 0.000205368127640101 2.62868162999991E-07 3.761396546E-06 
63 122.669782563 31.6298351276 2.5136602747 0.000205360073703 -1.92058887013E-06 6.72114903095E-08 0.000205369065465795 2.3402336500001E-07 3.70810418700001E-06 
64 122.690318537 31.6296434966 2.51366701292 0.000205361636542 -1.9120001925E-06 6.77452609266E-08 0.000205370548271569 1.38320589000013E-07 3.652203669E-06 
65 122.710853978 31.6294521818 2.513673827 0.000205344358071 -1.91623445276E-06 6.86846260657E-08 0.000205353310330384 1.64516748000002E-07 3.57341615E-06 
66 122.731388046 31.6292615133 2.51368073196 0.000205334565251 -1.89842895032E-06 6.94065695639E-08 0.000205343352793726 1.19172302999996E-07 3.52300831900002E-06 
67 122.751919979 31.6290713817 2.51368768751 0.000205311760087 -1.89894289044E-06 6.96242556453E-08 0.000205320553432091 1.77386984000016E-07 3.47657125099999E-06 
68 122.77244984 31.6288817148 2.51369468095 0.000205282157023 -1.89726273994E-06 7.02707096586E-08 0.000205290936321828 1.86903272999991E-07 3.43577457300002E-06 
69 122.792977855 31.6286926321 2.51370174576 0.000205267832176 -1.89050076089E-06 7.11011497891E-08 0.000205276549987413 1.35590269000004E-07 3.397205357E-06 
70 122.813503733 31.6285042785 2.51370893044 0.000205250080653 -1.87667517082E-06 7.25947432572E-08 0.000205258672868545 7.82245530000093E-08 3.36878715099999E-06 
71 122.834027456 31.6283165723 2.51371623666 0.00020523201635 -1.86824956169E-06 7.36171570158E-08 0.000205240532816979 1.90768109999985E-08 3.32576404400001E-06 
72 122.854549477 31.6281295723 2.5137236627 0.000205215823922 -1.86037032956E-06 7.50016013841E-08 0.000205224269985274 -1.97345500000095E-09 3.28079766499998E-06 
73 122.875069752 31.6279433894 2.51373120391 0.000205195103064 -1.8542644787E-06 7.56826686106E-08 0.000205203494965531 -2.07278960000017E-08 3.22967301900001E-06 
74 122.89558822 31.6277579437 2.51373874415 0.000205176783111 -1.85145510935E-06 7.48956074708E-08 0.000205185150103881 -2.06493429999867E-08 3.21131833600001E-06 
75 122.91610535 31.6275733433 2.51374616417 0.000205161199776 -1.84690359817E-06 7.35598718625E-08 0.000205169525898666 1.37039769999999E-08 3.184177859E-06 
76 122.936621376 31.6273895262 2.51375345313 0.000205158306788 -1.83444486454E-06 7.25179332578E-08 0.00020516652088226 -4.42858069999894E-08 3.15540374500002E-06 
77 122.957136671 31.627206303 2.51376071275 0.00020515284419 -1.82424102138E-06 7.2608188624E-08 0.00020516096755109 -6.13660080000156E-08 3.12630653799998E-06 
78 122.977651485 31.627023697 2.51376795632 0.000205142207051 -1.82727273569E-06 7.2239938182E-08 0.000205150357684345 -2.86638600000195E-09 3.08965072899999E-06 
79 122.998165676 31.626841622 2.51377516177 0.00020514058691 -1.81872870257E-06 7.19751079634E-08 0.000205148661590294 -6.63135000000033E-08 3.178791966E-06 
80 123.018678944 31.6266599769 2.51378234618 0.000205130524453 -1.81482647663E-06 7.16942693324E-08 0.00020513856487158 -3.82040799999986E-08 3.317665508E-06 
81 123.039191187 31.6264787147 2.51378948141 0.000205110860104 -1.81452912336E-06 7.09769653682E-08 0.000205118898413266 -4.2216599999991E-08 3.36258943499999E-06 
82 123.059702512 31.6262978865 2.51379654654 0.000205105428597 -1.80975742167E-06 7.03086657797E-08 0.000205113424731764 -7.36270890000143E-08 3.214838554E-06 
83 123.080212962 31.6261174708 2.51380353803 0.000205101408854 -1.79808656109E-06 6.95909099132E-08 0.000205109302256313 -7.85179010000074E-08 3.13327385600002E-06 
84 123.100722542 31.6259373973 2.51381044488 0.000205095906479 -1.79858720157E-06 6.84737644383E-08 0.000205103804106654 -6.16925700000048E-08 3.08606504799999E-06 
85 123.121231455 31.6257574369 2.51381721561 0.000205090118011 -1.79827643131E-06 6.70565497927E-08 0.000205098012668261 -6.03760510000143E-08 3.05841861699999E-06 
86 123.141739854 31.625577515 2.51382383761 0.000205084651675 -1.79643582518E-06 6.56372984519E-08 0.000205092529953153 -4.09072489999994E-08 3.03821082999999E-06 
87 123.162247812 31.6253977531 2.51383036242 0.000205081523592 -1.79023137412E-06 6.51647266196E-08 0.000205089347586925 -6.18602940000038E-08 3.01678491099999E-06 
88 123.182755267 31.6252181968 2.51383690077 0.000205070469172 -1.79982790345E-06 6.58207065463E-08 0.000205078377795592 2.75739269999919E-08 2.992263523E-06 
89 123.203262311 31.6250389176 2.51384351858 0.000205067556326 -1.79381170241E-06 6.63711780729E-08 0.00020507541252689 2.42570940000046E-08 2.981767128E-06 
90 123.223769058 31.6248599634 2.51385019238 0.000205065121934 -1.79126592156E-06 6.67524046862E-08 0.000205072956099266 5.20138719999899E-08 2.981550083E-06 
91 123.244275817 31.624681219 2.51385679918 0.000205064784552 -1.79053889687E-06 6.52024131572E-08 0.000205072611882362 4.92026890000095E-08 2.98085786499999E-06 
92 123.264782979 31.6245026892 2.51386324657 0.000205077003603 -1.78340620627E-06 6.37731893124E-08 0.000205084767868072 3.73076769999935E-08 2.96274114299999E-06 
93 123.285290697 31.6243243167 2.51386956449 0.000205087599138 -1.77881647252E-06 6.25517952206E-08 0.000205095322767144 1.48714339999966E-08 2.94218048900002E-06 
94 123.30579922 31.6241463056 2.51387574171 0.000205085444293 -1.78372268889E-06 6.11502761338E-08 0.000205093210191962 4.98264669999927E-08 2.91635085999999E-06 
95 123.326308489 31.6239688848 2.5138817878 0.00020509308415 -1.77027800852E-06 5.98977407461E-08 0.000205100732904897 6.34207389999984E-08 2.902143534E-06 
96 123.346818804 31.6237920132 2.5138882335 0.000205112143332 -1.76007888835E-06 6.89454983651E-08 0.000205119706448264 4.3247517999992E-08 2.88449184299998E-06 
97 123.367330237 31.6236155297 2.51389508678 0.00020512264524 -1.76067408819E-06 6.80041717803E-08 0.000205130212762692 5.6297583999991E-08 2.860293545E-06 
98 123.387842437 31.6234392855 2.51390181493 0.000205126243034 -1.75805217877E-06 6.6886305414E-08 0.000205133787569198 -1.24779740000053E-08 2.830938454E-06 
99 123.408355448 31.6232634489 2.51390848488 0.000205133229867 -1.75345027268E-06 6.66849521909E-08 0.000205140734693062 -2.05830390000172E-08 2.79484373400001E-06 
100 123.428869048 31.6230880077 2.51391515381 0.00020514289261 -1.75280291139E-06 6.68931433114E-08 0.000205150391618288 -4.04943000000533E-09 2.7509119E-06 
101 123.449383468 31.6229126409 2.51392186652 0.000205155350046 -1.75455567651E-06 6.75542998555E-08 0.00020516286379777 -2.77284960000066E-08 2.71457019199999E-06 
102 123.469899085 31.6227373357 2.51392865861 0.000205164756286 -1.74754819799E-06 6.84017178245E-08 0.000205172210168417 -3.44816739999954E-08 2.68406175499999E-06 
103 123.490415917 31.622562028 2.51393554265 0.000205175091527 -1.75734503689E-06 6.92082613683E-08 0.000205182628978369 1.17218804999996E-07 2.65968480000001E-06 
104 123.510934113 31.62238678 2.51394248256 0.000205189011727 -1.75541464498E-06 6.95677909225E-08 0.000205196532265427 1.19470476000013E-07 2.637684213E-06 
105 123.531453663 31.6222116445 2.51394943941 0.000205196433107 -1.75418498004E-06 6.95560027824E-08 0.000205203942853975 2.27953639999972E-08 2.60963793099998E-06 
106 123.551974047 31.6220367226 2.51395642403 0.000205209519521 -1.74608539474E-06 7.03031962103E-08 0.000205216959968675 -2.4826043000005E-08 2.579574456E-06 
107 123.572494676 31.6218622583 2.51396348593 0.000205211526244 -1.7402164213E-06 7.09112509644E-08 0.000205218916976458 -4.8122724000013E-08 2.561097593E-06 
108 123.593015329 31.621688311 2.51397056026 0.000205209890101 -1.74366431558E-06 7.06280592425E-08 0.00020521731006139 2.61804699997598E-09 2.54706538200001E-06 
109 123.613536622 31.6215147384 2.51397827648 0.000205220074363 -1.73665475708E-06 8.8613930705E-08 0.000205227441497791 -9.02389199998401E-09 2.51872467100001E-06 
110 123.634059038 31.6213414841 2.51398708087 0.000205222123539 -1.73495798789E-06 8.74808413707E-08 0.000205229475763044 -7.16953000000093E-08 2.48256442800002E-06 
111 123.654581912 31.6211685395 2.51399578467 0.000205228512096 -1.73538501223E-06 8.66214764247E-08 0.000205235867336971 -1.45458461999978E-07 2.43485566600002E-06 
112 123.675105398 31.6209959107 2.51400440319 0.000205239774635 -1.72527671071E-06 8.61026087483E-08 0.000205247044036238 -1.4040679300001E-07 2.38887106600002E-06 
113 123.695629466 31.620823573 2.51401296847 0.000205243897565 -1.71703726854E-06 8.52549173559E-08 0.00020525109737357 -1.83719101999987E-07 2.32602777199998E-06 
114 123.716153385 31.6206517705 2.51402144552 0.000205234913385 -1.71466265743E-06 8.42860327252E-08 0.000205242093256507 -1.86544584999981E-07 2.255171915E-06 
115 123.73667603 31.6204805901 2.5140298066 0.000205222201633 -1.70983534633E-06 8.27941671148E-08 0.00020522934106721 -1.32616280999992E-07 2.209375963E-06 
116 123.757198283 31.6203098494 2.51403942181 0.00020522126331 -1.70043480285E-06 9.82829976111E-08 0.000205228331505713 -1.42925588999989E-07 2.16772317799998E-06 
117 123.777719549 31.6201397676 2.51404913587 0.000205208680159 -1.69522833929E-06 9.60758865443E-08 0.000205215704667789 -1.39789269000003E-07 2.13117575100001E-06 
118 123.798239494 31.6199705054 2.51405864738 0.000205190662456 -1.68880192763E-06 9.45273479E-08 0.000205197633871598 -1.92520184000001E-07 2.10700123200002E-06 
119 123.818757774 31.6198019769 2.51406808953 0.000205172358844 -1.68836167598E-06 9.44036655512E-08 0.000205179327201383 -2.15303604999997E-07 2.08308366900001E-06 
120 123.83927462 31.6196341519 2.51407752519 0.000205156412453 -1.67530415997E-06 9.44942446874E-08 0.000205163274354296 -2.30137464000025E-07 2.04954264500001E-06 
121 123.859790169 31.6194671407 2.51408698431 0.000205147927432 -1.66766701907E-06 9.44313560946E-08 0.000205154727365013 -2.20651822000015E-07 2.01052499099999E-06 
122 123.880304571 31.619301009 2.51409675735 0.000205147441414 -1.65353443788E-06 1.1006032572E-07 0.00020515413475756 -2.68968913999995E-07 1.97102759100001E-06 
123 123.900818673 31.6191357649 2.51410761132 0.000205139977062 -1.64196216614E-06 1.06813162376E-07 0.000205146575983623 -3.52207249999998E-07 1.96479733199998E-06 
124 123.921332074 31.6189713149 2.51411808108 0.000205132245396 -1.64361650466E-06 1.02454227463E-07 0.00020513885559125 -3.28754244000007E-07 1.95054598499999E-06 
125 123.941845082 31.6188075487 2.51412815383 0.000205124901786 -1.6353846562E-06 9.94812909151E-08 0.000205131444962047 -2.82416689000004E-07 1.93309578299999E-06 
126 123.962358028 31.6186443989 2.51413797019 0.000205130604841 -1.62618043709E-06 9.68089486459E-08 0.000205137073385629 -3.08112483000017E-07 1.913867353E-06 
127 123.982870756 31.6184819063 2.51414750589 0.000205127782082 -1.61988782261E-06 9.37345880217E-08 0.000205134199500257 -2.97381736000002E-07 1.89452511800001E-06 
128 124.003383016 31.6183198531 2.51415670777 0.000205119301946 -1.61446918598E-06 9.03516786086E-08 0.000205125675391923 -2.94016015000003E-07 1.95894193399999E-06 
129 124.023895337 31.6181579749 2.51416559613 0.000205112861022 -1.61817047827E-06 8.73679630452E-08 0.000205119262541303 -3.09692406999995E-07 2.12029995799999E-06 
130 124.044406461 31.6179966319 2.51417417146 0.000205121127138 -1.60832066013E-06 8.39737503593E-08 0.00020512744951688 -2.91171587000008E-07 2.20577344499999E-06 
131 124.064918277 31.6178353104 2.51418238713 0.000205116091625 -1.61624043284E-06 8.03287415266E-08 0.00020512247494938 -2.15725338000001E-07 2.16684613500002E-06 
132 124.085429866 31.6176743344 2.51419025883 0.000205114614004 -1.61128196126E-06 7.73632920468E-08 0.000205120957224384 -2.27657836999985E-07 2.04360388600001E-06 
133 124.105941534 31.6175135441 2.5141978357 0.000205122546594 -1.6022641003E-06 7.40427239575E-08 0.000205128817706776 -2.54098971000003E-07 1.979133637E-06 
134 124.126453409 31.6173528015 2.51420508047 0.000205122082823 -1.60579710869E-06 7.09993569904E-08 0.000205128380500867 -2.41707326000017E-07 1.94182271300001E-06 
135 124.146965448 31.6171921152 2.51421205905 0.000205117493963 -1.60607943514E-06 6.86237869768E-08 0.000205123793183622 -1.73298261000004E-07 1.91670558499999E-06 
136 124.167477597 31.617031557 2.51421886702 0.000205121076588 -1.60213991351E-06 6.75581948487E-08 0.000205127344537564 -1.62931745999992E-07 1.899565155E-06 
137 124.187989811 31.6168711228 2.5142255772 0.000205121905089 -1.59939539239E-06 6.66341630829E-08 0.000205128151293462 -1.39992429999989E-07 1.88431405500001E-06 
138 124.208502136 31.6167108744 2.51423218831 0.000205122556256 -1.6073497366E-06 6.55183269358E-08 0.000205128864255674 -6.70557689999845E-08 1.88167179099999E-06 
139 124.229014799 31.6165508863 2.51423871962 0.000205135463798 -1.59779066964E-06 6.5456051393E-08 0.000205141696705324 -1.07120499999984E-07 1.88637138799999E-06 
140 124.249528117 31.6163911375 2.51424525345 0.000205138809343 -1.59773297727E-06 6.50569866719E-08 0.0002051450415724 -9.40673909999962E-08 1.89469630399998E-06 
141 124.27004324 31.6162315589 2.51425324158 0.000205157814112 -1.59295007346E-06 8.3884487916E-08 0.000205164015406596 -9.32602610000078E-08 1.88506879600001E-06 
142 124.290559646 31.6160722124 2.514261581 0.000205172836447 -1.59223522191E-06 8.29455362922E-08 0.000205179031357182 -1.01354679000001E-07 1.86969287099999E-06 
143 124.311077127 31.6159133055 2.51426980348 0.000205184553842 -1.58577754666E-06 8.15804738314E-08 0.000205190697842621 -9.36305120000059E-08 1.853942245E-06 
144 124.331595751 31.6157550292 2.51427788958 0.000205195102821 -1.57096307606E-06 8.0548383021E-08 0.000205201132147825 -7.45856650000035E-08 1.84104633999999E-06 
145 124.352115566 31.615597254 2.51428601162 0.000205202119612 -1.57130357105E-06 8.17635514152E-08 0.000205208151820166 -2.3545874999997E-08 1.82301624400001E-06 
146 124.372636461 31.6154397869 2.51429426688 0.00020520866858 -1.57395513322E-06 8.32620581703E-08 0.000205214721517994 -1.23062300001514E-09 1.79216342099998E-06 
147 124.39315911 31.6152826269 2.51430376595 0.000205243683638 -1.5620335465E-06 1.08519540893E-07 0.000205249656269107 -8.8338498999992E-08 1.76762263200001E-06 
148 124.413683447 31.6151260587 2.51431460878 0.000205249791202 -1.56269825347E-06 1.08209302467E-07 0.000205255768551213 -6.27549720000104E-08 1.730874877E-06 
149 124.43420853 31.6149698436 2.51432539685 0.000205258194565 -1.56867164501E-06 1.07621596219E-07 0.000205264216923509 -8.06918189999949E-08 1.69171697000001E-06 
150 124.454734691 31.6148138242 2.51433611931 0.000205267564488 -1.56305649794E-06 1.06800996813E-07 0.000205273543309663 -9.18198959999931E-08 1.65462964199999E-06 
151 124.475262004 31.6146579718 2.51434676634 0.000205281018284 -1.54955680615E-06 1.06141300077E-07 0.000205286894028788 -1.22050490000008E-07 1.628741052E-06 
152 124.495790544 31.6145022179 2.51435734921 0.000205285962079 -1.55648403435E-06 1.05687683656E-07 0.000205291889852318 -5.55932099999463E-09 1.604157788E-06 
153 124.516320407 31.6143466405 2.51436786546 0.000205306814952 -1.56413038107E-06 1.04298539481E-07 0.000205312799522507 -4.58809399999337E-09 1.58402721500001E-06 
154 124.536851477 31.6141912689 2.51437820003 0.00020532167219 -1.55430509466E-06 1.02338988214E-07 0.000205327580730144 -1.09427638000025E-07 1.56387840000001E-06 
155 124.557383402 31.6140362709 2.51438836092 0.000205320607552 -1.5445087266E-06 1.01028539161E-07 0.000205326441549779 -1.28594876000005E-07 1.533617083E-06 
156 124.577915782 31.6138818129 2.51439836695 0.000205321972163 -1.54126518117E-06 9.88333626016E-08 0.000205327780680784 -1.18190979000017E-07 1.52370450499998E-06 
157 124.598448417 31.6137278133 2.51440810389 0.00020533424699 -1.53377214299E-06 9.60859149486E-08 0.000205339997751144 -1.87552830000002E-07 1.52215166500001E-06 
158 124.618981461 31.6135742096 2.5144175747 0.000205330667437 -1.53357359047E-06 9.32140893297E-08 0.000205336415491621 -1.87441986000008E-07 1.50644227100001E-06 
159 124.639515094 31.6134210716 2.5144267558 0.000205336311296 -1.52840369455E-06 9.04271686638E-08 0.000205342019400741 -2.01337544000014E-07 1.47122165599999E-06 
160 124.660049414 31.6132682767 2.51443565261 0.000205356390621 -1.52566493275E-06 8.74229762326E-08 0.000205362076501842 -2.93520714E-07 1.435499832E-06 
161 124.680584559 31.6131158347 2.51444426076 0.000205350558955 -1.53383180598E-06 8.49427057994E-08 0.000205356304793408 -2.57256822000008E-07 1.38661604500001E-06 
162 124.701120353 31.612963756 2.51445266167 0.000205357840076 -1.52027140341E-06 8.3112106689E-08 0.000205363484128611 -2.9834880600001E-07 1.32449577399998E-06 
163 124.72165578 31.6128122751 2.51446091475 0.000205347122364 -1.51947237324E-06 8.24171254023E-08 0.000205352760517241 -2.20953758000008E-07 1.258380598E-06 
164 124.742190144 31.6126612335 2.51446917181 0.000205337810332 -1.50428138681E-06 8.27459218194E-08 0.000205343337026841 -2.06807025000013E-07 1.216726345E-06 
165 124.76272347 31.6125107077 2.51447749697 0.000205327617188 -1.4986593122E-06 8.38244366611E-08 0.000205333103484003 -2.14603096000015E-07 1.18058200900001E-06 
166 124.783256016 31.612360935 2.51448593101 0.000205324692454 -1.49758937744E-06 8.47398187364E-08 0.000205330171397459 -2.23393006999978E-07 1.148638706E-06 
167 124.80378862 31.6122116413 2.51449444509 0.000205306389043 -1.48322189572E-06 8.54600008397E-08 0.000205311764476562 -3.02928514000019E-07 1.128930656E-06 
168 124.824318886 31.6120633743 2.51450301486 0.000205300879769 -1.47990149474E-06 8.58290078696E-08 0.000205306231539567 -3.18377346000007E-07 1.10941688399998E-06 
169 124.844848135 31.6119156524 2.51451160306 0.000205285490552 -1.47195364475E-06 8.58253958055E-08 0.000205290785581589 -3.31001669000015E-07 1.08360498700001E-06 
170 124.865376567 31.6117688117 2.51452019982 0.000205280438289 -1.45829619342E-06 8.62215022408E-08 0.000205285636141594 -3.63044562000001E-07 1.04733600099998E-06 
171 124.88590406 31.6116229067 2.5145289366 0.000205263745763 -1.45895097851E-06 8.85573899037E-08 0.000205268949685593 -3.3488127200001E-07 1.011628733E-06 
172 124.906430766 31.6114780795 2.51453791282 0.000205264985937 -1.43823754233E-06 9.09092008769E-08 0.000205270044681214 -3.75216392999977E-07 1.00926875200001E-06 
173 124.926956957 31.6113341696 2.51454707125 0.000205259693565 -1.43138272247E-06 9.22331903155E-08 0.000205264705114779 -3.77306165999996E-07 9.9607846999999E-07 
174 124.947482897 31.6111910814 2.51455635984 0.000205255303091 -1.43063266438E-06 9.34940062048E-08 0.000205260310089232 -3.09419651999985E-07 9.82860624000002E-07 
175 124.968008582 31.6110487737 2.5145657637 0.000205250166084 -1.41928244646E-06 9.44489664546E-08 0.000205255094847314 -3.52245213999997E-07 9.66207994000011E-07 
176 124.988533651 31.610907144 2.51457523409 0.000205246107496 -1.41379895862E-06 9.49474268633E-08 0.000205250998742439 -3.61261174000008E-07 9.45941358999999E-07 
177 125.009058067 31.6107660172 2.51458474031 0.000205240540646 -1.40635791919E-06 9.52681576699E-08 0.000205245381052245 -3.66226105000001E-07 9.97698280000016E-07 
178 125.029582821 31.610625037 2.51459428923 0.000205269178666 -1.41677861558E-06 9.57448672559E-08 0.000205274090276731 -3.55913773999995E-07 1.17103885799999E-06 
179 125.050106218 31.6104849974 2.51460388159 0.000205223714395 -1.4024053876E-06 9.59650947984E-08 0.000205228528475578 -3.07770925999995E-07 1.24927393800001E-06 
180 125.070629246 31.6103453233 2.51461458924 0.000205231611269 -1.39537200983E-06 1.19939853668E-07 0.000205236389835439 -2.88914396000007E-07 1.29085369100001E-06 
181 125.091152569 31.6102059658 2.51462650124 0.000205232512939 -1.39013090804E-06 1.18330258752E-07 0.00020523725498371 -2.78600130999975E-07 1.14503701199999E-06 
182 125.111675611 31.6100668622 2.5146382569 0.000205233865874 -1.38269605167E-06 1.16707126207E-07 0.000205238556734624 -3.04209296000008E-07 1.060952755E-06 
183 125.13219843 31.6099280045 2.5146498292 0.000205226069601 -1.38453222811E-06 1.14596601297E-07 0.000205230771829534 -2.51193221000013E-07 1.01051932700002E-06 
184 125.152720987 31.6097893446 2.51466118563 0.000205223126744 -1.3851216193E-06 1.12734941607E-07 0.000205227831985945 -2.39290502000001E-07 9.80384083000004E-07 
185 125.173243198 31.6096509281 2.51467239288 0.000205223063562 -1.37735896935E-06 1.11564962544E-07 0.000205227715921227 -2.03970958999994E-07 9.63868196000021E-07 
186 125.193765014 31.6095127523 2.51468351547 0.000205214477885 -1.37840616921E-06 1.10922428698E-07 0.000205219137121677 -1.74614636999989E-07 9.50513457999991E-07 
187 125.214286378 31.6093748844 2.51469456 0.000205212615262 -1.38133038173E-06 1.0993870945E-07 0.000205217293673835 -1.03317915999999E-07 9.46056521999985E-07 
188 125.234807793 31.6092373765 2.51470549118 0.00020521204813 -1.37564160322E-06 1.08662383233E-07 0.000205216687662196 -1.34840151999995E-07 9.50090597000004E-07 
189 125.25532948 31.6091002169 2.5147162695 0.000205220265476 -1.36474611008E-06 1.06726608907E-07 0.000205224831062311 -1.34555594999988E-07 9.6314220300001E-07 
190 125.275852732 31.6089631008 2.51472681907 0.000205215100522 -1.36753450263E-06 1.04311265369E-07 0.00020521968354354 -9.27263389999982E-08 9.60797246000002E-07 
191 125.296375189 31.6088266808 2.51473714055 0.000205231994254 -1.3593804326E-06 1.01972532836E-07 0.000205236521552651 -1.84312411000007E-07 9.5531301000002E-07 
192 125.316898539 31.60869067 2.51474718703 0.000205233714197 -1.35846131837E-06 9.90043064298E-08 0.000205238233918785 -9.00194909999946E-08 9.42225675000015E-07 
193 125.337423163 31.6085552875 2.51475756717 0.000205266926974 -1.34497250945E-06 1.23036992905E-07 0.000205271370138415 -1.28654469E-07 9.31769060000004E-07 
194 125.357949867 31.6084203514 2.51476970193 0.00020527269759 -1.35556295593E-06 1.19623897399E-07 0.000205277208273787 -8.62116030000135E-08 9.14794288999995E-07 
195 125.378477387 31.6082857622 2.5147815093 0.000205273969319 -1.34630919398E-06 1.16679581483E-07 0.000205278417381244 -1.10163349000014E-07 8.85178915000005E-07 
196 125.399005894 31.6081516184 2.51479306426 0.000205288855829 -1.33435221717E-06 1.14368131514E-07 0.000205293224202576 -1.70875853999997E-07 8.61761276999993E-07 
197 125.419535156 31.6080180175 2.51480443831 0.000205298507339 -1.32887748631E-06 1.1328348557E-07 0.000205302839396203 -2.40808551000009E-07 8.33660400000009E-07 
198 125.440065335 31.6078846494 2.51481574735 0.000205312912688 -1.3277260729E-06 1.12981812016E-07 0.000205317236825954 -2.61046259000011E-07 8.01022276000009E-07 
199 125.460596993 31.6077516118 2.51482701925 0.000205328026825 -1.32315776157E-06 1.12466853305E-07 0.000205332320873025 -2.99102509000005E-07 7.69951118999984E-07 
200 125.481130753 31.6076183373 2.51483824216 0.000205335002168 -1.31897619171E-06 1.12137823715E-07 0.000205339268987737 -2.34621836000008E-07 7.42168594999995E-07 
201 125.501664348 31.6074856278 2.5148494659 0.000205347565296 -1.32142021637E-06 1.12465704107E-07 0.000205351847746539 -2.24212563000001E-07 7.23471677999989E-07 
202 125.522199311 31.607352959 2.51486078101 0.000205361905921 -1.32420104745E-06 1.13667368765E-07 0.000205366206646056 -2.37118127999994E-07 7.08881315000017E-07 
203 125.542735535 31.6072205507 2.51487217753 0.000205367989947 -1.32403572182E-06 1.13981319659E-07 0.00020537228965273 -3.01619765000004E-07 6.87585384999997E-07 
204 125.563272555 31.6070886615 2.51488353463 0.000205376474302 -1.32747733586E-06 1.1294263947E-07 0.000205380795472306 -2.8268603899999E-07 6.66406143999993E-07 
205 125.583809836 31.6069573561 2.51489472245 0.00020537352255 -1.3079598423E-06 1.10798812663E-07 0.000205377717389013 -3.21742887000003E-07 6.6727141000001E-07 
206 125.604347047 31.6068265807 2.51490565586 0.000205371988327 -1.30266030738E-06 1.07627082534E-07 0.000205376147828444 -3.33873772999984E-07 6.67626619E-07 
207 125.624884144 31.6066963199 2.51491626329 0.000205369284461 -1.30046195515E-06 1.044966051E-07 0.000205373428468389 -3.88147124999992E-07 6.59292026999989E-07 
208 125.645421208 31.6065666217 2.51492657488 0.000205371544094 -1.29234555344E-06 1.01596998686E-07 0.000205375635367327 -4.36296299000018E-07 6.34200126000008E-07 
209 125.665958949 31.6064374258 2.5149377106 0.000205383952485 -1.28426344243E-06 1.17080667777E-07 0.000205388001058565 -4.81184539999992E-07 6.01425541999997E-07 
210 125.686498233 31.6063084042 2.5149492469 0.000205383747697 -1.27655411494E-06 1.13660361808E-07 0.000205387746292594 -5.00119498000022E-07 5.64326506000015E-07 
211 125.707035707 31.6061803659 2.51496044385 0.000205374795925 -1.28085744876E-06 1.1022092853E-07 0.000205378819613154 -5.12957840999995E-07 5.05155914999996E-07 
212 125.727571977 31.6060528919 2.51497129729 0.000205354504796 -1.27145655834E-06 1.06901764195E-07 0.000205358468707227 -4.58282056000004E-07 4.4704248700002E-07 
213 125.748106701 31.6059259822 2.51498181019 0.000205334449326 -1.27120319707E-06 1.03401707506E-07 0.000205338410263382 -4.33565892000022E-07 4.10424949999998E-07 
214 125.768639884 31.6057998537 2.51499199359 0.000205322135826 -1.25767512703E-06 1.0045177469E-07 0.000205326012227956 -4.42381732000007E-07 3.82060393999993E-07 
215 125.789171784 31.6056746007 2.51500190326 0.000205314415355 -1.24893383703E-06 9.76071700269E-08 0.000205318237172089 -4.81279235000015E-07 3.61877838000009E-07 
216 125.809701998 31.6055501179 2.51501166648 0.000205297898888 -1.23570058823E-06 9.79636852525E-08 0.000205301641105605 -5.79625066E-07 3.51238909999989E-07 
217 125.830230378 31.6054263861 2.51502149041 0.000205274023441 -1.23233607905E-06 9.85768404676E-08 0.000205277746161783 -5.87153392000002E-07 3.34294159000002E-07 
218 125.850757061 31.6053034716 2.51503138984 0.000205257686752 -1.23187689903E-06 9.92810060563E-08 0.000205261407352173 -5.57340147999978E-07 3.12171178999991E-07 
219 125.871282367 31.6051814556 2.51504132636 0.000205249782309 -1.21191454651E-06 9.92712914114E-08 0.000205253384209735 -6.19428643000016E-07 2.86527231999978E-07 
220 125.891807589 31.6050600472 2.5150512313 0.000205239254873 -1.20301009473E-06 9.87075486922E-08 0.000205242804300888 -6.15771850000018E-07 2.57872243000003E-07 
221 125.912330664 31.6049402906 2.5150610469 0.000205221784151 -1.19921038102E-06 9.7438643593E-08 0.000205225311036302 -6.00071543E-07 2.55698905999999E-07 
222 125.932853102 31.6048212529 2.51507070191 0.000205226518238 -1.18454791148E-06 9.58783128337E-08 0.000205229959154353 -6.36767457999995E-07 2.59780529000006E-07 
223 125.953375375 31.6047029433 2.5150802401 0.000205219806107 -1.18227184577E-06 9.48181007138E-08 0.000205223233518489 -5.67903793000004E-07 2.49850612000016E-07 
224 125.973896903 31.6045853282 2.51508966488 0.000205198672349 -1.1714690832E-06 9.36089668856E-08 0.000205202037602563 -6.18864255999991E-07 2.37755222999987E-07 
225 125.994417904 31.6044680652 2.51509894005 0.000205212298576 -1.16458379473E-06 9.18739039458E-08 0.000205215623632984 -6.35438951000002E-07 2.25532415999978E-07 
