0 115.579538196 34.4756413665 2.51339445285 0.000208943452748 -4.04309913641E-06 4.35150546252E-08 0.000208982571020749 -5.49466127000033E-07 8.31306886400001E-06 
1 115.60042558 34.475237686 2.5133988385 0.000208810207707 -4.03318238633E-06 4.33416498827E-08 0.000208849159158711 -9.02971380000009E-07 8.01289735899999E-06 
2 115.621300213 34.4748350382 2.5134032305 0.000208688168929 -4.01922431383E-06 4.31830252603E-08 0.000208726873880192 -9.76760719999985E-07 7.71701905000002E-06 
3 115.64216306 34.4744333686 2.51340750105 0.000208565104735 -4.00504533948E-06 4.30473095313E-08 0.000208603559783537 -1.39997552699999E-06 7.43423926499999E-06 
4 115.663014622 34.4740326047 2.51341156545 0.00020846264252 -4.00473981559E-06 3.92713470102E-08 0.000208501109852323 -1.31729417000002E-06 7.17132498399999E-06 
5 115.683855189 34.473632825 2.51341535741 0.000208352627393 -3.9907071195E-06 3.58415589975E-08 0.00020839084521518 -1.41238299599999E-06 6.922404308E-06 
6 115.704685322 34.4732338728 2.51341887324 0.000208251496668 -3.98806129513E-06 3.39252253692E-08 0.000208289682049488 -1.53914143399998E-06 6.68963039399998E-06 
7 115.725505321 34.4728358137 2.51342224838 0.000208152689672 -3.97819350002E-06 3.33050391759E-08 0.000208190704284406 -1.631028322E-06 6.48296495699998E-06 
8 115.74631593 34.4724385409 2.51342548493 0.000208078537378 -3.97933960163E-06 3.19391770773E-08 0.000208116587232118 -2.00160770599998E-06 6.30259366699999E-06 
9 115.767118536 34.4720416238 2.51342852059 0.000207963191645 -3.95616387589E-06 2.91654273812E-08 0.000208000820100331 -1.7689317E-06 6.126700822E-06 
10 115.787911507 34.4716459015 2.51343134079 0.000207887441741 -3.95610635336E-06 2.71125198405E-08 0.000207925082532593 -1.77572783900001E-06 5.96126563E-06 
11 115.808695827 34.4712508533 2.513433993 0.000207792125683 -3.94120474026E-06 2.60586017946E-08 0.000207829500479877 -2.215076626E-06 5.80601993700001E-06 
12 115.829471788 34.4708565581 2.51343656575 0.000207722282489 -3.94174458051E-06 2.50278957282E-08 0.000207759679965034 -1.912768597E-06 5.663904847E-06 
13 115.850240196 34.4704628906 2.51343900909 0.000207649948457 -3.93344543221E-06 2.38253437769E-08 0.00020768720147089 -1.97739332700002E-06 5.52175155900001E-06 
14 115.871001375 34.4700698525 2.51344137142 0.0002075783844 -3.92921732539E-06 2.34004308766E-08 0.000207615570144641 -2.02753089700001E-06 5.418171656E-06 
15 115.891755742 34.4696774667 2.51344366001 0.000207512799539 -3.92519309925E-06 2.22197294969E-08 0.000207549920759069 -2.14754440500001E-06 5.32092566E-06 
16 115.912503695 34.4692858245 2.51344581984 0.000207448889833 -3.91048784172E-06 2.08563044186E-08 0.000207485744674399 -2.15761491400001E-06 5.22367003800002E-06 
17 115.933245449 34.468895253 2.51344786327 0.000207390182409 -3.89600476657E-06 1.96998161229E-08 0.000207426775033654 -2.322593132E-06 5.13857322700001E-06 
18 115.953981693 34.4685055256 2.5134498896 0.000207339475246 -3.89552338212E-06 2.0064977131E-08 0.000207376067809935 -2.47970259199999E-06 5.052625581E-06 
19 115.974712676 34.4681165518 2.51345193044 0.000207282640062 -3.88812329656E-06 2.04762844055E-08 0.000207319103782358 -2.35842449700002E-06 4.96666026599999E-06 
20 115.995438421 34.4677282025 2.51345404418 0.000207231872544 -3.88055360654E-06 2.16000813742E-08 0.000207268203448936 -2.53671654100001E-06 5.16704101799999E-06 
21 116.016159199 34.4673403512 2.51345625531 0.000207184073599 -3.87238697062E-06 2.34009994381E-08 0.000207220260306595 -2.65949579099999E-06 5.050594563E-06 
22 116.036875139 34.466953165 2.51345852843 0.00020713564341 -3.86815985776E-06 2.29812654707E-08 0.000207171759561236 -2.629996253E-06 4.942329134E-06 
23 116.057586015 34.4665665794 2.51346084441 0.000207083434296 -3.86552965615E-06 2.31078557892E-08 0.000207119510460317 -2.55231669E-06 4.86980627499998E-06 
24 116.078291739 34.4661803671 2.51346318642 0.000207033965468 -3.85989422011E-06 2.35214485429E-08 0.000207069945173253 -2.640377922E-06 4.823978886E-06 
25 116.09899226 34.4657944331 2.51346554033 0.000206979561841 -3.86256577844E-06 2.33664876361E-08 0.00020701560081375 -2.72409517399998E-06 4.78984654600002E-06 
26 116.119687623 34.4654086313 2.51346782649 0.000206931202114 -3.85864217648E-06 2.23140275701E-08 0.000206967176203636 -2.78649734800001E-06 4.76346083299998E-06 
27 116.140378172 34.4650229528 2.51347000667 0.000206879080632 -3.85606817021E-06 2.24146924535E-08 0.000206915015809132 -2.94142518700001E-06 4.738135697E-06 
28 116.161064022 34.4646375651 2.51347206315 0.000206838915536 -3.85211748381E-06 2.02219935678E-08 0.000206874783862477 -2.90092017699999E-06 4.71317822600001E-06 
29 116.181745478 34.4642524558 2.51347407693 0.000206793217152 -3.84665462875E-06 2.04831754515E-08 0.000206828991757605 -2.87128211200001E-06 4.68863412299999E-06 
30 116.202422806 34.4638678786 2.51347615796 0.000206757539297 -3.83990236654E-06 2.08293118214E-08 0.000206793194617703 -2.93731747300001E-06 4.67749210499997E-06 
31 116.223096418 34.4634839248 2.51347825978 0.000206714373076 -3.83736980291E-06 2.08537843698E-08 0.000206749988822462 -2.992532063E-06 4.65648662800001E-06 
32 116.243766609 34.4631006371 2.51348040739 0.000206684657529 -3.82710338331E-06 2.17772938393E-08 0.000206720088168608 -2.97220029100002E-06 4.63054577199998E-06 
33 116.264433782 34.4627180657 2.51348263015 0.00020665408387 -3.81660827966E-06 2.34839475924E-08 0.000206689325874379 -3.20721579399999E-06 4.60489803399999E-06 
34 116.28509828 34.4623362271 2.51348490959 0.000206633226105 -3.81580137144E-06 2.30646722578E-08 0.000206668456719078 -3.23858680500002E-06 4.577232917E-06 
35 116.305760491 34.4619551118 2.51348725567 0.000206607353285 -3.80975541212E-06 2.36523341321E-08 0.000206642476822085 -3.23089161899999E-06 4.555580816E-06 
36 116.32642064 34.461574601 2.51348972739 0.000206589418639 -3.80200829739E-06 2.53848093337E-08 0.000206624402733757 -3.35135020800001E-06 4.54282882800001E-06 
37 116.347078636 34.4611947858 2.51349236047 0.000206570477457 -3.80046784263E-06 2.71751003708E-08 0.000206605436644639 -3.34084838900001E-06 4.52180225500001E-06 
38 116.367734603 34.4608156897 2.5134951223 0.000206548333256 -3.78295819678E-06 2.75270442797E-08 0.00020658297485826 -3.12562054200001E-06 4.50336830899999E-06 
39 116.388388779 34.4604373477 2.51349787142 0.00020653258547 -3.78207430288E-06 2.705070503E-08 0.000206567213465003 -3.31846193200001E-06 4.48001816700001E-06 
40 116.409041159 34.4600598432 2.51350055803 0.000206508986898 -3.76543040595E-06 2.72634028105E-08 0.000206543314777006 -3.24850522100001E-06 4.443084806E-06 
41 116.429691639 34.4596828442 2.51350325992 0.00020649421725 -3.76732319634E-06 2.74899684478E-08 0.000206528582132 -3.40235818399999E-06 4.40361703699999E-06 
42 116.450340173 34.4593064406 2.51350610867 0.000206474687974 -3.75901965452E-06 2.92164454721E-08 0.000206508905029116 -3.46109014700001E-06 4.37030699099999E-06 
43 116.47098698 34.4589306589 2.51350912571 0.000206461165192 -3.75625834103E-06 3.09204059611E-08 0.000206495334487814 -3.621075531E-06 4.340905397E-06 
44 116.491632186 34.4585555198 2.51351228106 0.000206436958641 -3.74651306758E-06 3.22494576078E-08 0.000206470955083612 -3.65869293E-06 4.30918063599998E-06 
45 116.512275846 34.4581808445 2.5135155682 0.000206433978867 -3.74762094053E-06 3.34508521191E-08 0.000206467996097541 -3.690836056E-06 4.28203230800001E-06 
46 116.532917915 34.457806481 2.51351897705 0.000206411021922 -3.74785996706E-06 3.43919429657E-08 0.000206445047429147 -3.69547274700001E-06 4.24383565799999E-06 
47 116.553557793 34.4574325554 2.51352245982 0.000206380332377 -3.73120909276E-06 3.61472693369E-08 0.000206414061584864 -3.75556488400002E-06 4.213961577E-06 
48 116.574195075 34.4570593914 2.51352602981 0.000206358908917 -3.72477806665E-06 3.57319997653E-08 0.000206392525392361 -3.65278158200001E-06 4.17806513699999E-06 
49 116.594829796 34.4566873379 2.51352962792 0.000206330686523 -3.71525735641E-06 3.65480213939E-08 0.000206364136113896 -3.83374679900002E-06 4.134253691E-06 
50 116.615462335 34.4563163695 2.51353326759 0.000206313387159 -3.70293506377E-06 3.63409511962E-08 0.000206346618023583 -3.611330815E-06 4.08186538000002E-06 
51 116.636092711 34.4559465322 2.5135368786 0.000206290219597 -3.68716291308E-06 3.61977764616E-08 0.000206323171704017 -3.710242054E-06 4.02976935099999E-06 
52 116.656720957 34.455577732 2.51354034068 0.000206271311973 -3.68555218319E-06 3.36616511131E-08 0.000206304237889251 -3.593023399E-06 3.97477391199998E-06 
53 116.677347191 34.455209795 2.51354362101 0.000206247857198 -3.6713467504E-06 3.24391868751E-08 0.000206280533347258 -3.694169295E-06 3.91590049000001E-06 
54 116.697971216 34.4548427313 2.51354672255 0.000206226827991 -3.66625086228E-06 3.04366920762E-08 0.000206259416524451 -3.50669592899999E-06 3.839673631E-06 
55 116.718591891 34.4544765448 2.51354975482 0.000206186702793 -3.6601451438E-06 3.02075896304E-08 0.000206219189174095 -3.50798246899999E-06 3.77678968799998E-06 
56 116.73920881 34.4541113458 2.51355274058 0.000206150300161 -3.65337019357E-06 2.90304805582E-08 0.00020618267195138 -3.554149362E-06 3.72101266800002E-06 
57 116.759822232 34.4537470668 2.5135555987 0.000206114222051 -3.63237640037E-06 2.8642282103E-08 0.000206146228465095 -3.656933195E-06 3.671922536E-06 
58 116.780432169 34.4533836512 2.51355834099 0.000206075977774 -3.62655026489E-06 2.68543686789E-08 0.000206107887290834 -3.59906269300001E-06 3.62872155400002E-06 
59 116.801038366 34.453021014 2.51356102122 0.000206044165182 -3.62250245101E-06 2.6819304909E-08 0.00020607600842609 -3.41068770500001E-06 3.584314059E-06 
60 116.821641264 34.4526591181 2.51356374424 0.000206017415527 -3.61324494781E-06 2.73151536814E-08 0.000206049100424135 -3.49001971100001E-06 3.53801586300002E-06 
61 116.842241352 34.4522979313 2.51356650747 0.00020598846211 -3.60967019218E-06 2.78143963424E-08 0.000206020088862664 -3.47419347100002E-06 3.48339881499999E-06 
62 116.862838916 34.45193743 2.51356934222 0.000205965240395 -3.60822345247E-06 2.87670244139E-08 0.000205996845497679 -3.49003955700002E-06 3.42751052700001E-06 
63 116.88343432 34.4515775575 2.51357219919 0.000205940368538 -3.5992652466E-06 2.81572116331E-08 0.000205971820637463 -3.49777976800002E-06 3.392689366E-06 
64 116.904027515 34.4512185924 2.51357495866 0.000205920570181 -3.5840992603E-06 2.67977720964E-08 0.000205951760636554 -3.53794982200001E-06 3.35505360299999E-06 
65 116.924618659 34.4508607261 2.51357755597 0.000205902638209 -3.57847160498E-06 2.51277855177E-08 0.000205933733302389 -3.62017311200002E-06 3.32083442400002E-06 
66 116.945208076 34.4505040118 2.51358009063 0.000205884673975 -3.56053557987E-06 2.57931821456E-08 0.000205915460946224 -3.51104650399999E-06 3.282761718E-06 
67 116.965795905 34.450148252 2.5135827243 0.000205871834181 -3.55564017546E-06 2.67746865377E-08 0.000205902538602588 -3.58188875199998E-06 3.24424187600001E-06 
68 116.986382319 34.4497931895 2.51358545383 0.000205863717289 -3.54860302701E-06 2.77793064928E-08 0.000205894301648148 -3.501441372E-06 3.28417762699999E-06 
69 117.006967259 34.4494388319 2.51358831315 0.000205843162799 -3.54252147016E-06 2.92695291983E-08 0.000205873645681441 -3.66478479399998E-06 3.477043298E-06 
70 117.027550491 34.449085186 2.51359126515 0.000205816691226 -3.5349674407E-06 2.97052505088E-08 0.000205847048228599 -3.537398776E-06 3.55864457000002E-06 
71 117.04813178 34.448732095 2.5135942665 0.000205803605923 -3.5251743271E-06 3.02172671426E-08 0.000205833796977146 -3.50950233500002E-06 3.39048948899999E-06 
72 117.068711187 34.4483795135 2.51359732474 0.000205788409149 -3.51823525886E-06 3.06646902711E-08 0.000205818483766002 -3.48682857299998E-06 3.30024091200001E-06 
73 117.089288587 34.4480274032 2.51360040942 0.000205761435466 -3.51835144056E-06 3.07595574474E-08 0.000205791516025415 -3.491852767E-06 3.247016991E-06 
74 117.109863861 34.4476755562 2.51360344481 0.00020574077137 -3.51525207301E-06 3.05551054081E-08 0.000205770801948853 -3.564718732E-06 3.21969000600001E-06 
75 117.13043726 34.4473239107 2.51360637947 0.000205728646969 -3.51778725975E-06 2.84973790119E-08 0.000205758722349749 -3.58373524099998E-06 3.204066095E-06 
76 117.151008613 34.4469725175 2.51360915683 0.000205703437764 -3.51031855281E-06 2.68407800037E-08 0.000205733389037116 -3.65665817700001E-06 3.19295927999998E-06 
77 117.171577849 34.4466213074 2.51361182461 0.000205680058861 -3.50177883013E-06 2.69782158852E-08 0.000205709868007988 -3.45908319599998E-06 3.180360789E-06 
78 117.192145215 34.4462706474 2.51361458139 0.000205659959423 -3.50262667397E-06 2.8489766398E-08 0.000205689786122583 -3.553468539E-06 3.17015952799998E-06 
79 117.212710954 34.4459207004 2.51361748992 0.000205660570978 -3.48588589493E-06 2.98188336348E-08 0.000205690113385725 -3.73206962199998E-06 3.17490588199999E-06 
80 117.233275284 34.4455715914 2.51362049592 0.000205633614478 -3.48952504041E-06 2.99978906148E-08 0.000205663222497771 -3.68323292299999E-06 3.169811943E-06 
81 117.253838563 34.4452232417 2.51362351213 0.000205637985864 -3.47669592953E-06 2.99806964678E-08 0.000205667375982753 -3.70371638499999E-06 3.16639050000002E-06 
82 117.274401192 34.4448756803 2.51362656606 0.000205617895315 -3.47139934904E-06 3.13614205517E-08 0.000205647199034535 -3.639768227E-06 3.14460166999999E-06 
83 117.294963416 34.4445288435 2.51362970282 0.000205612886379 -3.46156793856E-06 3.22071654126E-08 0.000205642025216147 -3.61505179300001E-06 3.119900732E-06 
84 117.315525368 34.4441826302 2.51363292574 0.000205619766669 -3.45133672643E-06 3.25416769055E-08 0.000205648732622338 -3.92717194499999E-06 3.11444023200002E-06 
85 117.336086953 34.4438371788 2.51363624661 0.0002056127521 -3.44949182666E-06 3.38430879971E-08 0.000205641688296301 -3.883291913E-06 3.096528282E-06 
86 117.356648302 34.4434926025 2.51363965843 0.000205620843404 -3.42841239812E-06 3.42824694884E-08 0.000205649426036232 -3.79853470699998E-06 3.07843557799999E-06 
87 117.377209601 34.4431490321 2.51364305885 0.000205612384804 -3.43195730695E-06 3.33549463308E-08 0.000205641027590064 -3.79629053999999E-06 3.05501515499999E-06 
88 117.397770614 34.4428063093 2.51364633981 0.000205605354499 -3.43188826959E-06 3.20779119928E-08 0.000205633996908942 -3.72136649599998E-06 3.03175900700001E-06 
89 117.418331155 34.4424641305 2.51364952947 0.000205598766585 -3.42464191249E-06 3.17509338045E-08 0.000205627289048958 -3.92322982499998E-06 2.99643474499999E-06 
90 117.438891277 34.4421226145 2.51365275472 0.000205601820164 -3.40328195896E-06 3.36097951663E-08 0.000205629987872538 -3.92042828800001E-06 2.96056997199998E-06 
91 117.459451073 34.4417817983 2.51365615362 0.000205603506819 -3.40464138634E-06 3.48435819329E-08 0.000205631697005387 -4.06208595600001E-06 2.927990218E-06 
92 117.480010725 34.4414415744 2.51365972029 0.000205593631001 -3.40365649617E-06 3.61627595371E-08 0.000205621806463868 -4.07777466E-06 2.894861039E-06 
93 117.500570324 34.4411019973 2.51366340997 0.000205594921269 -3.38360670872E-06 3.80809151601E-08 0.000205622765996671 -4.076296416E-06 2.86784876200001E-06 
94 117.521129963 34.440762875 2.51366720829 0.000205599041133 -3.39568776315E-06 3.83966605002E-08 0.000205627084511008 -4.16264092099999E-06 2.84374679300001E-06 
95 117.541689452 34.4404241292 2.51367108098 0.000205590813066 -3.38229467191E-06 3.89566319246E-08 0.000205618636927701 -3.97985008099999E-06 2.805975274E-06 
96 117.562248005 34.4400860724 2.51367500176 0.000205575849113 -3.38007876874E-06 3.96130350576E-08 0.000205603638684257 -4.131906719E-06 2.77946626700001E-06 
97 117.582805268 34.4397490276 2.51367897917 0.00020556877381 -3.36544629182E-06 3.98981004064E-08 0.000205596324350287 -4.11219360700002E-06 2.761733155E-06 
98 117.603361616 34.4394130909 2.513682986 0.000205567892765 -3.35080540409E-06 4.00540898707E-08 0.000205595204314276 -4.119077236E-06 2.72940881599999E-06 
99 117.623917088 34.4390782117 2.51368696687 0.000205553981982 -3.34613016247E-06 3.94042078813E-08 0.000205581219104305 -4.02664439400001E-06 2.68193925700001E-06 
100 117.64447163 34.4387443507 2.5136908255 0.000205533808669 -3.32680854855E-06 3.80488336255E-08 0.000205560734598847 -3.88201139499999E-06 2.631666873E-06 
101 117.665025275 34.4384114017 2.51369449988 0.000205537466891 -3.31454916595E-06 3.56803586192E-08 0.000205564193879261 -3.93239862199999E-06 2.58803947800001E-06 
102 117.685577604 34.4380791076 2.51369797372 0.000205518959428 -3.31246053783E-06 3.39463803642E-08 0.000205545654859302 -3.86611089699999E-06 2.502376932E-06 
103 117.706127465 34.4377475168 2.51370139829 0.000205487527621 -3.30740692472E-06 3.42746624832E-08 0.000205514145798068 -3.84691575699999E-06 2.43580283799998E-06 
104 117.726674495 34.437416737 2.51370481382 0.000205451693871 -3.29617535723E-06 3.42116260245E-08 0.000205478136201602 -3.80544831900001E-06 2.376476844E-06 
105 117.747218689 34.4370867583 2.5137081412 0.000205423548132 -3.30589002933E-06 3.27493998202E-08 0.000205450149935573 -3.775947568E-06 2.33666292200001E-06 
106 117.767759685 34.4367574299 2.51371136702 0.000205392608088 -3.28227167819E-06 3.19341381056E-08 0.000205418835028216 -3.76344071199999E-06 2.30301712199999E-06 
107 117.788297679 34.4364287697 2.51371449706 0.000205367237106 -3.27810170798E-06 3.10421984868E-08 0.000205393400553616 -3.748039513E-06 2.26688888299998E-06 
108 117.808832991 34.4361007138 2.51371764314 0.000205337780561 -3.27462096882E-06 3.16344984067E-08 0.000205363892320311 -3.73431812900001E-06 2.23245337800001E-06 
109 117.829366159 34.4357731827 2.51372085484 0.000205317419823 -3.27858978075E-06 3.23970154362E-08 0.000205343597619432 -3.73331648799999E-06 2.18304782400003E-06 
110 117.84989759 34.4354462033 2.5137241481 0.000205311759804 -3.26716675004E-06 3.32665361658E-08 0.000205337756389443 -3.73510741900001E-06 2.14152458399998E-06 
111 117.870427355 34.4351196621 2.51372749892 0.000205288818449 -3.26391161663E-06 3.32540702E-08 0.000205314766164202 -3.730518419E-06 2.09433701500001E-06 
112 117.890955499 34.434793819 2.51373083337 0.000205268971493 -3.24771080998E-06 3.36287834568E-08 0.00020529466484591 -3.790206824E-06 2.07124020900002E-06 
113 117.911482291 34.4344689288 2.51373407967 0.000205258355319 -3.24886017055E-06 3.17013849249E-08 0.000205284067880697 -3.756062018E-06 2.04249945100001E-06 
114 117.932007998 34.4341451043 2.51373719405 0.00020524916882 -3.23562522111E-06 3.08687015129E-08 0.000205274673364127 -3.779056903E-06 2.02178204400001E-06 
115 117.952532721 34.4338222609 2.513740287 0.000205240241348 -3.22709931916E-06 3.12829332488E-08 0.000205265612846436 -3.72606951700002E-06 1.99599384799999E-06 
116 117.973056722 34.43350002 2.51374346375 0.000205232233535 -3.22265106186E-06 3.21837562818E-08 0.000205257536274373 -3.65837519299998E-06 1.966822985E-06 
117 117.993579892 34.4331785194 2.51374674595 0.000205225772063 -3.20493559441E-06 3.39085664878E-08 0.000205250798490066 -3.70068152799998E-06 2.03228063699998E-06 
118 118.014102207 34.4328577214 2.51375014106 0.000205215033062 -3.21008555894E-06 3.4320072679E-08 0.000205240141351055 -3.73495845800001E-06 2.208684307E-06 
119 118.034623268 34.4325373839 2.51375359388 0.000205207418434 -3.2049170665E-06 3.45056897234E-08 0.000205232446909334 -3.729653373E-06 2.305248525E-06 
120 118.055142992 34.4322175099 2.51375705684 0.000205192682096 -3.20151380489E-06 3.47407560812E-08 0.00020521765928719 -3.736963427E-06 2.24657684499998E-06 
121 118.075661498 34.4318981195 2.51376055682 0.000205179536303 -3.18848058463E-06 3.51707520761E-08 0.000205204312242541 -3.47469678500001E-06 2.11854431E-06 
122 118.096178701 34.4315790303 2.51376404394 0.00020516032621 -3.19453582204E-06 3.42480773654E-08 0.000205185198497949 -3.56526806800001E-06 2.05224486099999E-06 
123 118.116694829 34.431260087 2.51376745557 0.000205153389082 -3.18775441858E-06 3.34220370338E-08 0.000205178156603222 -3.67572982899999E-06 2.02405544499998E-06 
124 118.137209756 34.4309412571 2.51377072445 0.000205145148664 -3.18779356754E-06 3.18434822705E-08 0.000205169917537175 -3.587174871E-06 2.00870209299999E-06 
125 118.157723353 34.4306224383 2.51377384095 0.000205123468515 -3.1967229195E-06 3.03258827666E-08 0.000205148378723078 -3.71705032599999E-06 1.99838764600001E-06 
126 118.178235472 34.4303038734 2.51377688734 0.000205114556669 -3.18060018274E-06 3.05934166937E-08 0.00020513921738907 -3.61537683599998E-06 1.99327948099999E-06 
127 118.19874638 34.4299858369 2.51378004089 0.00020510285066 -3.17064574348E-06 3.28204261044E-08 0.000205127359024751 -3.38946352800002E-06 1.98450306299999E-06 
128 118.219256343 34.4296684961 2.51378335441 0.000205090614157 -3.17563417461E-06 3.38101203594E-08 0.000205115201315823 -3.71861085E-06 1.99112496499998E-06 
129 118.239766024 34.4293516529 2.51378679646 0.000205088679271 -3.16321330204E-06 3.4663371098E-08 0.000205113074875949 -3.80641737700001E-06 2.00590917199999E-06 
130 118.260274171 34.4290358673 2.51379026002 0.000205091476369 -3.16107602599E-06 3.44029742698E-08 0.000205115838648367 -3.70053164700001E-06 2.00825637299999E-06 
131 118.280783684 34.4287202063 2.51379372813 0.000205091376679 -3.16041460877E-06 3.48974723118E-08 0.000205115728861588 -3.849389083E-06 1.998173502E-06 
132 118.301293297 34.4284051004 2.51379726837 0.000205090252946 -3.14856306547E-06 3.60000347159E-08 0.000205114423185777 -3.54733611099999E-06 1.98298429399999E-06 
133 118.321802885 34.4280905994 2.51380089212 0.000205096088338 -3.1358605762E-06 3.64581303566E-08 0.000205120063383125 -3.89072136699998E-06 1.98328291499999E-06 
134 118.342312662 34.4277767685 2.51380457449 0.000205100068004 -3.13548191916E-06 3.66688146856E-08 0.000205124036833114 -3.944580675E-06 1.966886765E-06 
135 118.362822759 34.4274637755 2.5138082442 0.000205098276787 -3.13363317915E-06 3.6346744173E-08 0.000205122217516738 -3.652638224E-06 1.947559321E-06 
136 118.383333247 34.4271516175 2.51381182932 0.000205103705997 -3.12341771276E-06 3.49152862975E-08 0.000205127490042143 -3.80771954E-06 1.93135284200002E-06 
137 118.403843789 34.4268398871 2.51381524104 0.000205107235441 -3.11669005926E-06 3.31532192256E-08 0.000205130916456567 -3.52066301699999E-06 1.91324962700001E-06 
138 118.424354471 34.4265284931 2.51381855098 0.000205108652433 -3.11550244258E-06 3.30887631474E-08 0.000205132315233893 -3.97174394200001E-06 1.88220139800001E-06 
139 118.44486531 34.4262176189 2.51382190136 0.000205117830238 -3.09151466758E-06 3.41045534619E-08 0.000205141129244248 -3.971374554E-06 1.85035120599998E-06 
140 118.465376392 34.4259073026 2.51382540764 0.000205108741111 -3.10437231913E-06 3.5883167548E-08 0.000205132235631645 -4.10893717799998E-06 1.819357916E-06 
141 118.485887927 34.4255974397 2.51382906512 0.000205118202706 -3.09522082759E-06 3.70655914656E-08 0.000205141558069469 -4.16303627600001E-06 1.79721377599999E-06 
142 118.506399967 34.4252881742 2.51383282843 0.000205117972093 -3.08435974191E-06 3.85131056606E-08 0.000205141164162197 -3.86252188500002E-06 1.775611096E-06 
143 118.526912455 34.4249793437 2.5138367113 0.000205131203042 -3.08361190425E-06 3.92553730437E-08 0.000205154382514287 -4.25663331500001E-06 1.760164998E-06 
144 118.547424996 34.424671023 2.51384064691 0.000205126404326 -3.06835307181E-06 3.99489735483E-08 0.000205149355685577 -4.026819483E-06 1.72686699700001E-06 
145 118.567936885 34.4243634649 2.51384458886 0.000205111901319 -3.07630566269E-06 3.94453327138E-08 0.000205134973310647 -4.21463463E-06 1.70585152E-06 
146 118.588448107 34.4240569371 2.51384856424 0.000205107014585 -3.07003378599E-06 3.98221139664E-08 0.000205129993236531 -4.199341516E-06 1.69294663300001E-06 
147 118.608958852 34.4237513899 2.51385255133 0.000205111684104 -3.03641819698E-06 4.0163931755E-08 0.000205134161963792 -3.966335093E-06 1.67370192400001E-06 
148 118.629469142 34.4234469055 2.51385647388 0.000205102711715 -3.03500056897E-06 3.86322075768E-08 0.000205125169283897 -4.03167269599999E-06 1.64128762600001E-06 
149 118.649978973 34.4231434133 2.51386025594 0.000205097408905 -3.02005943787E-06 3.69323209775E-08 0.000205119646213008 -3.93793415100002E-06 1.60410498E-06 
150 118.670488094 34.4228407876 2.51386384045 0.000205087717055 -3.01720244294E-06 3.47444637932E-08 0.0002051099129847 -3.656691481E-06 1.545103949E-06 
151 118.690995701 34.4225388711 2.51386726448 0.000205063240533 -3.01844461042E-06 3.42198005095E-08 0.000205085457301965 -3.88159621900002E-06 1.46327486300001E-06 
152 118.711500958 34.4222378135 2.51387070169 0.000205042307355 -3.00460770756E-06 3.44923052395E-08 0.000205064323232145 -3.660362016E-06 1.40870056800001E-06 
153 118.732003878 34.4219375808 2.51387407556 0.000205012894676 -2.99310052671E-06 3.33433663019E-08 0.000205034745216453 -3.80904565100001E-06 1.37589009199999E-06 
154 118.752503865 34.4216380176 2.51387738663 0.000204983150325 -2.98099847212E-06 3.27849255126E-08 0.000205004827611214 -3.732589725E-06 1.34538629700001E-06 
155 118.773001013 34.4213390644 2.51388059254 0.000204956789215 -2.99359780173E-06 3.14248482063E-08 0.000204978652694961 -3.81936895799999E-06 1.30996491299999E-06 
156 118.793495566 34.4210407016 2.51388372128 0.000204933088762 -2.97527427659E-06 3.1973733357E-08 0.000204954688038294 -3.72267858899999E-06 1.27883891999999E-06 
157 118.813987932 34.4207428684 2.51388689293 0.000204914893497 -2.96326410135E-06 3.22720532643E-08 0.000204936320725504 -3.644759504E-06 1.248143436E-06 
158 118.83447851 34.420445587 2.51389011469 0.000204898730334 -2.97600261408E-06 3.26621436635E-08 0.000204920343916508 -3.74000713899999E-06 1.21277029499999E-06 
159 118.854967615 34.4201487216 2.51389339617 0.000204885384996 -2.9651920703E-06 3.27003779884E-08 0.000204906843268563 -3.73840498399999E-06 1.17534723299999E-06 
160 118.875455145 34.4198523787 2.51389666671 0.00020486714333 -2.95900499758E-06 3.25049076185E-08 0.000204888514034681 -3.70281594199999E-06 1.13724549E-06 
161 118.895941395 34.4195567389 2.51389991568 0.000204858467133 -2.95283210839E-06 3.21397953181E-08 0.00020487974962526 -3.71865781399999E-06 1.12788148800002E-06 
162 118.916426647 34.4192620491 2.51390308844 0.000204848358697 -2.94036727082E-06 3.11574931546E-08 0.000204869462808227 -3.718605087E-06 1.10961678899998E-06 
163 118.936911022 34.4189684468 2.51390619353 0.00020483849404 -2.93441837703E-06 3.09925353316E-08 0.000204859513843814 -3.729770501E-06 1.095059652E-06 
164 118.957394726 34.4186756447 2.51390928918 0.000204830323293 -2.93027108966E-06 3.09804392265E-08 0.000204851284567028 -3.70876154200001E-06 1.073979129E-06 
165 118.977877809 34.418383519 2.51391244194 0.000204828077151 -2.92049990464E-06 3.20763654241E-08 0.000204848899284234 -3.722778054E-06 1.05565351199999E-06 
166 118.998360296 34.4180921601 2.51391570348 0.000204819379177 -2.90784049289E-06 3.31366126291E-08 0.000204840022263275 -3.581832448E-06 1.11695889900001E-06 
167 119.018843537 34.4178009688 2.51391905498 0.000204809275577 -2.90539642039E-06 3.37759040868E-08 0.000204829885103583 -3.68297516300002E-06 1.291665604E-06 
168 119.039324081 34.4175106613 2.51392244778 0.000204802378716 -2.90211192066E-06 3.37861014112E-08 0.000204822942374219 -3.63715018100001E-06 1.387136866E-06 
169 119.059803914 34.4172206257 2.51392582569 0.000204792423587 -2.90356474788E-06 3.36316469165E-08 0.000204813008810403 -3.63431911300002E-06 1.43543719200001E-06 
170 119.080282983 34.4169309698 2.51392919896 0.000204784738074 -2.89787251886E-06 3.34078710692E-08 0.000204805243412512 -3.58953297899999E-06 1.27941651500001E-06 
171 119.10076144 34.4166414923 2.51393251311 0.000204781013215 -2.89923553698E-06 3.26257862699E-08 0.000204801538091155 -3.58473548200001E-06 1.20194860300001E-06 
172 119.121239354 34.4163522553 2.5139357162 0.000204774145979 -2.89369231285E-06 3.135445012E-08 0.000204794592945546 -3.60191355099998E-06 1.16701222699998E-06 
173 119.141716476 34.4160630061 2.51393878835 0.000204766329296 -2.89469812763E-06 2.99203644857E-08 0.000204786791043359 -3.60172321199999E-06 1.14991152600001E-06 
174 119.162192607 34.4157737076 2.51394172493 0.000204760255982 -2.88764632227E-06 2.89555323463E-08 0.000204780618637408 -3.45877752799999E-06 1.14479630299998E-06 
175 119.182667697 34.4154846356 2.51394460995 0.000204743116373 -2.89604099203E-06 2.90976748965E-08 0.000204763599309619 -3.660668317E-06 1.13837970599999E-06 
176 119.203142075 34.4151960877 2.51394759726 0.000204739682366 -2.88404301188E-06 3.05538667257E-08 0.000204759996515344 -3.594527826E-06 1.136813885E-06 
177 119.223615962 34.4149082015 2.51395073182 0.000204739031509 -2.86817105457E-06 3.26787242164E-08 0.000204759123108936 -3.365180486E-06 1.14810111999998E-06 
178 119.244090982 34.4146205394 2.51395398612 0.000204760329969 -2.88429325599E-06 3.29276006E-08 0.000204780645962521 -3.686805419E-06 1.16582260700001E-06 
179 119.264564392 34.4143342237 2.51395728333 0.000204739923401 -2.8591761957E-06 3.29342473352E-08 0.000204759889156617 -3.62687517799999E-06 1.17843036099999E-06 
180 119.285038472 34.4140481492 2.51396057834 0.000204751798447 -2.86169837585E-06 3.2931898635E-08 0.000204771798276484 -3.86823362300001E-06 1.17852468299999E-06 
181 119.305513167 34.4137625187 2.51396391613 0.000204752122266 -2.84468782179E-06 3.40322083118E-08 0.000204771885227015 -3.67337096400001E-06 1.16589456199999E-06 
182 119.325988196 34.4134775333 2.51396734085 0.000204750919842 -2.84754509021E-06 3.42560925396E-08 0.000204770722669687 -3.90596507E-06 1.168704755E-06 
183 119.34646377 34.413193288 2.51397073848 0.000204756158214 -2.84171511469E-06 3.36683685767E-08 0.000204775879450947 -3.91609613699999E-06 1.15909938E-06 
184 119.366939953 34.4129099072 2.51397407894 0.00020476866415 -2.82919412453E-06 3.29493506515E-08 0.000204788210702739 -3.77081803700001E-06 1.145766027E-06 
185 119.387416592 34.4126271292 2.51397728854 0.000204763488688 -2.82865369956E-06 3.09424804375E-08 0.000204783027956102 -3.71504609799998E-06 1.12676779000001E-06 
186 119.407893462 34.4123446904 2.51398028654 0.000204768457769 -2.82744689291E-06 2.92123520805E-08 0.000204787979643309 -3.76299136399999E-06 1.112503735E-06 
187 119.428370735 34.4120625862 2.5139832069 0.000204780705543 -2.81434318588E-06 2.91593783837E-08 0.000204800045753233 -3.75935401799999E-06 1.089949483E-06 
188 119.44884837 34.4117809577 2.51398615999 0.000204780891914 -2.81533478889E-06 2.99378269253E-08 0.000204800245847851 -3.986573557E-06 1.05849697100001E-06 
189 119.469326493 34.4114998694 2.51398925037 0.000204784415787 -2.80972870749E-06 3.17822951225E-08 0.000204803692678494 -4.04102708199998E-06 1.032507706E-06 
190 119.489806684 34.4112190161 2.51399249464 0.000204786721373 -2.80557428265E-06 3.2853119237E-08 0.000204805941264129 -4.19746367599999E-06 1.01363578099999E-06 
191 119.510285789 34.4109392014 2.51399583763 0.000204795334107 -2.79452119584E-06 3.41610559911E-08 0.000204814402295565 -4.222958912E-06 1.00270113099999E-06 
192 119.530765589 34.4106597918 2.51399931653 0.000204804650521 -2.78427178444E-06 3.57676354992E-08 0.000204823578534607 -3.91885920800002E-06 9.87981280000001E-07 
193 119.551245524 34.4103809876 2.5140028505 0.000204795827263 -2.78756381377E-06 3.51918121798E-08 0.000204814800770882 -4.20548238299999E-06 9.65091023999985E-07 
194 119.57172512 34.4101028672 2.51400635066 0.000204798728578 -2.7669835959E-06 3.49317336617E-08 0.000204817422710109 -4.042445179E-06 9.55719382999995E-07 
195 119.592204453 34.4098257696 2.51400988063 0.000204793913666 -2.77158524859E-06 3.53687203789E-08 0.000204812670531815 -4.13389144399999E-06 9.45435921999993E-07 
196 119.61268345 34.4095496181 2.51401339902 0.0002047862616 -2.76036515041E-06 3.47832737931E-08 0.000204804867534303 -4.112934031E-06 9.34094437999997E-07 
197 119.633162141 34.4092744634 2.51401684719 0.000204784055489 -2.74825050061E-06 3.39729274914E-08 0.000204802498562629 -4.01842323400001E-06 9.08921337999992E-07 
198 119.653640626 34.4090002761 2.51402015675 0.000204785880281 -2.7255836686E-06 3.23329419652E-08 0.000204804020014788 -3.72099894100001E-06 8.75720657000012E-07 
199 119.67411878 34.4087267767 2.51402327395 0.000204779166289 -2.73246907579E-06 3.00367796258E-08 0.000204797398019301 -3.84294705099998E-06 8.19808997999986E-07 
200 119.694596845 34.4084535912 2.51402627572 0.000204747523455 -2.71894456557E-06 3.00907247279E-08 0.000204765577981159 -3.83285134600002E-06 7.48755424000006E-07 
201 119.715070852 34.4081819506 2.51402925764 0.000204730792611 -2.71362869581E-06 2.9386547138E-08 0.000204748777987553 -3.80080727199999E-06 7.03990485000018E-07 
202 119.735543035 34.4079108943 2.51403218235 0.000204711182357 -2.69922069859E-06 2.89396586592E-08 0.000204728978925516 -3.699471316E-06 6.80278139000005E-07 
203 119.756012712 34.4076405056 2.51403505946 0.000204684898765 -2.70186512087E-06 2.82616350024E-08 0.000204702732410414 -3.71068067700001E-06 6.53054144999989E-07 
204 119.776479996 34.4073707062 2.5140378251 0.00020465852387 -2.69359988491E-06 2.71377743549E-08 0.000204676250721587 -3.66454209399999E-06 6.29748426000004E-07 
205 119.796945083 34.4071014316 2.51404055955 0.000204639692768 -2.69208265001E-06 2.74269953468E-08 0.000204657401325767 -3.71335685399999E-06 5.99038139000014E-07 
206 119.817408345 34.4068327458 2.51404332754 0.000204621338605 -2.68730545144E-06 2.78879706172E-08 0.000204638986023754 -3.733410334E-06 5.73224100999987E-07 
207 119.837870092 34.4065645455 2.51404615122 0.000204610576182 -2.6825942118E-06 2.82561720399E-08 0.000204628162762721 -3.63869757900002E-06 5.43200738999978E-07 
208 119.858330372 34.4062967988 2.51404897484 0.00020459635776 -2.67599005789E-06 2.80613000539E-08 0.000204613859058678 -3.62658982100002E-06 5.07732859000008E-07 
209 119.878789335 34.4060296079 2.51405178342 0.000204583173952 -2.66731594154E-06 2.80100342228E-08 0.000204600563105697 -3.52520631100001E-06 4.78920405000009E-07 
210 119.899248888 34.405762782 2.51405458461 0.000204573617949 -2.64285295743E-06 2.81264008931E-08 0.000204590690461693 -3.464396186E-06 4.69009745999999E-07 
211 119.91970575 34.4054976286 2.51405735379 0.000204566258241 -2.64652670924E-06 2.76495043085E-08 0.000204583378794176 -3.58269993299998E-06 4.61082386000008E-07 
212 119.9401623 34.4052332389 2.51406011258 0.000204563435315 -2.64285701316E-06 2.7537897208E-08 0.000204580508649778 -3.61286445E-06 4.51694323999987E-07 
213 119.960618437 34.4049695484 2.5140628723 0.000204560518127 -2.63686117811E-06 2.77721375127E-08 0.000204577514366929 -3.55937618800001E-06 4.3895906700001E-07 
214 119.981074032 34.4047065513 2.51406569229 0.000204550934572 -2.63076265484E-06 2.87324455168E-08 0.000204567853222294 -3.580546566E-06 4.21419923000006E-07 
215 120.001529041 34.4044441715 2.51406863626 0.000204548893214 -2.61412603528E-06 2.98605300378E-08 0.000204565598920376 -3.412201511E-06 4.67270132000001E-07 
216 120.021983325 34.4041822831 2.51407166616 0.000204537558578 -2.61419607987E-06 3.04834960499E-08 0.000204554266197106 -3.48999019899999E-06 6.43273901999999E-07 
217 120.0424368 34.4039208201 2.51407473505 0.000204529760776 -2.61354118502E-06 3.07132196465E-08 0.000204546460697602 -3.49152919200001E-06 7.43357045E-07 
218 120.062889526 34.4036598148 2.51407779434 0.000204527607194 -2.60692107241E-06 3.02841338321E-08 0.000204544222746842 -3.32899016699999E-06 8.03895114999983E-07 
219 120.083341571 34.4033991386 2.51408079869 0.000204515347317 -2.60587605006E-06 2.95804044397E-08 0.000204531950445845 -3.384717318E-06 6.91093161000003E-07 
220 120.10379474 34.4031381633 2.51408370587 0.000204512378868 -2.60204141798E-06 2.85520997778E-08 0.000204528933271094 -3.39707031199999E-06 5.99806988999983E-07 
221 120.124245493 34.4028781773 2.5140865177 0.000204507028284 -2.60462300107E-06 2.76057523064E-08 0.00020452361585061 -3.36064805700001E-06 5.56867474999981E-07 
222 120.144695771 34.4026178252 2.51408922377 0.000204500659156 -2.60384050006E-06 2.64343942509E-08 0.000204517237120409 -3.372853686E-06 5.40168754000023E-07 
223 120.165145271 34.4023572973 2.51409184103 0.000204496200415 -2.59852020175E-06 2.59016072962E-08 0.000204512711004241 -3.152318453E-06 5.37892111000007E-07 
224 120.185593772 34.4020968759 2.5140944189 0.0002044690244 -2.60098099781E-06 2.61185005779E-08 0.000204485568496691 -3.44141546700002E-06 5.3277091600001E-07 
225 120.206041756 34.4018366426 2.51409710582 0.000204476308729 -2.59845025298E-06 2.754540648E-08 0.000204492820250257 -3.429638338E-06 5.33537769000002E-07 
226 120.226489455 34.4015769213 2.51409993965 0.000204480483518 -2.58588145975E-06 2.94565689401E-08 0.00020449683564879 -3.067215625E-06 5.47949324000019E-07 
227 120.246936916 34.4013175818 2.51410287769 0.000204472360504 -2.5951928852E-06 2.9887331309E-08 0.00020448883130734 -3.47932817799999E-06 5.64996773999999E-07 
228 120.267384508 34.4010585711 2.51410590374 0.000204462962586 -2.58816047781E-06 3.03142831145E-08 0.000204479345076853 -3.56983035900002E-06 5.8190998099999E-07 
229 120.287832769 34.4007994828 2.51410894414 0.000204484661651 -2.59288554328E-06 3.04481076391E-08 0.000204501102278329 -3.649129708E-06 5.88702334999988E-07 
230 120.30828159 34.4005408027 2.51411203851 0.000204486828605 -2.58586378895E-06 3.1366751684E-08 0.000204503180289058 -3.68548665999999E-06 5.82144615000017E-07 
231 120.328732305 34.4002822699 2.51411518938 0.000204486810251 -2.57331705758E-06 3.1100790412E-08 0.000204503003632139 -3.70135904800001E-06 5.85029055999979E-07 
232 120.349181014 34.4000251124 2.51411826746 0.00020449513393 -2.57265491824E-06 3.03869410876E-08 0.000204511318214282 -3.63018791899999E-06 5.80660535000013E-07 
233 120.369630933 34.3997682008 2.5141212627 0.000204503092252 -2.56994375851E-06 2.9267475795E-08 0.000204519241657447 -3.572502059E-06 5.65959055E-07 
234 120.390081506 34.3995117584 2.51412410037 0.000204510145729 -2.56146849733E-06 2.72757597376E-08 0.000204526187983169 -3.473403535E-06 5.56067030999999E-07 
235 120.410532204 34.3992555817 2.5141267207 0.000204510073498 -2.56092731655E-06 2.54838785214E-08 0.000204526108749729 -3.55350204600001E-06 5.42335429999988E-07 
236 120.430983721 34.3989997861 2.51412926564 0.000204518173103 -2.55389327936E-06 2.55001202917E-08 0.000204534119771072 -3.64465095299999E-06 5.20806692000012E-07 
237 120.451435631 34.3987446332 2.51413183764 0.000204520887877 -2.54851358553E-06 2.60402124404E-08 0.000204536767300123 -3.762631652E-06 4.91276808000003E-07 
238 120.471887995 34.3984900296 2.51413453485 0.000204527469277 -2.54712636953E-06 2.79320821435E-08 0.000204543331159434 -3.90511635000001E-06 4.73076855999992E-07 
239 120.492341407 34.398235988 2.51413739946 0.000204537453614 -2.5345332265E-06 2.90927132029E-08 0.000204553158459999 -3.97918006799999E-06 4.60170467999992E-07 
240 120.512795639 34.39798268 2.51414037277 0.000204544699864 -2.53332718313E-06 3.03741849048E-08 0.000204560389400445 -4.071485556E-06 4.51406596999992E-07 
241 120.533251392 34.3977297668 2.51414348949 0.000204538259053 -2.51845091259E-06 3.1665962993E-08 0.00020455376558295 -4.04231672E-06 4.38763721E-07 
242 120.55370556 34.3974782093 2.51414665106 0.000204544154506 -2.51241993487E-06 3.13579352346E-08 0.000204559586379675 -4.025422887E-06 4.26241917999995E-07 
243 120.574160007 34.3972274772 2.51414976759 0.000204543335626 -2.50423284361E-06 3.09876193935E-08 0.000204558667113809 -3.981047464E-06 4.16712103999998E-07 
244 120.5946139 34.3969778494 2.51415289643 0.000204538195109 -2.49093706912E-06 3.13631418007E-08 0.000204553364698741 -3.92685350199999E-06 4.14018663999992E-07 
245 120.615067619 34.3967292528 2.51415600808 0.000204535644569 -2.47919604695E-06 3.0792513756E-08 0.000204550671620688 -3.891657122E-06 4.10898056999999E-07 
246 120.635521379 34.3964817187 2.5141590461 0.000204538708418 -2.4691802413E-06 2.99473364114E-08 0.0002045536139725 -3.791847171E-06 3.92584087000004E-07 
247 120.655974538 34.396235272 2.51416196193 0.000204533547519 -2.46363420782E-06 2.8376819333E-08 0.00020454838635262 -3.70009260299998E-06 3.61158617000006E-07 
248 120.676427567 34.3959895658 2.51416470896 0.00020452640484 -2.45409739492E-06 2.66618524973E-08 0.000204541129315484 -3.64082984499999E-06 3.10214411999984E-07 
249 120.696878324 34.3957449571 2.51416736055 0.00020449712726 -2.44716756753E-06 2.63184554982E-08 0.000204511770759918 -3.61006259299998E-06 2.49490295000011E-07 
250 120.717327656 34.3955010661 2.51416997438 0.000204487739519 -2.43669046808E-06 2.59511658077E-08 0.00020450225853885 -3.58564592200001E-06 2.10898294999989E-07 
251 120.73777659 34.3952578002 2.51417255616 0.000204542934464 -2.45839681373E-06 2.5710406239E-08 0.000204557709253557 -3.54369757E-06 1.99952254999994E-07 
252 120.758220694 34.3950160719 2.5141751051 0.000204423580932 -2.41830180371E-06 2.5089415636E-08 0.00020443788605382 -3.531780566E-06 1.6404447000001E-07 
253 120.778662533 34.3947747903 2.51417755419 0.000204411630046 -2.41277570105E-06 2.43772275261E-08 0.000204425870620368 -3.507455564E-06 1.43941371999993E-07 
254 120.799102668 34.3945341036 2.51418000571 0.000204390927692 -2.40682358346E-06 2.45790601874E-08 0.000204405099561358 -3.47988931999999E-06 1.19247812000009E-07 
255 120.819540042 34.3942938335 2.51418249406 0.000204368874949 -2.40323829665E-06 2.52188002748E-08 0.000204383006236376 -3.44263102799999E-06 9.39741860000174E-08 
256 120.839975898 34.3940538911 2.51418501501 0.000204353892919 -2.39876570713E-06 2.51912985533E-08 0.000204367972693055 -3.41617096899998E-06 6.73654989999872E-08 
257 120.860410205 34.3938144619 2.51418753928 0.000204322861308 -2.38921131649E-06 2.51410320524E-08 0.000204336831275897 -3.39794622600001E-06 3.30324390000042E-08 
258 120.880843596 34.3935753668 2.51419006262 0.000204327016039 -2.38337510601E-06 2.53680775932E-08 0.000204340917595662 -3.39253571499999E-06 1.03458110000017E-08 
259 120.901275088 34.3933372441 2.51419260913 0.000204311475871 -2.37714832579E-06 2.54939879153E-08 0.000204325305962557 -3.402616734E-06 5.61129600000921E-09 
260 120.921705424 34.3931000988 2.51419517725 0.000204301733261 -2.37219292736E-06 2.59142002845E-08 0.000204315506470457 -3.39075155899999E-06 -1.16153400000476E-09 
261 120.942135556 34.3928635796 2.51419777164 0.000204301437431 -2.36066658703E-06 2.59333689145E-08 0.000204315077161837 -3.33780483199999E-06 -8.3962570000221E-09 
262 120.962565416 34.3926279717 2.51420037758 0.000204297211026 -2.35035842109E-06 2.63107475536E-08 0.00020431073224372 -3.30465621699999E-06 -1.72069189999973E-08 
263 120.982995898 34.3923926835 2.51420305761 0.00020428114072 -2.34921536758E-06 2.74988191088E-08 0.000204294650010451 -3.30024719100001E-06 -3.25682130000238E-08 
264 121.00342394 34.3921581014 2.51420587121 0.000204281649015 -2.34775101411E-06 2.8639729457E-08 0.000204295141595061 -3.252845394E-06 -1.52144829999835E-08 
265 121.023850979 34.3919236949 2.51420876293 0.000204278825623 -2.34482094051E-06 2.90927382774E-08 0.000204292284801807 -3.221591764E-06 1.76526415000003E-07 
266 121.044278402 34.3916896083 2.51421167734 0.00020426446985 -2.34213767158E-06 2.90747008939E-08 0.00020427789918959 -3.20075798E-06 2.81538167999998E-07 
267 121.064704971 34.3914557947 2.51421456101 0.000204264934876 -2.33418012446E-06 2.85088845367E-08 0.000204278273023605 -3.13539866099999E-06 3.4639137099998E-07 
268 121.085130159 34.3912224039 2.51421732622 0.000204248302407 -2.34359914338E-06 2.67742409261E-08 0.00020426174925802 -3.10244107700001E-06 2.98058079999987E-07 
269 121.105555521 34.3909888423 2.51421993388 0.000204250289007 -2.3304660694E-06 2.55953605144E-08 0.000204263585317271 -3.05723171800001E-06 1.90450746999983E-07 
270 121.125980955 34.390755462 2.51422244712 0.000204256707621 -2.33373482615E-06 2.48121350042E-08 0.000204270040735423 -3.06471195800001E-06 1.4020269299998E-07 
271 121.146406212 34.3905223355 2.51422486927 0.000204220328785 -2.32328834858E-06 2.38539593615E-08 0.000204233545057651 -3.08939496900001E-06 1.16420652000005E-07 
272 121.166829943 34.3902891674 2.51422720804 0.000204240289414 -2.32814235084E-06 2.29414225302E-08 0.000204253559560241 -3.09892758299998E-06 1.19274738000013E-07 
273 121.187252856 34.390056474 2.51422948919 0.00020424026131 -2.32456523819E-06 2.39468543622E-08 0.000204253490831798 -3.10015549199999E-06 1.20858759999979E-07 
274 121.207678943 34.3898236781 2.5142319313 0.00020423857661 -2.31194847694E-06 2.49887964737E-08 0.000204251663165515 -3.112355179E-06 1.18382898999983E-07 
275 121.228100515 34.3895926023 2.51423448413 0.000204223092938 -2.31097479764E-06 2.5835138378E-08 0.000204236169571241 -3.12096061899999E-06 1.34700273999997E-07 
276 121.248523855 34.389361642 2.51423710643 0.00020424065397 -2.30351304399E-06 2.67999086208E-08 0.000204253645315505 -3.18020640900001E-06 1.57520982999992E-07 
277 121.268947736 34.389130971 2.51423980736 0.000204231790776 -2.30501242042E-06 2.72156507024E-08 0.000204244799656005 -3.29502344500001E-06 1.77355996999995E-07 
278 121.289370903 34.3889008807 2.5142425297 0.00020423705989 -2.3023150381E-06 2.73380638316E-08 0.000204250038027942 -3.34417058599998E-06 1.86391953999992E-07 
279 121.30979549 34.3886712341 2.51424529992 0.000204256286318 -2.29119380973E-06 2.79246919998E-08 0.000204269138269301 -3.35802922E-06 1.86270419999979E-07 
280 121.330220163 34.3884426751 2.5142480762 0.000204246354972 -2.28975268653E-06 2.74895954374E-08 0.000204259191329036 -3.40743922299999E-06 1.90895553000013E-07 
281 121.350645228 34.3882148822 2.51425077696 0.000204252159933 -2.27728190866E-06 2.65231867766E-08 0.000204264856384222 -3.35611019599999E-06 1.89347476999994E-07 
282 121.371071259 34.387987733 2.51425337441 0.000204263482224 -2.2670128096E-06 2.5220931377E-08 0.000204276063584182 -3.26355716900002E-06 1.77317544000014E-07 
283 121.391498227 34.3877613468 2.51425579927 0.000204260195895 -2.2591961685E-06 2.31466520552E-08 0.000204272690612718 -3.23512993899999E-06 1.68386303999981E-07 
284 121.411924443 34.3875353528 2.51425801871 0.0002042748887 -2.2585516874E-06 2.14995118308E-08 0.000204287375212838 -3.24688571200002E-06 1.59804955000018E-07 
285 121.432353892 34.3873093855 2.51426015588 0.000204297539571 -2.25313116939E-06 2.13768529984E-08 0.000204309964837256 -3.26467298999999E-06 1.41541648999982E-07 
286 121.452781867 34.387084996 2.51426231454 0.000204282318235 -2.23854574569E-06 2.19775888866E-08 0.000204294584151259 -3.46166397700002E-06 1.14322138999997E-07 
287 121.473210738 34.3868613455 2.51426461415 0.000204285673179 -2.23348851095E-06 2.40506166484E-08 0.000204297883776504 -3.624233946E-06 9.99589539999889E-08 
288 121.493638825 34.3866384849 2.51426712227 0.000204285242684 -2.23087646476E-06 2.58484754401E-08 0.000204297424987212 -3.72097934799999E-06 9.07531150000037E-08 
289 121.514068837 34.3864163587 2.51426979165 0.000204313515565 -2.21485231395E-06 2.76122324087E-08 0.000204325522086051 -3.79216739099998E-06 9.04946110000054E-08 
290 121.534499764 34.3861958058 2.51427266128 0.000204287418563 -2.19689293124E-06 2.95070579264E-08 0.000204299232970543 -3.80307653400001E-06 8.09821189999896E-08 
291 121.554930055 34.3859761356 2.51427562128 0.000204281610123 -2.18593218163E-06 2.95837276712E-08 0.000204293307303849 -3.74451627099999E-06 6.98311770000047E-08 
292 121.575358422 34.3857574812 2.51427859167 0.000204286805104 -2.18207550949E-06 2.99183840036E-08 0.000204298460807316 -3.68318555199999E-06 6.64385930000081E-08 
293 121.595787772 34.3855396054 2.51428160658 0.000204298336413 -2.1738253555E-06 3.04130221211E-08 0.000204309903584597 -3.676502945E-06 7.07736670000031E-08 
294 121.616216798 34.3853230542 2.51428463755 0.00020429991235 -2.16087640738E-06 3.01187593663E-08 0.000204311342025364 -3.646047664E-06 7.38354200000078E-08 
295 121.636645673 34.3851075381 2.51428762078 0.000204270279141 -2.1461452892E-06 2.94940258738E-08 0.000204281555089641 -3.526266131E-06 5.41491749999994E-08 
296 121.657073192 34.3848928316 2.51429052093 0.000204250308113 -2.13851966134E-06 2.83818450722E-08 0.000204261505027566 -3.45078302300001E-06 2.51189320000047E-08 
297 121.677500808 34.3846786015 2.51429328177 0.000204439223619 -2.17531879786E-06 2.70081689787E-08 0.000204450798226011 -3.25478433199999E-06 5.19908430000047E-08 
298 121.697926393 34.3844647262 2.51429596894 0.000204234081062 -2.14291204853E-06 2.70421394472E-08 0.000204245324721435 -3.40260531100001E-06 -6.73571030000003E-08 
299 121.718351494 34.3842516398 2.51429865211 0.00020421579904 -2.11893607932E-06 2.66486081272E-08 0.00020422679348656 -3.35730508299999E-06 -1.03800370000008E-07 
300 121.738773081 34.3840391885 2.51430130642 0.000204212086193 -2.12213557721E-06 2.64912180774E-08 0.000204223114040723 -3.34914004300002E-06 -1.20315525999987E-07 
301 121.759192647 34.3838275765 2.51430391636 0.000204149243777 -2.11097520196E-06 2.54208515009E-08 0.00020416015918206 -3.32859964600002E-06 -1.43995539000007E-07 
302 121.779608432 34.383616079 2.51430639334 0.000204160719689 -2.11002556086E-06 2.4565429313E-08 0.000204171624559482 -3.295898524E-06 -1.54850703E-07 
303 121.800024769 34.383405104 2.51430881483 0.000204160200907 -2.10678642497E-06 2.3822221959E-08 0.000204171072267658 -3.29286495099999E-06 -1.75104961999993E-07 
304 121.82043666 34.3831951267 2.51431117353 0.000204101967354 -2.10718725244E-06 2.32403037104E-08 0.000204112845886784 -3.27048644E-06 -2.04749135000005E-07 
305 121.840848435 34.3829839811 2.51431345237 0.000204112915847 -2.12028378572E-06 2.24538450894E-08 0.000204123929324985 -3.27424246700001E-06 -2.23996243000002E-07 
306 121.861260384 34.3827737508 2.51431567277 0.000204073623737 -2.08170675744E-06 2.1826832982E-08 0.000204084242127082 -3.23205143799998E-06 -2.57851431000012E-07 
307 121.881668043 34.3825653035 2.51431782839 0.000204085687913 -2.08309404099E-06 2.14673105876E-08 0.000204096319791787 -3.22781270400001E-06 -2.76369278000006E-07 
308 121.902076119 34.3823574754 2.51431996044 0.000204079072316 -2.06935770578E-06 2.11464402619E-08 0.000204089564764702 -3.20661604499999E-06 -2.75919842999994E-07 
309 121.922482436 34.3821508936 2.51432210343 0.000204052622972 -2.06451791179E-06 2.14393915185E-08 0.000204063067789369 -3.214560349E-06 -2.83923037000007E-07 
310 121.942890073 34.3819446052 2.5143242195 0.000204073927509 -2.05781393491E-06 2.09151706159E-08 0.000204084303474284 -3.19484803400002E-06 -2.85623619000015E-07 
311 121.963299508 34.3817394072 2.51432630583 0.000204038148377 -2.02773305121E-06 2.09815793511E-08 0.000204048225022097 -3.15789249099999E-06 -3.00000115000004E-07 
312 121.983703935 34.3815355662 2.51432844604 0.000204052148309 -2.03361338116E-06 2.21992163425E-08 0.000204062282908203 -3.12701308400001E-06 -3.04657343000008E-07 
313 122.004110727 34.3813320458 2.51433075371 0.00020404127288 -2.01870070993E-06 2.39624948053E-08 0.000204051260141289 -3.06900793700001E-06 -3.14680080000003E-07 
314 122.024513388 34.3811295834 2.51433319605 0.000204042315695 -2.03071974749E-06 2.48571966218E-08 0.000204052422271217 -3.02195388699998E-06 -1.21744542000001E-07 
315 122.044918631 34.3809270344 2.51433572458 0.000204045656835 -2.01398357136E-06 2.55306472481E-08 0.000204055597460266 -2.97676914500002E-06 -5.93653500002064E-09 
316 122.065322318 34.380725644 2.5143382859 0.00020399512085 -1.99863470807E-06 2.5406177246E-08 0.000204004912972154 -2.93683821399999E-06 5.49748410000068E-08 
317 122.085723123 34.3805245217 2.51434075696 0.000204035446829 -2.01037810797E-06 2.39839885332E-08 0.00020404535220896 -2.88521482900002E-06 2.81907199999943E-08 
318 122.106126564 34.3803237941 2.51434315716 0.00020401297559 -1.99678487776E-06 2.40255786875E-08 0.000204022748575159 -2.858011415E-06 -8.12412189999897E-08 
319 122.126526467 34.3801235249 2.51434552673 0.000204019740697 -2.01135817279E-06 2.34473943036E-08 0.000204029656436388 -2.85271999000001E-06 -1.27406969999984E-07 
320 122.146929986 34.3799231017 2.51434785033 0.000204019286601 -2.00201685391E-06 2.32337751112E-08 0.000204029110463367 -2.83808033600002E-06 -1.45061035999991E-07 
321 122.167329986 34.3797235694 2.51435016123 0.000203982507204 -1.99301955605E-06 2.28745885796E-08 0.00020399224469432 -2.84542262899998E-06 -1.50140851000002E-07 
322 122.187729461 34.3795240008 2.51435246213 0.000203988866088 -1.97962585777E-06 2.32976841839E-08 0.000203998472908958 -2.866986689E-06 -1.4004168200001E-07 
323 122.208129184 34.3793251989 2.5143548582 0.00020401315754 -1.98976921627E-06 2.46730465225E-08 0.000204022862051619 -2.88689662700001E-06 -1.38342816000011E-07 
324 122.228527311 34.3791275361 2.51435741551 0.000203946115736 -1.97594308967E-06 2.61010491074E-08 0.000203955689197826 -2.895960478E-06 -1.30766187000008E-07 
325 122.248928748 34.3789292715 2.51436008622 0.000204005617539 -1.97095773574E-06 2.74082371157E-08 0.0002040151401565 -2.98778388499999E-06 -1.02619667999998E-07 
326 122.26932786 34.3787326496 2.51436287238 0.000203988035346 -1.96374486936E-06 2.8111426533E-08 0.000203997489319073 -3.04050150299999E-06 -8.04576319999889E-08 
327 122.289727158 34.3785359146 2.51436570443 0.000204006877616 -1.96469170697E-06 2.86005990155E-08 0.000204016339899841 -3.10999509799999E-06 -6.64663089999947E-08 
328 122.310127324 34.3783398136 2.51436861261 0.000203984638784 -1.95124875933E-06 2.92811117399E-08 0.000203993973168188 -3.14503624200001E-06 -7.26104010000041E-08 
329 122.330526001 34.3781443255 2.51437154489 0.000203999487248 -1.9508849665E-06 2.92656664071E-08 0.000204008817471399 -3.14664431299999E-06 -6.28759460000064E-08 
330 122.35092507 34.3779499622 2.51437445063 0.000203940046714 -1.92188689883E-06 2.87686402298E-08 0.000203949104265243 -3.11392991E-06 -6.88795529999993E-08 
331 122.371325382 34.3777555796 2.51437727765 0.000204016873268 -1.94084563632E-06 2.7683861006E-08 0.000204026106727133 -3.09549704699999E-06 -6.84626820000129E-08 
332 122.391726144 34.3775619011 2.5143799668 0.000203996879236 -1.93294609049E-06 2.59645323234E-08 0.000204006038373311 -3.070398823E-06 -7.94797019999891E-08 
333 122.412126209 34.3773683646 2.51438249171 0.000204026830548 -1.93957474249E-06 2.45976377314E-08 0.000204036051075999 -3.102806576E-06 -8.29931119999884E-08 
334 122.432526725 34.3771753852 2.51438491242 0.000204011566318 -1.93516801433E-06 2.40236943751E-08 0.000204020745621384 -3.12469518000001E-06 -1.02970597999982E-07 
335 122.452930258 34.3769823432 2.51438732996 0.000204054558 -1.9222003011E-06 2.46536706119E-08 0.000204063612881808 -3.29104384300002E-06 -1.19024662000012E-07 
336 122.473332292 34.3767907519 2.51438985977 0.000204029285011 -1.92210807377E-06 2.60950807052E-08 0.000204038340324804 -3.49716038000001E-06 -1.35120128999993E-07 
337 122.493735826 34.3765993014 2.5143925558 0.000204043621622 -1.9135413168E-06 2.77268087373E-08 0.000204052595998603 -3.61502725699999E-06 -1.3923278700001E-07 
338 122.514141005 34.376408543 2.51439537821 0.000204044530473 -1.89993891423E-06 2.87387704595E-08 0.000204053377844479 -3.69418601400002E-06 -1.42769170000004E-07 
339 122.534544894 34.3762186727 2.51439819438 0.000204048963406 -1.9009958012E-06 2.81425372588E-08 0.000204057820345366 -3.756208039E-06 -1.42951214000022E-07 
340 122.554950951 34.3760294262 2.51440096383 0.000204047279133 -1.88909528848E-06 2.70194872053E-08 0.000204056025474971 -3.686652996E-06 -1.49962322000015E-07 
341 122.575356017 34.3758407079 2.51440362848 0.000204086850627 -1.88953983257E-06 2.640506742E-08 0.000204095599307907 -3.65842036300002E-06 -1.45194734999996E-07 
342 122.595764014 34.3756526988 2.51440623026 0.000204006209004 -1.86212219088E-06 2.57131572686E-08 0.000204014708960908 -3.618052889E-06 -1.56646637999999E-07 
343 122.616168401 34.3754656972 2.51440877211 0.000204066822378 -1.86485358069E-06 2.49295579662E-08 0.000204075344654406 -3.59624469699999E-06 -1.39407673999993E-07 
344 122.636573012 34.375279949 2.51441122019 0.000204011097185 -1.85369744947E-06 2.40318841054E-08 0.000204019520013143 -3.52404715E-06 -1.59581841000005E-07 
345 122.65697686 34.3750932718 2.51441356189 0.00020400037146 -1.84855789905E-06 2.29174724143E-08 0.000204008747967666 -3.49168916999998E-06 -1.83467681999988E-07 
346 122.677378038 34.3749072732 2.514415784 0.000204027785879 -1.86735942443E-06 2.14928758036E-08 0.000204036332313269 -3.44701160100001E-06 -2.1521113400001E-07 
347 122.697780777 34.3747215385 2.51441791731 0.000203988387943 -1.8447163564E-06 2.1223498815E-08 0.000203996729984714 -3.40739919400002E-06 -2.65771498999992E-07 
348 122.718181444 34.3745368533 2.51442006643 0.000204011380936 -1.83999847699E-06 2.16417520241E-08 0.000204019679477678 -3.390578631E-06 -2.90617822000007E-07 
349 122.738578477 34.3743534745 2.51442224105 0.000203948558719 -1.83447336697E-06 2.19268016381E-08 0.000203956810077222 -3.36354981800001E-06 -3.16799190999988E-07 
350 122.758973471 34.3741704522 2.5144244431 0.000203946837968 -1.8445374422E-06 2.31637773661E-08 0.000203955180302149 -3.40545038699999E-06 -3.26878686999989E-07 
351 122.779366614 34.3739875512 2.51442675398 0.000203913462775 -1.82936489365E-06 2.31470351681E-08 0.000203921669796495 -3.36038852900001E-06 -3.44158230999994E-07 
352 122.799757469 34.3738049871 2.51442908713 0.000203918519968 -1.82299206183E-06 2.34360486083E-08 0.000203926669749804 -3.33772398799999E-06 -3.62130006999992E-07 
353 122.820145616 34.3736234147 2.51443141862 0.000203878227507 -1.81832420579E-06 2.32266849583E-08 0.000203886337192545 -3.29611908499999E-06 -3.8730335800001E-07 
354 122.840533166 34.3734419054 2.51443373999 0.000203855153936 -1.80757092305E-06 2.33601550838E-08 0.000203863168926143 -3.29342212E-06 -4.12437499000009E-07 
355 122.860916625 34.3732612053 2.51443609751 0.000203776815153 -1.78996095615E-06 2.36799840859E-08 0.000203784677821631 -3.238962785E-06 -4.48457450000006E-07 
356 122.881301085 34.3730808197 2.51443847488 0.000203816565899 -1.78762014288E-06 2.40580519326E-08 0.0002038244065352 -3.25074813800001E-06 -4.63815253000008E-07 
357 122.901681041 34.3729020132 2.51444091142 0.000203801817458 -1.78387934208E-06 2.46655670556E-08 0.000203809625957856 -3.21404029499998E-06 -4.61336856999998E-07 
358 122.922061057 34.3727241019 2.51444343316 0.00020381917862 -1.77283188667E-06 2.57930333253E-08 0.000203826890207132 -3.207626589E-06 -4.60313063999995E-07 
359 122.942442005 34.3725475893 2.51444605141 0.000203761611136 -1.74536574676E-06 2.64842042827E-08 0.000203769087880722 -3.15992927400001E-06 -4.74859644999996E-07 
360 122.962820735 34.3723720702 2.51444872797 0.00020379888766 -1.75322254804E-06 2.71110819583E-08 0.000203806430555483 -3.15123985400001E-06 -4.73278222000011E-07 
361 122.983199778 34.3721975035 2.5144515187 0.00020376615598 -1.73582463785E-06 2.87338223959E-08 0.000203773551364429 -3.114960654E-06 -4.87245738000014E-07 
362 123.003578732 34.3720234705 2.51445446543 0.000203751264303 -1.72850439658E-06 3.01437073009E-08 0.000203758598201801 -3.057079338E-06 -4.96326057000007E-07 
363 123.023955916 34.3718496877 2.51445752569 0.000203760541206 -1.73739098678E-06 3.10091859862E-08 0.00020376795047694 -3.022401099E-06 -3.32603893000001E-07 
364 123.044334836 34.371675385 2.51446067089 0.000203793547511 -1.73019624964E-06 3.18075789157E-08 0.000203800894497307 -2.990548793E-06 -2.03006993999995E-07 
365 123.064710128 34.3715024376 2.51446381143 0.000203760592237 -1.74145097768E-06 3.03486932923E-08 0.000203768036063863 -3.02349345100001E-06 -1.3255521200001E-07 
366 123.085087328 34.3713279668 2.51446673714 0.000203806600378 -1.73976733499E-06 2.83646155753E-08 0.000203814027860128 -2.95882152600001E-06 -1.33248729999982E-07 
367 123.105464429 34.3711543589 2.51446951782 0.000203705149933 -1.71777996393E-06 2.74271547596E-08 0.000203712394393368 -2.88689468100001E-06 -2.6208233899999E-07 
368 123.125839203 34.3709800984 2.51447222796 0.000203757671503 -1.73586580791E-06 2.6868363027E-08 0.000203765067291566 -2.89435296599999E-06 -3.03163573999994E-07 
369 123.14621555 34.3708057612 2.51447492052 0.000203787267959 -1.74387161373E-06 2.72360294807E-08 0.000203794731070751 -2.88797742299999E-06 -3.16333269000004E-07 
370 123.166591552 34.3706317626 2.51447767467 0.000203761942394 -1.74040952726E-06 2.78177554753E-08 0.000203769376912543 -2.89548147400001E-06 -3.19209017999992E-07 
371 123.186965651 34.3704579955 2.51448048431 0.00020372621669 -1.73957402744E-06 2.84808007372E-08 0.000203733645468228 -2.894219022E-06 -3.18080457000023E-07 
372 123.207338671 34.3702842801 2.51448340641 0.000203755758581 -1.74419355534E-06 3.00499623874E-08 0.000203763225997915 -2.90116935800001E-06 -3.12629515000003E-07 
373 123.227711036 34.3701108272 2.51448649283 0.000203739309945 -1.74465520341E-06 3.14446565162E-08 0.000203746782127743 -2.959905269E-06 -2.96881978999978E-07 
374 123.248085834 34.3699369627 2.51448970571 0.000203760595274 -1.73244257903E-06 3.28941417445E-08 0.000203767962706921 -3.04334502100002E-06 -2.74594077E-07 
375 123.268460264 34.3697638084 2.51449306308 0.000203752358408 -1.74040353165E-06 3.39991558156E-08 0.00020375979416268 -3.128727852E-06 -2.52122701000006E-07 
376 123.288832574 34.3695907781 2.51449652929 0.000203727227819 -1.73877234142E-06 3.53707942323E-08 0.000203734650796479 -3.19522108599998E-06 -2.43338125999995E-07 
377 123.30920704 34.3694181867 2.51450014175 0.000203737064894 -1.72226228262E-06 3.62079575945E-08 0.000203744347430814 -3.183633663E-06 -2.41515946999995E-07 
378 123.32958267 34.369246054 2.5145037248 0.000203724284731 -1.70244427128E-06 3.55620941989E-08 0.000203731401041462 -3.13831996099999E-06 -2.38599579999995E-07 
379 123.349955772 34.3690746304 2.5145072317 0.000203752585752 -1.71282158898E-06 3.43122075602E-08 0.000203759787828093 -3.14042794099999E-06 -2.27127761000018E-07 
380 123.370331071 34.3689036506 2.51451056597 0.000203723229172 -1.70151445066E-06 3.24847237001E-08 0.00020373033723761 -3.158134444E-06 -2.41415114999991E-07 
381 123.390704945 34.368732482 2.51451370306 0.000203772860596 -1.72123850507E-06 3.01450844417E-08 0.000203780132216549 -3.18020430399999E-06 -2.40128033000012E-07 
382 123.41108171 34.3685611978 2.51451662921 0.000203778170977 -1.71245004005E-06 2.86877906279E-08 0.000203785368156942 -3.180165508E-06 -2.46320773999997E-07 
383 123.431456796 34.3683904716 2.51451946065 0.000203789779183 -1.72393944144E-06 2.81133985782E-08 0.000203797072739077 -3.196072979E-06 -2.60443749000003E-07 
384 123.451835112 34.3682194582 2.51452233237 0.000203748006801 -1.7059271614E-06 2.96792477637E-08 0.000203755150471634 -3.31355483100001E-06 -2.87075077000002E-07 
385 123.472212275 34.3680485313 2.51452539563 0.000203798454838 -1.70592267006E-06 3.16734494333E-08 0.000203805597002928 -3.504200596E-06 -2.88061889000009E-07 
386 123.492593116 34.3678778697 2.51452868704 0.000203815245754 -1.70982115049E-06 3.42333450601E-08 0.000203822420410641 -3.665475721E-06 -2.90733865999991E-07 
387 123.512971501 34.3677077844 2.51453224951 0.000203776944148 -1.69905726477E-06 3.68889820336E-08 0.000203784030587981 -3.73147129400001E-06 -2.96351862999998E-07 
388 123.533350429 34.3675376834 2.51453602345 0.000203821762692 -1.70274410286E-06 3.84413147736E-08 0.000203828878626382 -3.82287053800001E-06 -2.88413722999986E-07 
389 123.553730378 34.3673683439 2.51453990181 0.000203782817344 -1.68738790541E-06 3.88303340795E-08 0.000203789806983559 -3.78337078000001E-06 -2.96324605999983E-07 
390 123.574110318 34.3671991689 2.51454378263 0.000203789358866 -1.68917668333E-06 3.89085291241E-08 0.000203796363114646 -3.75908727E-06 -2.9581218500001E-07 
391 123.594490586 34.3670303467 2.51454773385 0.000203815943937 -1.68420975678E-06 4.12227059189E-08 0.000203822906624223 -3.71124077599999E-06 -2.85042955000005E-07 
392 123.614869212 34.3668627152 2.51455185989 0.000203798242103 -1.67685260371E-06 4.11237417112E-08 0.000203805144709572 -3.663600718E-06 -2.79461264999993E-07 
393 123.635248012 34.3666952421 2.51455596099 0.000203813949691 -1.67023096552E-06 4.07825418096E-08 0.000203820797327798 -3.58291456199999E-06 -2.82682443000001E-07 
394 123.655627885 34.3665281864 2.51456002346 0.000203819692704 -1.68426619029E-06 4.0477854155E-08 0.0002038266555802 -3.535653838E-06 -3.0323116100001E-07 
395 123.676008136 34.3663613931 2.51456398028 0.000203775378594 -1.66722587031E-06 3.8343377406E-08 0.000203782202445271 -3.44259108799998E-06 -3.40379806999992E-07 
396 123.696384788 34.3661950188 2.5145677226 0.000203735412996 -1.66223391579E-06 3.66976033933E-08 0.000203742197094651 -3.40010994899999E-06 -3.8468717700001E-07 
397 123.716758586 34.366029275 2.51457134181 0.000203742879688 -1.64941360219E-06 3.55842616248E-08 0.00020374955915297 -3.356052452E-06 -4.08039471999996E-07 
398 123.737130895 34.3658633779 2.51457508884 0.000203750896201 -1.67214865412E-06 3.86100941036E-08 0.00020375776126217 -3.356180883E-06 -4.22613372999992E-07 
399 123.757502845 34.3656979971 2.51457887202 0.000203677723308 -1.6470399985E-06 3.71224855396E-08 0.000203684385976849 -3.31446007299999E-06 -4.41480703000007E-07 
400 123.777873965 34.3655322433 2.51458255234 0.000203699856507 -1.63977608044E-06 3.64053333625E-08 0.000203706459720635 -3.29614326800002E-06 -4.46690217999999E-07 
401 123.798240865 34.3653676246 2.51458617013 0.000203660498204 -1.65110639376E-06 3.57879936692E-08 0.00020366719412268 -3.26356024100001E-06 -4.69560278000005E-07 
402 123.818606494 34.3652025101 2.51458966117 0.000203639543055 -1.65780263177E-06 3.40205918817E-08 0.00020364629376106 -3.219120068E-06 -4.90976540999991E-07 
403 123.838972458 34.3650371017 2.51459300118 0.000203634169592 -1.64555878371E-06 3.30164439364E-08 0.00020364082100409 -3.20004355300002E-06 -5.12276786000001E-07 
404 123.859335751 34.3648725048 2.5145963312 0.000203566338559 -1.63592335643E-06 3.31913911539E-08 0.000203572914556957 -3.18776641600001E-06 -5.45151486000002E-07 
405 123.879696615 34.3647072708 2.51459958452 0.000203669487072 -1.65556613732E-06 3.19011666241E-08 0.000203676218251152 -3.191148942E-06 -5.48650970999987E-07 
406 123.900057138 34.3645435217 2.51460275179 0.000203581458108 -1.64557666792E-06 3.15802027811E-08 0.000203588111158924 -3.18341241600001E-06 -5.57477418000005E-07 
407 123.920419038 34.3643795173 2.51460590576 0.00020358334252 -1.61453734927E-06 3.17567260968E-08 0.000203589747018256 -3.13629426100003E-06 -5.57181253999997E-07 
408 123.940777242 34.3642167848 2.5146090896 0.000203568804832 -1.62451767866E-06 3.17247165148E-08 0.000203575289180379 -3.12431423400001E-06 -5.63126066000007E-07 
409 123.961135455 34.3640540241 2.51461228069 0.000203580937152 -1.61369031836E-06 3.22933746756E-08 0.000203587335094775 -3.103913061E-06 -5.62882265000002E-07 
410 123.981493745 34.3638923477 2.51461555738 0.000203596764269 -1.60727595533E-06 3.32921882896E-08 0.000203603111138246 -3.00360483800001E-06 -5.68830761000003E-07 
411 124.001850527 34.3637309358 2.51461894847 0.000203589225194 -1.61884821117E-06 3.41676298573E-08 0.000203595664128809 -2.98809538800001E-06 -5.74801434000013E-07 
412 124.022207086 34.3635697273 2.51462238568 0.000203551320701 -1.61163022799E-06 3.41451455537E-08 0.000203557703556029 -2.92662898699998E-06 -4.58276890999984E-07 
413 124.042563167 34.363408104 2.51462574943 0.000203568115067 -1.6090960866E-06 3.35769278808E-08 0.000203574477254781 -2.86228126299999E-06 -3.16175787000016E-07 
414 124.062918589 34.3632465621 2.51462906241 0.000203573960993 -1.62568292563E-06 3.25538292635E-08 0.000203580454609734 -2.85876393700001E-06 -2.33950252999995E-07 
415 124.083274055 34.3630848888 2.51463227772 0.000203542156048 -1.62009431189E-06 3.1694957299E-08 0.000203548605985937 -2.788750383E-06 -2.16323079000008E-07 
416 124.103631163 34.3629230242 2.51463543178 0.000203535139655 -1.61703479354E-06 3.13887967919E-08 0.000203541565438513 -2.753816268E-06 -3.37057178000013E-07 
417 124.123986556 34.3627607782 2.51463855167 0.00020358166657 -1.62628138965E-06 3.09582637475E-08 0.000203588164471786 -2.75686484999999E-06 -3.8407285999999E-07 
418 124.144339423 34.3625990655 2.51464166798 0.000203463024129 -1.60504022157E-06 3.12766772499E-08 0.000203469357201672 -2.745128862E-06 -4.20429825E-07 
419 124.164689935 34.3624361937 2.51464480331 0.000203520981277 -1.62935591002E-06 3.1475583132E-08 0.000203527505785697 -2.76260871600001E-06 -4.0773432E-07 
420 124.185043749 34.3622730468 2.51464798139 0.000203519521007 -1.6327764548E-06 3.21930652099E-08 0.00020352607308712 -2.78078457100002E-06 -4.01917022E-07 
421 124.205396592 34.3621096576 2.51465145462 0.00020355194522 -1.63464105618E-06 4.11949033559E-08 0.000203558512843969 -2.77724475E-06 -3.96889762E-07 
422 124.225751985 34.3619458641 2.51465563401 0.000203579994048 -1.64628704418E-06 4.24108318834E-08 0.000203586654858058 -2.864746952E-06 -3.77259255999996E-07 
423 124.246104505 34.3617824448 2.51465996476 0.000203516145079 -1.63866590026E-06 4.42865223619E-08 0.000203522746873772 -2.92084624400001E-06 -3.67699125000003E-07 
424 124.266459061 34.3616177302 2.51466446763 0.000203559835363 -1.64804137369E-06 4.56223206393E-08 0.00020356651172228 -3.009811554E-06 -3.35727834000008E-07 
425 124.286816201 34.3614529624 2.51466911655 0.000203502289342 -1.63233804841E-06 4.75315582158E-08 0.000203508841464415 -3.086680896E-06 -3.32591411000003E-07 
426 124.307170381 34.3612879789 2.51467392873 0.000203605303111 -1.66743090306E-06 4.85484040096E-08 0.000203612136518642 -3.11627698699999E-06 -3.13919039000008E-07 
427 124.327526098 34.3611234301 2.51467883797 0.000203552725368 -1.65928936578E-06 4.94931780484E-08 0.000203559494240663 -3.05179979700001E-06 -3.18963030000003E-07 
428 124.347882364 34.3609585318 2.51468380894 0.000203582382277 -1.6535132706E-06 4.97434764168E-08 0.000203589103230325 -3.046665892E-06 -3.05192753999995E-07 
429 124.368238034 34.3607932776 2.51468874256 0.000203576868975 -1.6555555442E-06 4.88272889546E-08 0.000203583606486201 -3.085474918E-06 -3.11560410999986E-07 
430 124.38859523 34.3606278509 2.51469357866 0.000203587500175 -1.66289228968E-06 4.76969001544E-08 0.000203594296858402 -3.088197891E-06 -3.18285017000011E-07 
431 124.408954926 34.3604618184 2.51469826805 0.000203547528332 -1.65255644127E-06 4.61326172525E-08 0.000203554241815483 -3.088919314E-06 -3.30351545000025E-07 
432 124.429310723 34.3602957557 2.51470279079 0.000203557666049 -1.66620748502E-06 4.42957941199E-08 0.000203564490068422 -3.10596248799999E-06 -3.40525721999991E-07 
433 124.449668778 34.3601290425 2.51470809242 0.000203554649845 -1.65543585283E-06 5.91766515034E-08 0.000203561389863745 -3.18299203599999E-06 -3.59883207000009E-07 
434 124.470030801 34.3599616054 2.51471398867 0.000203626586705 -1.65919274708E-06 5.89080666631E-08 0.000203633354841149 -3.30870024099999E-06 -3.59151211999994E-07 
435 124.490389603 34.3597951221 2.51471990957 0.000203650500856 -1.6897092123E-06 5.92961583006E-08 0.000203657519213399 -3.47863221899998E-06 -3.57634929999998E-07 
436 124.510752986 34.3596281617 2.51472586586 0.000203610753532 -1.64876217619E-06 5.97048376436E-08 0.000203617437699354 -3.55979136699999E-06 -3.63825793000004E-07 
437 124.531112414 34.3594618951 2.5147317806 0.000203619107686 -1.66809645206E-06 5.83491424023E-08 0.000203625948653993 -3.63220239600002E-06 -3.60173093999993E-07 
438 124.551473004 34.3592957364 2.51473752972 0.000203627834742 -1.66167516623E-06 5.64103769393E-08 0.000203634622371059 -3.65701480499998E-06 -3.56681991999977E-07 
439 124.571832605 34.3591301795 2.5147430512 0.000203630253028 -1.6680512182E-06 5.39084999947E-08 0.000203637092027067 -3.576183107E-06 -3.56472103999985E-07 
440 124.592195254 34.3589644316 2.51474833311 0.000203621492344 -1.64363622674E-06 5.15157356E-08 0.00020362813248251 -3.517907392E-06 -3.50240566999977E-07 
441 124.612552817 34.358800271 2.51475334976 0.000203574225374 -1.66210171445E-06 4.90179902245E-08 0.000203581016358345 -3.48341994500001E-06 -3.47401298E-07 
442 124.632915976 34.3586351341 2.514758161 0.000203559531957 -1.62418274198E-06 4.74021065704E-08 0.000203566016975064 -3.372277424E-06 -3.54068568999996E-07 
443 124.653277631 34.358470364 2.51476281701 0.000203624089338 -1.64144923404E-06 4.58347269617E-08 0.000203630710392956 -3.32046555399999E-06 -3.61800800000007E-07 
444 124.673635017 34.3583066737 2.51476733543 0.000203568006383 -1.64408442764E-06 4.4312686629E-08 0.00020357465018997 -3.226841289E-06 -3.96527153000018E-07 
445 124.69399274 34.3581421769 2.51477169875 0.000203589268762 -1.63424590791E-06 4.32186061363E-08 0.000203595832429304 -3.157712164E-06 -4.26334926000005E-07 
446 124.714348167 34.3579784253 2.51477600925 0.000203588054435 -1.644860713E-06 4.29880046951E-08 0.000203594703573944 -3.16433923199999E-06 -4.51408187999975E-07 
447 124.734703675 34.3578151214 2.51478030041 0.000203555913853 -1.63693048163E-06 4.26889821356E-08 0.000203562500054113 -3.11986405E-06 -4.74778560000008E-07 
448 124.755055754 34.3576532474 2.51478440062 0.000203477882338 -1.61187473777E-06 4.07470650776E-08 0.000203484270648251 -3.00893678999999E-06 -4.92760279000015E-07 
449 124.775402893 34.3574917939 2.51478847691 0.000203411918261 -1.61742708398E-06 4.06141744081E-08 0.0002034183526885 -3.00501629799999E-06 -5.10796753000009E-07 
450 124.795748184 34.3573294506 2.51479251109 0.000203512458133 -1.62900342197E-06 4.01906583498E-08 0.000203518981627695 -2.94691706900001E-06 -5.10712865000001E-07 
451 124.816094008 34.3571677071 2.51479652897 0.000203405079056 -1.61533036778E-06 4.02297211015E-08 0.000203411496962205 -2.909487936E-06 -5.46468571999999E-07 
452 124.836435589 34.3570056783 2.51480054909 0.000203430065299 -1.62878978922E-06 4.02629678114E-08 0.000203436589739504 -2.871196319E-06 -5.65179241000005E-07 
453 124.856774013 34.3568437279 2.51480458989 0.000203379585928 -1.63413936045E-06 4.05717813613E-08 0.000203386154960861 -2.87829499399998E-06 -5.95937224000004E-07 
454 124.877113276 34.3566815984 2.51480865714 0.000203368912229 -1.62204747817E-06 4.03266394203E-08 0.000203375384758004 -2.84821603899999E-06 -6.18117902999999E-07 
455 124.897450681 34.3565203894 2.51481271464 0.000203334296157 -1.6062416834E-06 4.07586203137E-08 0.000203340644405572 -2.80728679600002E-06 -6.21899649999998E-07 
456 124.917788201 34.3563587455 2.51481683333 0.00020334713124 -1.61033472226E-06 4.17803581782E-08 0.000203353511666393 -2.777623683E-06 -6.20260128999996E-07 
457 124.938124875 34.3561984954 2.51482107264 0.000203332230976 -1.6007216526E-06 4.28331341476E-08 0.000203338536185751 -2.749191528E-06 -6.29331996999997E-07 
458 124.958457222 34.3560388488 2.51482543012 0.000203352703113 -1.59827223293E-06 4.43680430837E-08 0.000203358988751463 -2.743995188E-06 -6.30625077999993E-07 
459 124.978791884 34.3558794979 2.51482996002 0.000203350322998 -1.58135077965E-06 4.63082058569E-08 0.000203356476853158 -2.708672475E-06 -6.39413949999988E-07 
460 124.999124557 34.3557210283 2.51483466391 0.000203271441696 -1.58970917325E-06 4.75035949836E-08 0.000203277663408987 -2.66638923100002E-06 -6.58051925000005E-07 
461 125.0194567 34.3555617478 2.51483947185 0.000203338054505 -1.5957796542E-06 4.85841830192E-08 0.000203344321983688 -2.625429878E-06 -5.82152370999988E-07 
462 125.039790599 34.3554026266 2.51484436194 0.000203310371681 -1.58571847262E-06 4.91218776431E-08 0.000203316561423559 -2.57600872299998E-06 -4.32003054999991E-07 
463 125.060118987 34.3552443691 2.51485036758 0.000203313370726 -1.60472007067E-06 7.14939202687E-08 0.000203319716097219 -2.52575890300001E-06 -3.43849467000003E-07 
464 125.080450062 34.3550849595 2.51485737883 0.000203326867059 -1.60459217426E-06 6.8756054265E-08 0.000203333210055487 -2.46100924800001E-06 -2.86920668999998E-07 
465 125.100781813 34.3549259597 2.51486415211 0.000203292279866 -1.58895404409E-06 6.67502831309E-08 0.000203298500446193 -2.375776099E-06 -4.15902981000006E-07 
466 125.121110356 34.3547668442 2.51487073011 0.000203291239247 -1.6020017736E-06 6.48408768752E-08 0.00020329756163959 -2.35510271800001E-06 -4.76299379999998E-07 
467 125.141441877 34.3546073393 2.51487715561 0.00020327143519 -1.58504163848E-06 6.38703262199E-08 0.000203277624938449 -2.33490942300001E-06 -5.04171830999998E-07 
468 125.16176896 34.354448295 2.51488351753 0.000203320580329 -1.60241200965E-06 6.32835061016E-08 0.000203326904551198 -2.33651245500001E-06 -4.95193633999989E-07 
469 125.182098194 34.3542894069 2.51488974028 0.000203262251096 -1.57158188741E-06 6.1395469191E-08 0.000203268335851027 -2.26682639799998E-06 -4.97274967999994E-07 
470 125.202425412 34.3541311091 2.51489584286 0.000203258349317 -1.58213474027E-06 6.0830788559E-08 0.00020326451588458 -2.29226908500001E-06 -4.95087812999996E-07 
471 125.222754681 34.3539725842 2.5149019151 0.000203226843123 -1.55605322473E-06 6.03902247919E-08 0.000203232809148419 -2.33057280199999E-06 -4.88105416999985E-07 
472 125.243083165 34.3538146867 2.51490965828 0.000203286674962 -1.58471734367E-06 8.68927052611E-08 0.000203292870254978 -2.467427969E-06 -4.67723571999986E-07 
473 125.263410617 34.3536573387 2.51491827511 0.000203291039553 -1.58057537717E-06 8.5284789942E-08 0.000203297201787328 -2.51145771100001E-06 -4.4056293900001E-07 
474 125.283741131 34.3534999643 2.51492672515 0.000203334878954 -1.58079480974E-06 8.36545508178E-08 0.000203341040888337 -2.57567158299998E-06 -4.21872002999988E-07 
475 125.304072607 34.3533435305 2.5149349426 0.000203324318075 -1.56290209804E-06 8.06638209292E-08 0.000203330340801081 -2.59962915300001E-06 -4.19198289000004E-07 
476 125.324402633 34.3531874919 2.51494284731 0.000203330401828 -1.57713526268E-06 7.74642475396E-08 0.000203336533028087 -2.58908928800001E-06 -4.18690199999986E-07 
477 125.344732501 34.3530326099 2.51495042691 0.000203263610292 -1.53806497902E-06 7.39918056887E-08 0.000203269442827999 -2.57280314999999E-06 -4.14972488E-07 
478 125.365067482 34.3528769765 2.51495762465 0.000203328237868 -1.53294525556E-06 7.00717253593E-08 0.00020333402849919 -2.64134144100002E-06 -4.06734360999984E-07 
479 125.38539811 34.3527223312 2.51496443571 0.000203316849324 -1.54826302935E-06 6.60819914358E-08 0.000203322755008572 -2.71478926400001E-06 -4.15432889999998E-07 
480 125.40573044 34.3525679924 2.51497083978 0.000203319501316 -1.5411007894E-06 6.21951804243E-08 0.00020332535128525 -2.73067339400001E-06 -4.17451823E-07 
481 125.426063479 34.3524134983 2.51497689455 0.000203380617052 -1.56589956818E-06 5.91390868499E-08 0.000203386653768976 -2.80870044400001E-06 -4.19896326999991E-07 
482 125.446399614 34.3522591663 2.51498273169 0.000203375604481 -1.53572966174E-06 5.79116091014E-08 0.00020338141094348 -2.88242063900001E-06 -4.34624186000009E-07 
483 125.466734766 34.3521064212 2.51498849743 0.000203368994219 -1.53619675924E-06 5.74634205408E-08 0.000203374804270774 -2.96978189700002E-06 -4.45324744000015E-07 
484 125.487073751 34.3519540198 2.51499423939 0.000203307416857 -1.50225319853E-06 5.74283874006E-08 0.000203312975020676 -3.059909877E-06 -4.55050294999998E-07 
485 125.507409093 34.3518020501 2.51499997906 0.000203337803928 -1.50236953285E-06 5.7415317258E-08 0.000203343362116873 -3.15449525E-06 -4.49182211E-07 
486 125.527746615 34.3516512541 2.51500567446 0.000203407630244 -1.50921751122E-06 5.62853363865E-08 0.000203413236902162 -3.23996092499999E-06 -4.3542337299998E-07 
487 125.54808737 34.3515015561 2.51501118514 0.000203437678085 -1.4928903078E-06 5.37048818427E-08 0.000203443162751422 -3.26548270900001E-06 -4.28600998E-07 
488 125.568427751 34.3513527446 2.51501839051 0.000203360735644 -1.46960274395E-06 7.07832510086E-08 0.000203366057994353 -3.25144125200001E-06 -4.40263845999996E-07 
489 125.588766285 34.3512051093 2.51502531386 0.000203441828784 -1.47537750163E-06 6.75909982107E-08 0.000203447189723264 -3.18495735600002E-06 -4.21376557000006E-07 
490 125.609106715 34.3510589637 2.515031884 0.000203400142914 -1.4650701899E-06 6.37193399318E-08 0.000203405429200529 -3.13870071E-06 -4.17693690000007E-07 
491 125.629445535 34.3509127964 2.5150380277 0.000203370767115 -1.43655344432E-06 5.910022408E-08 0.000203375849341996 -3.062925113E-06 -4.22200027000013E-07 
492 125.649786133 34.3507683647 2.51504370259 0.000203380356114 -1.43990972562E-06 5.44708366065E-08 0.000203385460542654 -2.99974975799999E-06 -4.36941804000002E-07 
493 125.67012522 34.3506244485 2.51504886809 0.000203369903281 -1.43141667951E-06 4.89990515092E-08 0.00020337494662603 -2.94567324999999E-06 -4.63507799999992E-07 
494 125.690456673 34.3504816133 2.51505351468 0.000203357256645 -1.4306704591E-06 4.40395866217E-08 0.000203362293918091 -2.87933126500001E-06 -4.92529412999979E-07 
495 125.710793929 34.3503394658 2.51505767084 0.000203368627492 -1.42218570232E-06 3.92619143539E-08 0.000203373603994347 -2.849539984E-06 -5.16141215E-07 
496 125.731147418 34.3501144172 2.51505930993 0.000203459097141 -2.1351062119E-06 2.33361496757E-08 0.000203470301106925 -2.85064393199999E-06 -5.43412265000009E-07 
497 125.751477663 34.3499572771 2.51506239235 0.000203306805375 -1.39544084874E-06 3.36628108852E-08 0.000203311597062576 -3.07260171200001E-06 -5.27302479999981E-07 
498 125.77181036 34.349798369 2.51506535777 0.000203187994806 -1.36405472834E-06 3.37135558842E-08 0.000203192576181289 -3.093474739E-06 -5.53682761000006E-07 
499 125.792135346 34.3496385417 2.51506823309 0.000203196877198 -1.38614827833E-06 3.14776380312E-08 0.000203201607525409 -3.07517226300001E-06 -5.58437984999997E-07 
500 125.812462583 34.3494794692 2.51507092229 0.000203325722944 -1.74914906974E-06 1.67348102795E-08 0.000203333247190966 -3.12503269200002E-06 -5.77599858000001E-07 
501 125.832784514 34.349321858 2.51507342429 0.00020314631115 -1.37006274953E-06 2.83739513263E-08 0.000203150933079007 -3.00440431100002E-06 -6.10010145000002E-07 
502 125.853104676 34.3491636462 2.51507577645 0.000203214514982 -1.55928526834E-06 1.35503576609E-08 0.000203220497621499 -3.079548301E-06 -6.38468029000013E-07 
503 125.873426149 34.3490075557 2.51507802301 0.000203065688308 -1.3365757026E-06 2.59281456048E-08 0.000203070088577514 -2.94749571100002E-06 -6.5968430799999E-07 
504 125.893738015 34.348852277 2.5150801721 0.000203980747377 -4.40710473018E-06 -1.51234823969E-08 0.000204028351219388 -2.94054511499998E-06 -6.58556813000011E-07 
505 125.914052838 34.3486981079 2.5150822739 0.000203086475597 -1.34499836633E-06 2.3671416278E-08 0.000203090930746186 -2.88776579500001E-06 -6.49720870000005E-07 
506 125.934368542 34.3485445252 2.51508426461 0.000203062279698 -1.29412160431E-06 2.39381896328E-08 0.00020306640480373 -2.875043536E-06 -6.65236289999998E-07 
507 125.954682002 34.3483932673 2.51508623952 0.000203433149555 -2.78314822534E-06 5.85362730274E-09 0.000203452186732353 -2.90441886499997E-06 -6.69493456999996E-07 
508 125.974994099 34.3482418201 2.51508908837 0.000203102623877 -1.32284804394E-06 5.84632137625E-08 0.000203106940232521 -2.93386368199999E-06 -6.84441838999994E-07 
509 125.995304581 34.3480938963 2.51509516802 0.000203066614281 -1.31964077441E-06 6.16065703043E-08 0.000203070911463684 -2.93377799300001E-06 -6.83843851000002E-07 
