0 117.797195179 10.282854143 2.5133827242 0.000200846050178 -1.19268784514E-06 3.37247167157E-08 0.000200849594258381 2.161449656E-06 7.84508684999999E-06 
1 117.817277036 10.2827379589 2.51338613147 0.00020078992451 -1.13222758301E-06 3.43924014298E-08 0.000200793119670143 2.053949563E-06 7.56927185699999E-06 
2 117.837353009 10.2826274556 2.51338960829 0.000200728946127 -1.07852873031E-06 3.50830291361E-08 0.000200731846671865 1.95725997800001E-06 7.29043172500001E-06 
3 117.857422965 10.2825220975 2.51339314527 0.000200671314523 -1.02887245474E-06 3.58197562243E-08 0.000200673955295579 1.86806553699998E-06 7.029358421E-06 
4 117.877487284 10.2824215903 2.51339677916 0.000200615586224 -9.81884202838E-07 3.67447380093E-08 0.000200617992420328 1.79228456100001E-06 6.789371293E-06 
5 117.897546109 10.2823255576 2.51340045383 0.000200541924173 -9.37032029169E-07 3.66109565613E-08 0.000200544116643683 1.72843653200002E-06 6.563770227E-06 
6 117.91759975 10.2822336128 2.51340410458 0.000200507279663 -8.98550869302E-07 3.64413937649E-08 0.000200509296341832 1.67430291500001E-06 6.366026801E-06 
7 117.937647644 10.2821457349 2.51340776518 0.000200452051485 -8.60166678249E-07 3.69605642062E-08 0.000200453900429358 1.62919966699998E-06 6.17886832699998E-06 
8 117.957690344 10.2820614346 2.51341149441 0.000200407132748 -8.3147357005E-07 3.74274016707E-08 0.000200408861094969 1.59252995700002E-06 6.00491815699999E-06 
9 117.977728743 10.2819800879 2.5134152475 0.000200354332024 -7.92033425563E-07 3.76840791237E-08 0.000200355901080603 1.557895624E-06 5.889897114E-06 
10 117.997762111 10.2819021502 2.51341904898 0.000200312734751 -7.64830071471E-07 3.83542749997E-08 0.000200314198546966 1.542719227E-06 5.85730565999998E-06 
11 118.017791231 10.2818271621 2.51342292023 0.000200270159197 -7.35062987032E-07 3.90431112942E-08 0.000200271511970003 1.52460698400002E-06 5.67368554900001E-06 
12 118.037816107 10.281755002 2.5134268462 0.000200225418948 -7.08308041838E-07 3.933057906E-08 0.000200226675645576 1.47376696999998E-06 5.53694017599998E-06 
13 118.057836317 10.281685417 2.5134307785 0.000200178017619 -6.83837461646E-07 3.93365728526E-08 0.000200179189525067 1.40217637500001E-06 5.42978512599999E-06 
14 118.077851878 10.2816181308 2.51343471594 0.000200134205486 -6.6266944165E-07 3.94139056323E-08 0.000200135306454802 1.35165214799998E-06 5.340936664E-06 
15 118.097863017 10.2815529183 2.5134386587 0.000200089872707 -6.42576573509E-07 3.93115506301E-08 0.000200090908364059 1.3094078E-06 5.26449347100001E-06 
16 118.117869894 10.2814896048 2.51344256586 0.000200048604679 -6.24642720605E-07 3.88397010867E-08 0.000200049583656317 1.263029165E-06 5.195984743E-06 
17 118.13787275 10.2814279493 2.51344641049 0.000200009362197 -6.08787082517E-07 3.81171341429E-08 0.000200010292337866 1.205095649E-06 5.132385445E-06 
18 118.157871871 10.2813678086 2.51345015933 0.00019997393628 -5.94649252228E-07 3.67532855428E-08 0.000199974823790033 1.173813005E-06 5.07354417300001E-06 
19 118.177867634 10.2813090741 2.51345377438 0.000199941882295 -5.80445757616E-07 3.56206236653E-08 0.000199942728004231 1.129762007E-06 5.02637036200001E-06 
20 118.197860471 10.2812516114 2.5134573189 0.000199913827071 -5.68730621834E-07 3.52346844281E-08 0.000199914639159259 1.04895920499998E-06 4.98171712E-06 
21 118.217850747 10.2811952273 2.51346083501 0.000199891420696 -5.58951315424E-07 3.52287806674E-08 0.000199892205289514 9.78781912999981E-07 4.93783955199999E-06 
22 118.237838815 10.2811398127 2.51346436895 0.000199870728419 -5.48921010516E-07 3.53409355623E-08 0.000199871485314937 9.27576343999991E-07 4.89144573699999E-06 
23 118.257824963 10.2810854465 2.51346789182 0.000199852553472 -5.38690040204E-07 3.51297438483E-08 0.000199853282560825 8.80472103999996E-07 4.843497295E-06 
24 118.277809351 10.2810321419 2.51347139351 0.00019983705521 -5.28049953452E-07 3.48258582771E-08 0.000199837755903629 8.33518212000001E-07 4.798129246E-06 
25 118.297792269 10.2809799201 2.5134748566 0.000199823270907 -5.16806866152E-07 3.45285738323E-08 0.000199823942202959 7.81592994000005E-07 4.75393351999999E-06 
26 118.317773926 10.2809287022 2.5134783185 0.000199810778451 -5.0805834266E-07 3.48076229121E-08 0.000199811427401049 6.73270875E-07 4.73016907799999E-06 
27 118.33775437 10.2808783786 2.51348185571 0.000199799900906 -4.99035746114E-07 3.59081034747E-08 0.00019980052734694 6.52831860999999E-07 4.70391003899999E-06 
28 118.357733794 10.2808289779 2.51348550372 0.000199789906314 -4.89324958621E-07 3.69437300664E-08 0.000199790508955534 6.32199032999991E-07 4.68100697300001E-06 
29 118.377712287 10.2807804293 2.51348922138 0.000199779459738 -4.81142900251E-07 3.74124726309E-08 0.00019978004262536 6.11737553000009E-07 4.65716004600001E-06 
30 118.397689882 10.2807326725 2.51349299821 0.000199770341679 -4.7193010518E-07 3.8106024789E-08 0.000199770902747717 5.78102532999988E-07 4.62617311100001E-06 
31 118.417666678 10.2806860786 2.51349684204 0.000199762981824 -4.58709043803E-07 3.87239570439E-08 0.000199763512235712 6.07795602000015E-07 4.590822877E-06 
32 118.437642829 10.2806406995 2.51350074407 0.000199759133505 -4.48468830188E-07 3.94041685975E-08 0.000199759640807768 6.43122171000002E-07 4.55707746200001E-06 
33 118.457618271 10.2805963879 2.51350475131 0.000199750579094 -4.3814199034E-07 4.08522422314E-08 0.000199751063791154 6.70451318000013E-07 4.524781424E-06 
34 118.477593066 10.2805531091 2.51350891784 0.00019974489039 -4.27097176699E-07 4.24385916878E-08 0.00019974535151023 6.94645545E-07 4.49606295699998E-06 
35 118.497567204 10.2805109171 2.51351323502 0.000199738350496 -4.1632088563E-07 4.38667904136E-08 0.000199738789187874 7.75315565999986E-07 4.470125504E-06 
36 118.517540716 10.2804697711 2.51351768948 0.000199730624612 -4.05779056106E-07 4.52424832308E-08 0.000199731041932456 8.13853000000014E-07 4.44362955900001E-06 
37 118.537513197 10.2804298049 2.51352228758 0.000199718418206 -3.93525796461E-07 4.68277735224E-08 0.000199718811397674 7.92126848000015E-07 4.42194551499998E-06 
38 118.557484288 10.2803910634 2.51352705032 0.000199703540617 -3.81502374769E-07 4.82313550256E-08 0.000199703910841254 7.68361612000004E-07 4.40050142499999E-06 
39 118.577453748 10.2803535853 2.51353191506 0.000199686175776 -3.6763921332E-07 4.90492729073E-08 0.000199686520227245 7.49495209000003E-07 4.36752895200001E-06 
40 118.597421526 10.2803175204 2.51353685121 0.000199670395564 -3.5422140673E-07 4.97639887022E-08 0.00019967071596492 7.39284209999997E-07 4.32770993499999E-06 
41 118.617387847 10.2802827124 2.51354185776 0.000199655866285 -3.41854248809E-07 5.03403021347E-08 0.000199656165295458 7.69962794000008E-07 4.28273635E-06 
42 118.637352903 10.2802489317 2.51354690301 0.000199644635874 -3.32275830108E-07 5.04902717758E-08 0.000199644918767688 7.64322885999996E-07 4.23371511500001E-06 
43 118.657316818 10.2802162098 2.51355195151 0.000199633302953 -3.23043987083E-07 5.0456849238E-08 0.000199633570702013 7.58134714999988E-07 4.182930601E-06 
44 118.677279586 10.2801843316 2.51355700914 0.000199621303617 -3.14850820426E-07 5.09164289134E-08 0.000199621558408085 7.60555525999997E-07 4.129289842E-06 
45 118.697240977 10.28015333 2.51356214274 0.00019960650009 -3.05525615347E-07 5.16668005449E-08 0.000199606740601461 7.38260476E-07 4.070063076E-06 
46 118.717200594 10.2801233176 2.51356736738 0.000199586188482 -2.95280030184E-07 5.28766648041E-08 0.000199586413913899 7.10957829999978E-07 4.00329047400001E-06 
47 118.737158179 10.280094254 2.51357272087 0.000199562956104 -2.86199892203E-07 5.42056967468E-08 0.000199563168690024 6.88817373000004E-07 3.949156539E-06 
48 118.757113114 10.2800659458 2.51357819361 0.000199536434384 -2.79712674511E-07 5.53523007676E-08 0.000199536638113751 7.05940946000005E-07 3.90020379700001E-06 
49 118.777065532 10.2800384432 2.51358381519 0.000199512721883 -2.70299790104E-07 5.70344316665E-08 0.000199512913136133 7.03431403000003E-07 3.85331875899999E-06 
50 118.797015626 10.280011947 2.5135895926 0.000199489886571 -2.59216419625E-07 5.83513957016E-08 0.000199490063517329 6.81686314999992E-07 3.805418233E-06 
51 118.81696345 10.2799866172 2.51359547146 0.000199465768556 -2.47581332482E-07 5.94127927255E-08 0.000199465931055987 6.49828088999986E-07 3.75681509500001E-06 
52 118.836909003 10.279962462 2.5136014876 0.000199445292096 -2.35544453621E-07 6.09668604161E-08 0.000199445440502927 5.95750208000014E-07 3.70345881699999E-06 
53 118.856852605 10.2799394724 2.5136076545 0.000199426172668 -2.23860159834E-07 6.21544828871E-08 0.000199426307997611 5.46638208000016E-07 3.64930087100001E-06 
54 118.876794235 10.2799177084 2.51361389302 0.000199407203225 -2.11844517841E-07 6.23867900226E-08 0.00019940732551295 4.87911287000014E-07 3.595635446E-06 
55 118.896734204 10.2798970851 2.51362011064 0.000199392535817 -2.00467301169E-07 6.19525958288E-08 0.000199392646215442 4.41492739999984E-07 3.56055619099999E-06 
56 118.916672786 10.2798775674 2.51362628016 0.000199379526902 -1.90449585932E-07 6.136299404E-08 0.000199379627304615 4.06857638000002E-07 3.520615748E-06 
57 118.936610316 10.2798588774 2.51363239605 0.000199372245336 -1.84955565177E-07 6.11090500081E-08 0.000199372340491843 3.7320606E-07 3.486577162E-06 
58 118.956547327 10.2798406998 2.51363855346 0.000199368940244 -1.781818609E-07 6.20698437844E-08 0.000199369029529305 3.59693730000001E-07 3.44470359099999E-06 
59 118.97648407 10.2798232854 2.5136448105 0.000199365832091 -1.70227221407E-07 6.30602359682E-08 0.000199365914737793 3.54441144999996E-07 3.40493387E-06 
60 118.99642031 10.2798065406 2.51365116017 0.000199358443499 -1.64187904245E-07 6.39827081688E-08 0.000199358521377439 3.36463442000004E-07 3.46803766299999E-06 
61 119.01635567 10.2797903913 2.51365760858 0.000199349149445 -1.58993715436E-07 6.48647273884E-08 0.000199349223401746 2.77179871999996E-07 3.59536009200001E-06 
62 119.036290154 10.2797747331 2.51366411153 0.000199341418185 -1.54357104075E-07 6.5253181808E-08 0.000199341488627181 2.27076052000007E-07 3.57525523499998E-06 
63 119.056223899 10.2797595413 2.5136706661 0.00019933370592 -1.49710179389E-07 6.58217059222E-08 0.000199333773007576 1.84834675999999E-07 3.45701274200001E-06 
64 119.076156839 10.2797446934 2.51367726436 0.000199325252467 -1.46484020544E-07 6.61544079634E-08 0.000199325317270555 1.45573066000015E-07 3.38918935300001E-06 
65 119.096088964 10.2797302899 2.51368386817 0.000199318319586 -1.4264409047E-07 6.58219956347E-08 0.000199318381496686 1.13669157999997E-07 3.35027363200001E-06 
66 119.116020444 10.2797160392 2.51369042638 0.00019931134057 -1.42638877872E-07 6.53311784155E-08 0.000199311402317637 7.21686860000051E-08 3.32477617299997E-06 
67 119.135951222 10.2797016584 2.51369693531 0.000199304117598 -1.44248555523E-07 6.4738223605E-08 0.00019930418031291 3.52056320000163E-08 3.30642951300002E-06 
68 119.155881458 10.2796871415 2.51370335133 0.000199300362223 -1.46110652314E-07 6.35265987747E-08 0.000199300425905642 1.35253299998663E-09 3.29151683999999E-06 
69 119.175811181 10.2796724467 2.51370965161 0.000199295497656 -1.48406705707E-07 6.26264977497E-08 0.000199295562751862 -5.97429309999844E-08 3.27309127900002E-06 
70 119.19574056 10.2796575494 2.51371593172 0.000199292325661 -1.49104335994E-07 6.29939274482E-08 0.000199292391394423 -1.08498238000004E-07 3.261047263E-06 
71 119.215669579 10.2796426172 2.51372226197 0.000199289016013 -1.49219992501E-07 6.36472752422E-08 0.00019928908204167 -1.40780844999996E-07 3.257661034E-06 
72 119.23559859 10.2796276728 2.51372859545 0.000199291235221 -1.49800203299E-07 6.30228035478E-08 0.000199291301485756 -1.72192197999999E-07 3.25486615599998E-06 
73 119.255527857 10.2796127316 2.51373487732 0.000199294342922 -1.49339000903E-07 6.27885217014E-08 0.000199294408765643 -2.08442431000007E-07 3.23716870500001E-06 
74 119.275457446 10.2795978873 2.51374116173 0.000199297010496 -1.48087910863E-07 6.28815887532E-08 0.000199297075434554 -2.4370319900001E-07 3.211559725E-06 
75 119.295387291 10.2795831421 2.51374744499 0.000199300387874 -1.47481283655E-07 6.27796454277E-08 0.000199300452329491 -2.84075784999992E-07 3.18518615600002E-06 
76 119.315317456 10.2795684858 2.51375372204 0.000199304274263 -1.4542798089E-07 6.28267522515E-08 0.000199304337223251 -3.56620968999983E-07 3.161158725E-06 
77 119.335248195 10.2795538453 2.51376001888 0.000199310907906 -1.45908552466E-07 6.32533683191E-08 0.000199310971350321 -3.64450131999991E-07 3.150909524E-06 
78 119.355179561 10.2795392727 2.5137663675 0.000199317399255 -1.45731816502E-07 6.36305007046E-08 0.000199317462687994 -3.65818000999999E-07 3.133961785E-06 
79 119.375111657 10.2795247358 2.51377274395 0.000199325312173 -1.44899015789E-07 6.3917939578E-08 0.0001993253750883 -3.73813487999989E-07 3.11789358000002E-06 
80 119.395044491 10.2795104017 2.51377913969 0.000199332280111 -1.41279956549E-07 6.40014729374E-08 0.000199332340452985 -3.78323288999997E-07 3.10292182099998E-06 
81 119.414978086 10.2794965617 2.51378554416 0.000199339818671 -1.35452480377E-07 6.40431151864E-08 0.000199339874979097 -3.30737931999975E-07 3.07783108700001E-06 
82 119.434912409 10.2794833131 2.51379197352 0.000199346554826 -1.30229512981E-07 6.45795583344E-08 0.000199346607824765 -2.81042016999993E-07 3.04432598900002E-06 
83 119.454847443 10.2794705348 2.51379848198 0.00019935448249 -1.25505692033E-07 6.5661761859E-08 0.000199354532810271 -2.4370653000001E-07 3.011109287E-06 
84 119.47478324 10.2794582256 2.51380511327 0.000199361238666 -1.20276678912E-07 6.69835444035E-08 0.000199361286200999 -2.08151271000008E-07 2.98360081499999E-06 
85 119.494719791 10.2794464521 2.51381186808 0.00019936945343 -1.14993757934E-07 6.79320773042E-08 0.000199369498166867 -1.04153677999997E-07 2.96148135099999E-06 
86 119.514657048 10.2794352597 2.51381868066 0.000199375392065 -1.08772916756E-07 6.82852385935E-08 0.000199375433430234 -6.18652579999993E-08 2.94168642999998E-06 
87 119.534594851 10.2794247205 2.51382553174 0.000199379267784 -1.02067145821E-07 6.88366025987E-08 0.000199379305792412 -8.13022249999918E-08 2.913792247E-06 
88 119.554532682 10.2794148609 2.5138324651 0.000199376815226 -9.50098589731E-08 6.97650414638E-08 0.000199376850069653 -9.56362399999802E-08 2.89411658700001E-06 
89 119.574469996 10.2794057988 2.51383947572 0.000199368832722 -8.62513664396E-08 7.03831982692E-08 0.000199368863802816 -1.02701831000007E-07 2.87789376800002E-06 
90 119.594406484 10.2793975432 2.51384652403 0.000199361609098 -7.85795838008E-08 7.04513520033E-08 0.000199361637032524 -6.53251900000027E-08 2.85770815099999E-06 
91 119.614342442 10.2793899282 2.51385358351 0.000199358143352 -7.39433040576E-08 7.06961429555E-08 0.000199358169600128 -3.87975110000037E-08 2.823330486E-06 
92 119.634278132 10.2793828796 2.51386064428 0.000199355560442 -6.71062398053E-08 7.04974772108E-08 0.00019935558420141 -3.87454240000074E-08 2.78033915199999E-06 
93 119.654213636 10.2793763805 2.51386767605 0.000199354408987 -6.28693377792E-08 7.01068376025E-08 0.000199354431227596 -3.34689529999993E-08 2.734365085E-06 
94 119.674148901 10.2793702503 2.51387468322 0.000199350901397 -5.99516943277E-08 7.01763439542E-08 0.000199350922763656 -1.57815670000217E-08 2.686003092E-06 
95 119.694083747 10.2793645361 2.51388173358 0.000199344639661 -5.43573169058E-08 7.07860921087E-08 0.000199344659639938 -1.68910939999745E-08 2.62533345100002E-06 
96 119.71401784 10.2793593082 2.51388885207 0.00019933310524 -5.00584583902E-08 7.17987793346E-08 0.00019933312445636 -3.03012220000186E-08 2.552494747E-06 
97 119.733950147 10.2793545437 2.51389611007 0.000199313063051 -4.50613739385E-08 7.31580056327E-08 0.000199313081571163 -3.17472239999876E-08 2.49964049900002E-06 
98 119.753880554 10.2793502319 2.51390348595 0.000199295523717 -4.16806699224E-08 7.44610652504E-08 0.00019929554198567 -1.00329199998915E-09 2.449034831E-06 
99 119.773809364 10.2793463189 2.51391101993 0.000199280289435 -3.6173080963E-08 7.6206386475E-08 0.000199280307289011 8.25480499997951E-09 2.40581692400002E-06 
100 119.793736554 10.2793430772 2.51391869648 0.000199261398506 -2.91945516715E-08 7.73799091769E-08 0.000199261415669314 6.34773699998824E-09 2.36922469300002E-06 
101 119.813661787 10.2793405075 2.51392648737 0.000199243378017 -2.22405571238E-08 7.84954413171E-08 0.000199243394720633 -1.38571640000043E-08 2.33434664399998E-06 
102 119.833585283 10.2793386961 2.5139344146 0.000199226327242 -1.38760461477E-08 8.00417056863E-08 0.000199226343804116 -5.9772220000002E-08 2.291003351E-06 
103 119.853507186 10.2793375782 2.51394246107 0.000199212093282 -6.76123455117E-09 8.09005257585E-08 0.000199212109823689 -1.05827672000001E-07 2.24031897600002E-06 
104 119.873427731 10.2793373818 2.51395058133 0.000199199601204 3.00153416446E-09 8.13080955922E-08 0.000199199617820538 -1.44282508999989E-07 2.19109289599999E-06 
105 119.893347182 10.2793381285 2.51395869964 0.000199190403627 1.19210229465E-08 8.09945313481E-08 0.000199190420450663 -1.73129972999987E-07 2.154359728E-06 
106 119.91326588 10.2793397348 2.5139667595 0.000199183673201 1.94439332534E-08 8.02311779932E-08 0.000199183690308597 -1.96489251999993E-07 2.126489637E-06 
107 119.933184063 10.2793419763 2.51397475583 0.000199179680778 2.57006229119E-08 7.97159917666E-08 0.000199179698388132 -2.06296457999985E-07 2.09798253500001E-06 
108 119.953102038 10.2793447847 2.51398274099 0.000199179365799 3.10836163148E-08 8.00273020486E-08 0.000199179384301318 -2.01617745000004E-07 2.06971664299998E-06 
109 119.973019899 10.2793480915 2.51399075908 0.000199177281063 3.58349169498E-08 8.03420529685E-08 0.000199177300490382 -2.06470371999994E-07 2.03951478E-06 
110 119.992937368 10.2793519327 2.51399881464 0.00019917264391 4.05340856311E-08 8.08052999281E-08 0.000199172664426141 -2.14465840000019E-07 2.00830410700001E-06 
111 120.012854463 10.279356247 2.51400692237 0.000199169736869 4.51270118663E-08 8.13481986503E-08 0.000199169758594128 -2.15008575000001E-07 2.15359067799999E-06 
112 120.03277121 10.2793609643 2.51401507964 0.000199165390141 4.87944386144E-08 8.1812330481E-08 0.000199165412921449 -2.23762959000002E-07 2.25514883899999E-06 
113 120.052687507 10.2793660386 2.51402325353 0.000199160891924 5.24394874734E-08 8.16699108787E-08 0.000199160915572904 -2.73385270999988E-07 2.29890198300001E-06 
114 120.072603393 10.2793714593 2.51403141959 0.000199157440034 5.56488306674E-08 8.15011038304E-08 0.000199157464485062 -3.10054653999996E-07 2.15459274499998E-06 
115 120.092519105 10.2793771495 2.51403955114 0.000199156928629 5.75096009769E-08 8.1037709523E-08 0.000199156953419661 -3.48198602999989E-07 2.07686075199997E-06 
116 120.112434672 10.2793829273 2.51404762579 0.000199154992184 5.74205432116E-08 8.0480421494E-08 0.00019915501672322 -3.79586896000011E-07 2.035622142E-06 
117 120.132350153 10.2793885341 2.51405562973 0.000199154956594 5.46013071946E-08 7.9453833964E-08 0.000199154979928127 -4.06222427999978E-07 2.011845589E-06 
118 120.152265755 10.2793938622 2.51406350674 0.000199156947811 5.2087125405E-08 7.80585382242E-08 0.000199156969919703 -4.3329190600001E-07 1.99805036199999E-06 
119 120.172181456 10.279398916 2.51407124266 0.00019915735681 4.84244249625E-08 7.66702525609E-08 0.000199157377455113 -4.93160308000012E-07 1.98811708400002E-06 
120 120.192097256 10.279403598 2.5140788807 0.000199158581798 4.43346556605E-08 7.63106672915E-08 0.000199158601352466 -5.56601752999995E-07 1.97509800699998E-06 
121 120.212013252 10.2794078579 2.51408650309 0.000199160851452 4.02739216435E-08 7.60448700927E-08 0.000199160870042026 -6.02182661999992E-07 1.974372944E-06 
122 120.231929615 10.2794116969 2.51409410419 0.000199165905596 3.69383471166E-08 7.60243400982E-08 0.000199165923531152 -6.37593265999994E-07 1.979127907E-06 
123 120.251846557 10.2794151493 2.51410167313 0.000199173043047 3.25628164132E-08 7.5260771645E-08 0.000199173059928101 -6.79430731000006E-07 1.98895459899999E-06 
124 120.271764217 10.279418163 2.51410918831 0.00019917961124 2.79234251625E-08 7.50820987705E-08 0.000199179627348674 -7.21040552000013E-07 1.97811914E-06 
125 120.2916824 10.2794208219 2.51411668926 0.000199184521889 2.51884777139E-08 7.49437848373E-08 0.000199184537580556 -7.57099162000002E-07 1.960374689E-06 
126 120.311601416 10.2794230151 2.51412416374 0.000199194551778 2.10836476438E-08 7.4664479723E-08 0.000199194566887109 -8.34934488000015E-07 1.93921518300001E-06 
127 120.331521322 10.2794249945 2.51413162039 0.000199203950682 1.87546409044E-08 7.44533407026E-08 0.000199203965478484 -8.40949018000007E-07 1.93279586199998E-06 
128 120.351442229 10.2794267065 2.51413906535 0.000199214835524 1.60005529512E-08 7.44299413444E-08 0.000199214850070692 -8.37560351999995E-07 1.92021075499999E-06 
129 120.371364456 10.2794281742 2.514146514 0.000199227094033 1.67668460597E-08 7.45763565987E-08 0.000199227108696567 -8.35318385000006E-07 1.90714246600001E-06 
130 120.391287349 10.2794299514 2.51415396889 0.000199238435206 1.58009023977E-08 7.45076796144E-08 0.000199238449764091 -8.39646945000023E-07 1.89746282999999E-06 
131 120.411211918 10.2794316653 2.5141614053 0.000199251927486 1.93193371221E-08 7.41942570337E-08 0.000199251942236232 -8.04925528999985E-07 1.88442286799999E-06 
132 120.43113761 10.2794337541 2.51416881629 0.000199261414063 2.21148324094E-08 7.411324831E-08 0.000199261429073029 -7.56270502999995E-07 1.85855771000002E-06 
133 120.451064285 10.2794361876 2.51417625654 0.000199272600215 2.62992859507E-08 7.47059670448E-08 0.000199272615953826 -7.12760767000004E-07 1.828471499E-06 
134 120.470992066 10.2794390245 2.51418377243 0.000199282642999 3.12775565892E-08 7.5683466877E-08 0.000199282659825032 -6.74456160000005E-07 1.80121122099998E-06 
135 120.49092085 10.279442371 2.5141913832 0.000199292509633 3.56810603606E-08 7.64703431181E-08 0.000199292527498326 -5.71622671999999E-07 1.781857054E-06 
136 120.510850571 10.2794462222 2.5141990456 0.000199301536839 4.14890192612E-08 7.65738625152E-08 0.000199301555867691 -4.95986432000008E-07 1.76704642500001E-06 
137 120.530781076 10.2794505919 2.51420669227 0.000199307331295 4.65870381275E-08 7.63313019296E-08 0.000199307351356528 -5.02471580999988E-07 1.75084488999999E-06 
138 120.550711901 10.2794556251 2.51421434332 0.000199308153805 5.44048245967E-08 7.6761302028E-08 0.000199308176012275 -5.11459571000012E-07 1.72688791799999E-06 
139 120.570642557 10.2794614494 2.51422203803 0.000199304174519 6.23919870632E-08 7.70415846446E-08 0.000199304199175195 -4.74664793999996E-07 1.71742504299999E-06 
140 120.59057265 10.279467959 2.51422974212 0.00019929826246 6.76893524274E-08 7.6887992621E-08 0.000199298288786399 -4.38269552999995E-07 1.70871555800001E-06 
141 120.610502215 10.2794750199 2.5142374155 0.000199295209816 7.24284601703E-08 7.66964534816E-08 0.000199295237734953 -4.11611238000013E-07 1.69563789600001E-06 
142 120.630431682 10.2794825602 2.51424507482 0.000199294553522 7.74406141618E-08 7.64885248307E-08 0.000199294583245698 -4.06654619000007E-07 1.667047382E-06 
143 120.650361109 10.2794905578 2.51425271117 0.000199293672325 8.1701248857E-08 7.62522260152E-08 0.000199293703659399 -4.01544661999989E-07 1.630532255E-06 
144 120.670290434 10.279498764 2.51426033125 0.000199292520451 8.3211584682E-08 7.62897528885E-08 0.000199292552424837 -3.83047378999988E-07 1.590654531E-06 
145 120.690219521 10.279507313 2.51426799295 0.000199288795539 8.83080873889E-08 7.69857653286E-08 0.000199288829974266 -3.61343334000003E-07 1.54064516199998E-06 
146 120.710148084 10.27951638 2.51427573052 0.00019927978693 9.25375352275E-08 7.80041331833E-08 0.000199279823681943 -3.52509631999998E-07 1.46841696500001E-06 
147 120.730075076 10.2795259141 2.51428360198 0.000199261221645 9.76775033443E-08 7.91694286568E-08 0.000199261261313259 -3.54785626000009E-07 1.41442899099999E-06 
148 120.750000303 10.2795358592 2.51429156299 0.000199243361806 1.01709314233E-07 8.01622748287E-08 0.000199243403892153 -3.17752162999992E-07 1.37405328799999E-06 
149 120.769924002 10.2795461313 2.51429965434 0.000199230476275 1.04138661823E-07 8.155379226E-08 0.000199230520183644 -3.03678084000002E-07 1.33426335599998E-06 
150 120.789846167 10.2795567635 2.5143078678 0.000199212271068 1.09499454528E-07 8.27408226352E-08 0.000199212318344636 -2.9860097999998E-07 1.305244467E-06 
151 120.809766478 10.27956797 2.51431619944 0.000199193793437 1.14957964572E-07 8.37889165171E-08 0.000199193844231538 -3.09043528999998E-07 1.277140539E-06 
152 120.829684927 10.279579839 2.51432463601 0.00019917585919 1.22426087068E-07 8.48696338276E-08 0.000199175914897048 -3.40754400000002E-07 1.24876463499998E-06 
153 120.849601814 10.2795925302 2.51433316956 0.000199162687435 1.31353236841E-07 8.58626780874E-08 0.000199162749259001 -3.70354536000003E-07 1.20931359800001E-06 
154 120.869517447 10.2796062822 2.51434179268 0.000199151348978 1.42871808484E-07 8.64411902872E-08 0.000199151418986133 -3.97919779999983E-07 1.16570783599998E-06 
155 120.889432083 10.2796210199 2.51435043948 0.00019914255733 1.51735332999E-07 8.64383467534E-08 0.000199142633896239 -4.0929424299999E-07 1.12146559400002E-06 
156 120.909346001 10.2796366654 2.51435907366 0.00019913672908 1.59850776099E-07 8.61386187098E-08 0.000199136811867654 -4.24143131000007E-07 1.10602551700001E-06 
157 120.929259522 10.2796530284 2.51436766662 0.000199133565991 1.67512416196E-07 8.57442403141E-08 0.000199133654907392 -4.25167715999993E-07 1.084902346E-06 
158 120.949172727 10.2796699903 2.51437623773 0.000199131300979 1.71451250975E-07 8.58032999145E-08 0.000199131393274207 -4.11896913999986E-07 1.06574302400001E-06 
159 120.969085611 10.2796875487 2.51438482186 0.000199126413738 1.79496931471E-07 8.58735791616E-08 0.000199126513155775 -4.06557110000001E-07 1.04362707999998E-06 
160 120.988998126 10.2797057432 2.51439341541 0.000199122865608 1.85028313727E-07 8.60513775547E-08 0.000199122970167327 -4.03261410000013E-07 1.022004549E-06 
161 121.008910251 10.2797244876 2.51440204128 0.000199119796295 1.90087680619E-07 8.6475129402E-08 0.000199119905805112 -3.9036760599999E-07 1.068430207E-06 
162 121.028822086 10.2797437568 2.51441070828 0.000199116113497 1.95405529689E-07 8.68784127381E-08 0.000199116228332423 -3.81852249999991E-07 1.217412998E-06 
163 121.048733577 10.2797634762 2.51441941552 0.000199113535025 1.99262787604E-07 8.71393996065E-08 0.000199113653798742 -3.71986077000015E-07 1.29750232699999E-06 
164 121.068644753 10.2797836216 2.51442808872 0.000199111239871 2.03442947474E-07 8.62756579928E-08 0.000199111362497194 -3.6918889500002E-07 1.322439437E-06 
165 121.088555904 10.2798041061 2.51443669419 0.000199112523865 2.05721773412E-07 8.58058442391E-08 0.000199112648628813 -4.15498496000015E-07 1.18744803699998E-06 
166 121.108467162 10.2798247221 2.51444524836 0.000199112583519 2.06626362063E-07 8.52090690148E-08 0.000199112708963164 -4.67463442999994E-07 1.11689904800001E-06 
167 121.128379189 10.2798451327 2.51445370802 0.000199116318269 2.07941729075E-07 8.38860277712E-08 0.000199116444518352 -5.01499300999987E-07 1.08276668599999E-06 
168 121.148290715 10.2798658771 2.51446202341 0.000199114932658 2.07337560228E-07 8.23995829263E-08 0.000199115057657514 -5.23478432999999E-07 1.064481361E-06 
169 121.168202365 10.2798865435 2.51447019096 0.000199117422932 2.06356853447E-07 8.10169059213E-08 0.000199117546343789 -5.77509326E-07 1.05640698499999E-06 
170 121.188114251 10.2799071372 2.51447824241 0.000199119913182 2.04937100748E-07 8.011821895E-08 0.00019912003476233 -6.14093208000012E-07 1.05047975600001E-06 
171 121.208026472 10.2799275934 2.51448620952 0.000199124451615 2.03699554397E-07 7.93178193249E-08 0.0001991245716023 -6.43583922000014E-07 1.046749752E-06 
172 121.227939169 10.2799479352 2.51449412802 0.000199130271942 2.03466738622E-07 7.91007469506E-08 0.000199130391601425 -6.69277987E-07 1.05513168800002E-06 
173 121.24785251 10.2799682246 2.51450203075 0.000199136433776 1.9961327824E-07 7.886732361E-08 0.00019913654943917 -7.01287374999996E-07 1.06947363900001E-06 
174 121.267766297 10.2799880666 2.51450988056 0.00019914003303 1.96829283753E-07 7.82789634661E-08 0.000199140145687786 -7.75802067000007E-07 1.08097604700001E-06 
175 121.287680571 10.2800076355 2.51451769355 0.000199146534296 1.94146921229E-07 7.80242314007E-08 0.000199146644217058 -8.32423380000012E-07 1.074706088E-06 
176 121.307595575 10.2800271042 2.51452548568 0.000199154720414 1.94172425002E-07 7.77919027543E-08 0.000199154830264519 -9.27848652000006E-07 1.060814301E-06 
177 121.327511637 10.2800461659 2.51453324302 0.000199165780866 1.89026609056E-07 7.73732696671E-08 0.00019916588559702 -9.44644571000019E-07 1.04967495199998E-06 
178 121.347429048 10.2800647165 2.5145409587 0.000199201274717 1.71276610557E-07 7.70493350667E-08 0.000199201363251246 -9.38646174999979E-07 1.05177420500001E-06 
179 121.367347793 10.2800834886 2.5145486618 0.000199188823737 1.88257122794E-07 7.70125683469E-08 0.000199188927587378 -9.38144472000007E-07 1.03821661799999E-06 
180 121.387267193 10.2801023487 2.51455635775 0.000199199605658 1.88568234345E-07 7.68993281691E-08 0.000199199709753273 -9.39672605000002E-07 1.030810903E-06 
181 121.407187803 10.2801212421 2.51456402679 0.00019921211841 1.8990676817E-07 7.64544938104E-08 0.00019921222359903 -9.37827326999994E-07 1.02378489500002E-06 
182 121.427109584 10.2801402267 2.51457165562 0.000199222889462 1.89922419141E-07 7.61263247408E-08 0.000199222994534594 -9.07732370000009E-07 1.00879470299998E-06 
183 121.447032346 10.2801593783 2.5145792754 0.000199233438364 1.92795633736E-07 7.64339090162E-08 0.000199233546308448 -8.70069016999998E-07 9.83704727999996E-07 
184 121.466956196 10.2801788264 2.51458695133 0.000199243994864 1.96329913062E-07 7.72089413784E-08 0.000199244106552794 -8.37206321999991E-07 9.58733084000012E-07 
185 121.48688104 10.280198677 2.5145947164 0.00019925351963 2.00420103301E-07 7.80049033051E-08 0.000199253635695627 -7.6328632100001E-07 9.40812797000008E-07 
186 121.506806852 10.2802188429 2.51460254239 0.000199262537609 2.03214902286E-07 7.84304363755E-08 0.000199262656667043 -6.69504754000007E-07 9.29798280999996E-07 
187 121.526733427 10.280239442 2.5146103686 0.000199269234588 2.07842352396E-07 7.80738981989E-08 0.000199269358274835 -6.66164465999979E-07 9.21837922000015E-07 
188 121.546660525 10.28026052 2.51461815668 0.000199272493805 2.13535337321E-07 7.76804262779E-08 0.000199272623355173 -6.58399718999985E-07 9.04904141000001E-07 
189 121.566587759 10.2802821773 2.51462591483 0.000199271253661 2.1972735403E-07 7.75319182867E-08 0.000199271389885591 -5.99263002000006E-07 8.94076366999999E-07 
190 121.586515319 10.2803042863 2.5146336554 0.000199266977143 2.28468085002E-07 7.71938167765E-08 0.000199267123069161 -5.6212404899998E-07 8.91635649000004E-07 
191 121.606441675 10.2803273138 2.51464133253 0.000199262096645 2.32101752017E-07 7.65798734912E-08 0.000199262246537224 -5.29063993000008E-07 8.88137996000012E-07 
192 121.626367875 10.2803507779 2.51464897759 0.000199262363364 2.37190091487E-07 7.63273249499E-08 0.00019926251915101 -5.08453092000011E-07 8.77647392000019E-07 
193 121.646294159 10.2803748059 2.51465659992 0.00019926260447 2.43360478947E-07 7.61519757837E-08 0.000199262767630116 -4.95462117999996E-07 8.52080877000001E-07 
194 121.666220441 10.2803993176 2.51466421434 0.000199262657638 2.47142172923E-07 7.62325494238E-08 0.000199262825483365 -4.63657226999981E-07 8.21036558999993E-07 
195 121.686146605 10.2804243505 2.51467187808 0.000199260063074 2.53713509494E-07 7.71536065853E-08 0.000199260239534831 -4.36203949999989E-07 7.82423845000011E-07 
196 121.706072415 10.280450045 2.51467964154 0.000199254293173 2.59859996262E-07 7.81903108423E-08 0.000199254477964271 -4.13846875000002E-07 7.1962559799999E-07 
197 121.725996942 10.2804761685 2.51468754403 0.000199236353767 2.63403018199E-07 7.96360857168E-08 0.000199236543800141 -3.95365683000007E-07 6.63843247999995E-07 
198 121.745919784 10.2805027592 2.51469555656 0.000199219753942 2.68610932647E-07 8.06668693667E-08 0.000199219951359516 -3.59408418999996E-07 6.27196181999986E-07 
199 121.765841159 10.280529895 2.51470367541 0.000199209842347 2.73756306061E-07 8.17573231941E-08 0.000199210047223255 -3.34743055000017E-07 5.95908743000002E-07 
200 121.785761849 10.2805571995 2.51471191395 0.000199193514289 2.80390392088E-07 8.300812374E-08 0.000199193728927199 -3.26471037999983E-07 5.69128579000001E-07 
201 121.805679982 10.2805854441 2.51472026267 0.000199170567305 2.85138904214E-07 8.38160791344E-08 0.000199170789047805 -3.35156240999999E-07 5.45656941000015E-07 
202 121.825596198 10.2806142358 2.514728686 0.00019915460324 2.91378931431E-07 8.46735788692E-08 0.000199154834395197 -3.61747719000016E-07 5.25182537E-07 
203 121.845511055 10.2806437324 2.51473719169 0.000199141885791 2.98786452554E-07 8.54704632447E-08 0.00019914212827762 -3.82203780000006E-07 5.00187236000018E-07 
204 121.865424794 10.2806740243 2.51474578305 0.000199132792348 3.0794201803E-07 8.62963095058E-08 0.000199133049149686 -3.9525795300001E-07 4.61683953999984E-07 
205 121.885337709 10.2807052799 2.51475443272 0.000199125101904 3.1777066508E-07 8.66655741553E-08 0.000199125374318281 -3.98897821000005E-07 4.22131892000011E-07 
206 121.905249924 10.2807374578 2.51476311249 0.000199119869691 3.2633523278E-07 8.6941858495E-08 0.000199120156085043 -4.08945908000012E-07 4.00341829999998E-07 
207 121.925161742 10.2807704099 2.51477180065 0.000199115905106 3.33144727999E-07 8.67770841531E-08 0.000199116202710512 -4.02203071999985E-07 3.87317845000016E-07 
208 121.945073117 10.2808039588 2.51478047051 0.00019911178839 3.39080012091E-07 8.67503808309E-08 0.000199112096008121 -3.87793526999991E-07 3.74503235999997E-07 
209 121.96498407 10.2808381798 2.51478915764 0.00019910719589 3.45838982004E-07 8.69952444559E-08 0.000199107515247298 -3.73561768999989E-07 3.57850023000023E-07 
210 121.984895261 10.2808728504 2.51479787264 0.000199104477242 3.55206301587E-07 8.73146931117E-08 0.000199104813234594 -3.57411677999995E-07 3.40906389999988E-07 
211 122.004805287 10.2809085863 2.51480662289 0.000199096817311 3.59772079866E-07 8.76669298952E-08 0.000199097161669396 -3.37474677999998E-07 3.24517498999984E-07 
212 122.024714804 10.2809447958 2.51481540256 0.000199093391396 3.64485371303E-07 8.80071963208E-08 0.00019909374448338 -3.22064839000002E-07 4.75127850999994E-07 
213 122.044623958 10.2809814479 2.51482421582 0.000199089790256 3.68243291109E-07 8.81982727214E-08 0.000199090150349621 -3.10585695999975E-07 5.86047453000009E-07 
214 122.064532789 10.2810184562 2.51483299975 0.000199086744104 3.7201029944E-07 8.73313456439E-08 0.000199087110824278 -3.0263721899999E-07 6.48802131000007E-07 
215 122.084441432 10.2810557463 2.51484169215 0.000199086280277 3.73996721131E-07 8.65988407442E-08 0.000199086650399867 -3.03826901999998E-07 6.06805112000018E-07 
216 122.104350048 10.2810931868 2.51485032549 0.000199086204476 3.74884040049E-07 8.59791499468E-08 0.000199086575999281 -3.1055175000002E-07 5.00324808999994E-07 
217 122.12425872 10.2811306849 2.51485885548 0.00019908711259 3.7488427472E-07 8.45887437054E-08 0.000199087483516414 -3.08667943000007E-07 4.48171188999994E-07 
218 122.144167441 10.2811682379 2.51486723975 0.000199087217593 3.75837793025E-07 8.30732660985E-08 0.000199087589678856 -3.50937134000021E-07 4.23563022E-07 
219 122.164076157 10.2812055863 2.51487546342 0.000199086857327 3.72412785591E-07 8.13197949365E-08 0.000199087222253296 -4.30216518999989E-07 4.12776761000012E-07 
220 122.183985375 10.281242443 2.51488351725 0.00019909688456 3.71711964469E-07 7.97992902255E-08 0.000199097247543027 -4.80508077999996E-07 4.11764983000007E-07 
221 122.203894427 10.2812797165 2.51489142768 0.000199089241559 3.71517234405E-07 7.85662076081E-08 0.000199089603702057 -5.17883255999978E-07 4.04439870999994E-07 
222 122.223803526 10.2813167962 2.51489925861 0.000199093593487 3.70522016702E-07 7.81143126159E-08 0.0001990939535897 -5.46927761999988E-07 4.13615917000017E-07 
223 122.243713209 10.2813538432 2.51490705523 0.000199099037385 3.70475972173E-07 7.78653939621E-08 0.000199099397294666 -5.72724466999989E-07 4.29018489999983E-07 
224 122.263623018 10.2813908135 2.51491482717 0.000199091500696 3.69571115956E-07 7.74398740197E-08 0.000199091858771596 -6.11856661999989E-07 4.49815467000019E-07 
225 122.283533458 10.2814274335 2.51492254276 0.000199112387168 3.61043989802E-07 7.7115495297E-08 0.000199112729435618 -6.7418158499998E-07 4.58065613999993E-07 
226 122.303445065 10.2814635313 2.51493023608 0.000199120757591 3.60633073494E-07 7.67251524932E-08 0.000199121098948797 -7.59142213999987E-07 4.51880012999998E-07 
227 122.323357695 10.2814995569 2.51493789197 0.000199132195209 3.60172749221E-07 7.63638761096E-08 0.000199132535575195 -7.6570857900001E-07 4.41340666999985E-07 
228 122.343271313 10.2815355785 2.51494549888 0.000199124703264 3.62869625387E-07 7.57920717105E-08 0.000199125048320846 -7.87180448999985E-07 4.39340544999996E-07 
229 122.363186005 10.2815714758 2.51495307169 0.000199156585662 3.60050398449E-07 7.56615489094E-08 0.000199156925497219 -8.06560385000019E-07 4.37601776999999E-07 
230 122.383102435 10.2816075515 2.51496063041 0.00019917123799 3.61186486892E-07 7.55146603258E-08 0.000199171579801465 -8.19760683000008E-07 4.31766779999992E-07 
231 122.403020982 10.2816434547 2.51496816556 0.000199189088224 3.64835613526E-07 7.51046892977E-08 0.000199189436500151 -8.54807822000023E-07 4.28373648000009E-07 
232 122.422939263 10.2816799031 2.51497565393 0.000199190058468 3.62754853105E-07 7.47480791378E-08 0.000199190402808077 -8.54638147999994E-07 4.18240525000004E-07 
233 122.442859171 10.2817161797 2.51498312181 0.000199206922769 3.6391763451E-07 7.47743566184E-08 0.000199207269210597 -8.3162837799999E-07 4.01473619999988E-07 
234 122.462780484 10.2817526843 2.51499062316 0.000199219312833 3.66593015708E-07 7.53011064456E-08 0.00019921966435658 -8.14252406000014E-07 3.79508496000004E-07 
235 122.482702318 10.281789467 2.5149981984 0.000199222541533 3.67038031725E-07 7.61141304528E-08 0.000199222894179222 -7.65799398999995E-07 3.60852998999996E-07 
236 122.502625595 10.2818263571 2.51500583267 0.000199240563223 3.70286883188E-07 7.65315935837E-08 0.000199240922008705 -6.56037581E-07 3.53732866999998E-07 
237 122.522549636 10.2818636709 2.51501348257 0.000199244923196 3.74989783208E-07 7.62897545906E-08 0.000199245290676704 -6.41065706999991E-07 3.48902051000008E-07 
238 122.542474022 10.2819013368 2.5150210851 0.000199245964352 3.76651772949E-07 7.5668661109E-08 0.000199246334728804 -6.08091626000005E-07 3.39404742000004E-07 
239 122.562399117 10.2819393977 2.51502860895 0.000199254018375 3.83745322307E-07 7.48897603526E-08 0.000199254401977807 -5.57416115000003E-07 3.29616794000019E-07 
240 122.582324397 10.2819780129 2.51503607212 0.000199251161775 3.88343792247E-07 7.42375698272E-08 0.000199251554048657 -5.15026676999996E-07 3.31202471999975E-07 
241 122.602248616 10.2820168299 2.51504342528 0.000199237548086 3.9320266624E-07 7.29524146279E-08 0.000199237949441648 -4.76211090999999E-07 3.30973349000024E-07 
242 122.622172778 10.2820564702 2.51505068874 0.000199244604474 3.99315148515E-07 7.23555393169E-08 0.000199245017754303 -4.42062467999977E-07 3.33583101999992E-07 
243 122.642097349 10.2820967759 2.51505790736 0.000199246240563 4.0624561269E-07 7.20963920753E-08 0.000199246667756017 -4.16183632000005E-07 3.18836449000008E-07 
244 122.662020943 10.2821376538 2.51506511826 0.000199239953453 4.10150491267E-07 7.21390094749E-08 0.000199240388675127 -3.79152763999995E-07 2.94019635E-07 
245 122.681944695 10.2821790084 2.51507236979 0.000199237337351 4.16172644216E-07 7.31284341598E-08 0.000199237785427749 -3.40816094999996E-07 2.62500689000004E-07 
246 122.701868776 10.2822209309 2.51507974953 0.000199222394571 4.22340780364E-07 7.44882364226E-08 0.000199222856165741 -3.06104376999984E-07 2.15254574999994E-07 
247 122.721791149 10.2822633871 2.51508727718 0.00019922525728 4.26082382571E-07 7.60702567827E-08 0.000199225727432887 -2.68513059999994E-07 1.59299764999996E-07 
248 122.741713096 10.2823062413 2.51509495406 0.000199212289815 4.3030270321E-07 7.74546526634E-08 0.000199212769603194 -2.20076362000024E-07 1.24320899E-07 
249 122.761631915 10.2823495775 2.51510274237 0.000199179387144 4.33064266777E-07 7.83575266301E-08 0.000199179873349745 -1.80244908999996E-07 9.592869599999E-08 
250 122.781550429 10.2823930846 2.51511063724 0.000199184782541 4.37401661037E-07 7.95651178364E-08 0.000199185278689783 -1.65877259000004E-07 7.49017900000142E-08 
251 122.801468106 10.2824369062 2.51511863589 0.00019919612096 4.12058341121E-07 8.03230934955E-08 0.00019919656334733 -1.55795892000011E-07 6.15559989999989E-08 
252 122.821382211 10.2824812601 2.51512669115 0.000199127465688 4.45924203708E-07 8.08197244434E-08 0.000199127981387722 -1.91236016999996E-07 3.51579750000066E-08 
253 122.841295505 10.2825260706 2.51513479094 0.000199133599257 4.50740986376E-07 8.11929774285E-08 0.000199134125937228 -2.15054264999988E-07 1.97020609999938E-08 
254 122.861208408 10.2825714712 2.51514291349 0.000199101808304 4.57424673597E-07 8.12165346366E-08 0.000199102350321086 -2.33575417000001E-07 -1.07231689999926E-08 
255 122.881118724 10.2826169037 2.51515102084 0.000199084636585 4.56759416442E-07 8.09585051206E-08 0.000199085177016335 -2.6424823999999E-07 -4.8796464000001E-08 
256 122.901028871 10.2826628587 2.51515910214 0.000199108406384 4.60969163918E-07 8.06793675678E-08 0.000199108956339253 -2.85011626999996E-07 -7.6485081000003E-08 
257 122.920938862 10.2827092078 2.51516715009 0.000199089612917 4.64861640907E-07 8.00839580353E-08 0.000199090171734384 -2.8565167999999E-07 -8.59951530000002E-08 
258 122.940849642 10.2827556457 2.51517511047 0.000199104356166 4.67703114564E-07 7.9200153369E-08 0.000199104921242909 -2.80174909000007E-07 -9.05074800000062E-08 
259 122.960758731 10.28280269 2.51518300479 0.000199092800067 4.70947152514E-07 7.87133179501E-08 0.000199093372630847 -2.66292985000018E-07 -1.0432628699998E-07 
260 122.980666987 10.2828499975 2.51519085734 0.000199079700251 4.73255597305E-07 7.83683306978E-08 0.000199080278190693 -2.48939551999978E-07 -1.19502845999977E-07 
261 123.000575611 10.2828973689 2.51519870741 0.000199093740941 4.74584539782E-07 7.82940318931E-08 0.000199094321974091 -2.60512125000015E-07 -1.29446594999993E-07 
262 123.020484781 10.2829450364 2.51520649815 0.000199089793519 4.7838316689E-07 7.75739742411E-08 0.000199090383373015 -2.53552725999978E-07 -5.94016060000092E-08 
263 123.040393595 10.2829929191 2.51521423327 0.000199072968697 4.82551674879E-07 7.70512388372E-08 0.000199073568458621 -2.39139091000025E-07 8.60670679999969E-08 
264 123.060301127 10.2830412617 2.51522188883 0.000199080592716 4.82113285802E-07 7.60011678599E-08 0.000199081190988882 -2.28845493000006E-07 1.70512211999994E-07 
265 123.080207355 10.2830899302 2.51522944156 0.000199091016258 4.83208919355E-07 7.50820373003E-08 0.000199091616806975 -2.26916701000002E-07 2.22384946000015E-07 
266 123.100115327 10.28313881 2.51523692611 0.000199068325754 4.8947905658E-07 7.45383696164E-08 0.000199068941485647 -2.17695713000015E-07 9.70773789999997E-08 
267 123.12002312 10.2831878334 2.51524429972 0.000199083621705 4.91960782403E-07 7.29264717584E-08 0.000199084242909531 -2.12197567000009E-07 2.65607710000051E-08 
268 123.139929223 10.2832372123 2.51525151739 0.000199064924617 4.87372063813E-07 7.1383018155E-08 0.000199065534032981 -1.85308493000011E-07 -1.04452139999931E-08 
269 123.159835896 10.2832864616 2.51525857196 0.000199064196256 4.93275808424E-07 6.97165769295E-08 0.000199064819625346 -1.95416804000013E-07 -2.41382019999998E-08 
270 123.179743293 10.2833357588 2.51526546793 0.000199079638572 4.95475887119E-07 6.81459514002E-08 0.000199080266812619 -2.00869033999986E-07 -2.43068590000139E-08 
271 123.199650854 10.2833853914 2.51527219094 0.000199044686833 5.02535410599E-07 6.64725244285E-08 0.00019904533231624 -2.63043297000012E-07 -3.30222839999808E-08 
272 123.219557271 10.2834348577 2.51527878015 0.000199078927272 4.94693623866E-07 6.54159258223E-08 0.000199079552653694 -3.08281121000012E-07 -2.2553654999987E-08 
273 123.2394639 10.283484384 2.51528528702 0.000199078019396 4.93893244745E-07 6.46965472093E-08 0.000199078642558198 -3.36927746999997E-07 -6.51154200001568E-09 
274 123.259373789 10.2835335261 2.51529172388 0.00019909473928 4.97934233114E-07 6.41511191037E-08 0.00019909537227881 -3.66601303000003E-07 1.86081560000183E-08 
275 123.279278863 10.2835833968 2.51529810571 0.000199070685992 4.9588835987E-07 6.33910423784E-08 0.000199071313717007 -3.92932951999989E-07 3.23803820000026E-08 
276 123.299187742 10.2836330156 2.51530441232 0.000199095087759 4.96853732957E-07 6.27385833658E-08 0.000199095717607199 -4.55349046000011E-07 3.56910379999977E-08 
277 123.319097257 10.2836828812 2.51531064678 0.000199099627223 4.99210654778E-07 6.19537196633E-08 0.000199100262706705 -4.92151103000007E-07 2.7486627999986E-08 
278 123.33900584 10.283732931 2.5153168164 0.000199106061728 5.00708692559E-07 6.14179075406E-08 0.00019910670078676 -4.71990399999984E-07 2.58501290000066E-08 
279 123.358917855 10.2837832073 2.51532293993 0.000199151517842 5.0318992996E-07 6.11328789977E-08 0.000199152162920986 -4.62915594000014E-07 3.14608699999866E-08 
280 123.378830689 10.2838340596 2.51532904395 0.000199147540207 5.03360763262E-07 6.08875721054E-08 0.000199148185655439 -4.51880086999994E-07 2.36254400000119E-08 
281 123.398744724 10.2838851278 2.51533511948 0.000199143246098 5.11480451643E-07 6.05037590971E-08 0.000199143912132422 -4.89103162999981E-07 1.86452309999894E-08 
282 123.418660857 10.2839365048 2.51534113781 0.000199177115741 5.17824667901E-07 5.9997153978E-08 0.000199177797901646 -5.3304611700002E-07 1.80962210000115E-08 
283 123.438578671 10.2839878617 2.51534710804 0.000199131030572 5.15559175385E-07 5.98392110222E-08 0.000199131706964665 -5.93587091000014E-07 -1.66347900000053E-09 
284 123.458495478 10.2840394666 2.51535311685 0.000199194690737 5.16425119078E-07 6.03168221421E-08 0.000199195369300674 -6.21264872000004E-07 -1.34513890000048E-08 
285 123.478415805 10.2840909424 2.51535919056 0.000199177981913 5.13772542073E-07 6.12540308099E-08 0.000199178653959747 -6.02376731000012E-07 -3.10244959999823E-08 
286 123.498337011 10.2841431877 2.51536532473 0.000199221079965 5.25426102431E-07 6.14369036387E-08 0.000199221782316852 -5.15936287000002E-07 -3.62457599999946E-08 
287 123.518259897 10.2841958125 2.51537148267 0.0001992377847 5.26655681643E-07 6.15800166412E-08 0.000199238490283552 -4.95361086000009E-07 -3.72890919999994E-08 
288 123.538180305 10.2842486882 2.51537763247 0.000199208846291 5.24708990378E-07 6.13451264551E-08 0.000199209546767569 -4.48605201999985E-07 -4.3080767000021E-08 
289 123.55810436 10.2843015047 2.51538381797 0.000199262796397 5.31372345091E-07 6.21167015723E-08 0.000199263514580582 -4.07951785000001E-07 -4.28308219999941E-08 
290 123.578029237 10.2843549413 2.51539001499 0.000199216573357 5.40173377329E-07 6.18055552922E-08 0.000199217315279845 -3.66379012999983E-07 -4.90977090000018E-08 
291 123.597952795 10.2844085539 2.51539612507 0.000199203794967 5.44412347654E-07 6.04597099457E-08 0.000199204548064133 -3.32167065000014E-07 -4.38957489999842E-08 
292 123.617873102 10.2844625109 2.51540213723 0.000199211513459 5.38095973301E-07 5.96707368584E-08 0.000199212249127654 -3.00073057999978E-07 -3.59034369999971E-08 
293 123.637795967 10.2845163162 2.51540805775 0.000199242296767 5.41088246405E-07 5.8813810296E-08 0.000199243040170903 -2.88276447000011E-07 -3.37123700000161E-08 
294 123.657719566 10.2845705583 2.51541391647 0.000199254931764 5.41237214274E-07 5.83721142845E-08 0.000199255675395463 -2.68957245E-07 -4.89617449999876E-08 
295 123.677642977 10.2846247826 2.51541975263 0.000199203091122 5.45408328752E-07 5.85776274402E-08 0.000199203846383907 -2.34673775999998E-07 -8.3062999999998E-08 
296 123.697564523 10.2846792028 2.5154256411 0.000199184566717 5.53130780681E-07 5.91777843038E-08 0.000199185343521831 -2.09203663999982E-07 -1.20194210000016E-07 
297 123.717481662 10.2847414708 2.51543205068 0.000199195492705 5.44596810577E-07 5.74860487187E-08 0.000199196245457387 -3.81575361000009E-07 -1.51030692000013E-07 
298 123.737394573 10.2848037692 2.51543846749 0.000199195243716 5.36516387232E-07 5.73943206251E-08 0.000199195974515095 -2.02359179000001E-07 -1.9527760799999E-07 
299 123.757306535 10.2848680009 2.51544491909 0.000199175956016 5.38185859591E-07 5.73400470548E-08 0.000199176691374237 -6.23302690000015E-08 -2.20033628999997E-07 
300 123.777214697 10.2849329468 2.51545150712 0.000199172886227 5.36952991693E-07 5.777352482E-08 0.000199173618394327 -3.46882589999972E-08 -2.24690847999985E-07 
301 123.797121393 10.2849989485 2.51545820995 0.000199110156983 5.48846569611E-07 5.82630013006E-08 0.000199110921952888 4.76447409999904E-08 -2.49624342000019E-07 
302 123.817022786 10.2850661541 2.51546507084 0.000198204364714 1.77323432896E-06 1.47436868135E-07 0.000198212351505389 -2.49964083E-07 -2.58778858999996E-07 
303 123.836927471 10.2851343937 2.51547265394 0.000197259904011 3.08125131401E-06 2.26623297696E-07 0.000197284097682018 1.6620868300001E-07 -2.74866985999978E-07 
304 123.856824134 10.285205274 2.51548040412 0.000199066596862 5.49483797277E-07 6.58260265448E-08 0.000199067366114407 8.76396549999892E-08 -2.92644348999982E-07 
305 123.876723227 10.2852764931 2.51548818312 0.000197839906539 2.27700277745E-06 1.74035505908E-07 0.000197853086024368 2.70223618999995E-07 -3.31869129000005E-07 
306 123.896618801 10.285351204 2.51549602745 0.000199037527628 5.79168998038E-07 6.63728009231E-08 0.00019903838133974 2.79676404999992E-07 -3.72666573999992E-07 
307 123.916509763 10.2854266698 2.51550394793 0.000198822285075 8.83163603216E-07 9.80940768325E-08 0.000198824270758986 -6.67200256E-07 -3.59888745000026E-07 
308 123.936402383 10.2855027463 2.5155118026 0.000199068914105 5.83287577817E-07 6.48315368207E-08 0.000199069779199331 3.12294096000001E-07 -3.66978474000001E-07 
309 123.956290274 10.2855811928 2.51551967179 0.000198969472621 6.31429258371E-07 7.6445314622E-08 0.000198970489223586 -1.71128750999996E-07 -3.73946332000004E-07 
310 123.976179978 10.2856602993 2.51552751543 0.000197158764576 3.13666552534E-06 2.23550886409E-07 0.000197183840856068 5.00038060000015E-07 -3.92840014999988E-07 
311 123.996070166 10.285740836 2.51553538366 0.000197688594762 2.32530150725E-06 1.71205470814E-07 0.000197702344036147 5.80446911999999E-07 -4.19104063000008E-07 
312 124.015953102 10.2858240087 2.51554335914 0.000198517412813 1.22728710947E-06 1.11761711828E-07 0.000198521237942686 -3.23046589000009E-07 -4.08079476999987E-07 
313 124.035840602 10.2859076356 2.51555131531 0.00019896817708 6.35270531361E-07 6.6913726954E-08 0.000198969202482779 3.13063919999985E-07 -2.31535434000013E-07 
314 124.055720402 10.2859926947 2.51555928514 0.000199009826624 6.12301553003E-07 6.31168764978E-08 0.000199010778577057 6.56437415000002E-07 -1.21964942999996E-07 
315 124.075605417 10.2860782611 2.51556724015 0.000197753060984 2.33589350161E-06 1.68844283214E-07 0.000197766928568415 7.67335287000002E-07 -6.48321230000131E-08 
316 124.095487176 10.2861661255 2.51557521696 0.000198916148742 6.39406852641E-07 6.01787745083E-08 0.000198917185514368 6.22919459000021E-07 -1.22475608999988E-07 
317 124.11536443 10.2862541725 2.51558313993 0.000199016887356 6.31269342395E-07 6.06041720553E-08 0.000199017897754747 8.28649383000009E-07 -2.07065973999979E-07 
318 124.135245501 10.2863440084 2.51559104708 0.000198931281335 6.44871347628E-07 5.90917650853E-08 0.000198932335341635 6.5882134100002E-07 -2.51218343999993E-07 
319 124.155119834 10.2864343874 2.51559886026 0.000197736043863 2.33931986301E-06 1.64835116972E-07 0.000197749949761378 8.95198643999982E-07 -2.67889065999995E-07 
320 124.175000352 10.2865258876 2.51560664921 0.000198985080964 6.40431627078E-07 5.74768607677E-08 0.000198986119873996 8.44292516999996E-07 -2.65159749999983E-07 
321 124.194874768 10.2866186079 2.51561442398 0.000198903757674 6.58295021279E-07 6.09851854589E-08 0.000198904856371998 5.86315753999997E-07 -2.65481837999999E-07 
322 124.214749315 10.2867118466 2.51562219891 0.000198672415068 9.67639161603E-07 8.86508546392E-08 0.000198674791288358 1.28781099999957E-08 -2.56691930000023E-07 
323 124.234625837 10.2868052821 2.51563000715 0.000197763185956 2.35012780739E-06 1.63290686072E-07 0.000197777216797149 9.92572570999978E-07 -2.41537223000026E-07 
324 124.254497479 10.2869006042 2.51563895415 0.000198928618215 6.4768476826E-07 7.39171309367E-08 0.000198929686332208 9.08936011000003E-07 -2.31159476999997E-07 
325 124.274373838 10.2869956367 2.51564849383 0.000199005180108 6.42555070954E-07 7.29663370625E-08 0.000199006230834422 8.34592423000019E-07 -1.86640611999999E-07 
326 124.294247548 10.2870922085 2.51565800056 0.000198941061397 6.4363992089E-07 7.06294515383E-08 0.000198942115125561 7.10885217000001E-07 -1.86966271999996E-07 
327 124.314120359 10.2871886079 2.51566739318 0.000198969002426 6.49904237681E-07 7.41605314899E-08 0.000198970077654154 3.86679410999986E-07 -1.77531967000014E-07 
328 124.333994309 10.2872853443 2.51567676936 0.000198062195381 1.88363978834E-06 1.50107963154E-07 0.00019807120909005 3.06378080000027E-07 -1.84428177000011E-07 
329 124.353865572 10.2873821378 2.51568618159 0.000198987561643 6.32364871156E-07 6.9223233237E-08 0.000198988578480809 6.90976739999992E-07 -1.79737637999997E-07 
330 124.373737309 10.2874801771 2.51569680796 0.000197003223214 3.19866834449E-06 2.43724693235E-07 0.000197029340042566 8.37433277999991E-07 -2.02824978999999E-07 
331 124.393612157 10.2875784696 2.51570791407 0.000198950844724 7.21775372177E-07 1.02866513641E-07 0.00019895218058016 1.11592573000014E-07 -1.67855133000001E-07 
332 124.413486992 10.2876778285 2.51571892707 0.00019888335384 6.92690787055E-07 9.63675245112E-08 0.000198884583469591 2.42734599999986E-07 -1.82805397999994E-07 
333 124.433360907 10.2877778452 2.5157297848 0.000198135243755 1.88171812167E-06 1.6187705944E-07 0.000198144245147632 3.43947987000023E-07 -1.79355744999999E-07 
334 124.453233906 10.2878784418 2.51574045025 0.000198763618158 9.5840254225E-07 1.11993170077E-07 0.000198765960318064 -4.58017460000244E-08 -1.96018152E-07 
335 124.473112926 10.2879788621 2.51575097805 0.000199086670861 6.47954443217E-07 7.92805595677E-08 0.000199087741071327 7.67807322999998E-07 -2.1495876299999E-07 
336 124.492987195 10.2880816655 2.51576148133 0.000199000456707 6.9633606594E-07 8.98074409529E-08 0.000199001695266366 3.24544782000008E-07 -2.14869705999988E-07 
337 124.512864208 10.2881846462 2.51577181851 0.000199056985102 6.62125463886E-07 7.5466095632E-08 0.000199058100621802 6.95455171000005E-07 -2.22958227999985E-07 
338 124.532743242 10.2882888527 2.51578200053 0.000199053238305 6.75789638804E-07 7.46918388112E-08 0.000199054399474651 6.65509109999988E-07 -2.18782750000007E-07 
339 124.55261668 10.2883944431 2.51579198331 0.000198983660814 7.51469474519E-07 8.8533248168E-08 0.000198985099480962 2.91721585999992E-07 -2.08510900999995E-07 
340 124.572493839 10.2885004117 2.5158017233 0.00019903689299 6.74208749843E-07 6.74393659179E-08 0.000199038046304266 9.24276217000004E-07 -2.25678710000005E-07 
341 124.592368516 10.2886078026 2.51581126669 0.00019725013778 3.22416190279E-06 2.21493379335E-07 0.000197276610710752 1.021915146E-06 -1.99918338000007E-07 
342 124.612244377 10.2887162472 2.51582053234 0.000197083878146 3.25041676976E-06 2.18723914108E-07 0.000197110801516292 1.085299437E-06 -2.14541066999996E-07 
343 124.632118134 10.2888255681 2.5158295706 0.000199080305182 6.9246987856E-07 5.87131409757E-08 0.000199081518160586 9.75149711999996E-07 -1.89047044999997E-07 
344 124.65199076 10.2889364168 2.51583841344 0.000197134588076 3.25161959674E-06 2.13622250944E-07 0.000197161518761553 1.16101306000001E-06 -2.09809717000004E-07 
345 124.67186174 10.2890476045 2.51584705214 0.000198041668471 1.95755550746E-06 1.37408791958E-07 0.00019805139069322 9.32780716999984E-07 -2.24347730000017E-07 
346 124.691729336 10.2891592963 2.5158555591 0.000199014505337 6.9368874129E-07 5.33773735121E-08 0.000199015721458745 1.20422432899999E-06 -2.48789122000005E-07 
347 124.711601048 10.2892717106 2.51586406028 0.000197139089173 3.25819119884E-06 2.09131037787E-07 0.000197166122915777 1.33937303799998E-06 -2.92749747000015E-07 
348 124.731472063 10.2893842137 2.51587257144 0.000199042627278 6.99695045896E-07 5.41751865049E-08 0.000199043864466697 1.32304198800001E-06 -3.18317874999996E-07 
349 124.751335986 10.2894980629 2.51588124527 0.000197091992999 3.25999298684E-06 2.11708866795E-07 0.000197119065742602 1.49625901700001E-06 -3.48027508999992E-07 
350 124.771200831 10.2896118226 2.51589003173 0.000199003070715 6.97855886793E-07 5.68342233784E-08 0.000199004302433307 1.49632137399998E-06 -3.55894518000015E-07 
351 124.791062647 10.2897270386 2.51589898405 0.000198786961387 8.71656755396E-07 8.21141890755E-08 0.000198788889392028 7.27769116000009E-07 -3.64149613000007E-07 
352 124.810923186 10.2898421511 2.51590804588 0.00019886267752 8.71351776334E-07 8.28649416701E-08 0.000198864603765829 7.26022623999997E-07 -3.65329892000003E-07 
353 124.830779888 10.2899583495 2.51591717731 0.000197650214557 2.43415232885E-06 1.63555580645E-07 0.000197665270501462 1.56404165200001E-06 -4.0162220199999E-07 
354 124.850637581 10.2900756773 2.5159264461 0.000198452070992 1.34351500127E-06 1.09214929573E-07 0.000198456648771144 7.61115688999994E-07 -3.99832717000003E-07 
355 124.87048819 10.2901931919 2.51593585413 0.000197518385879 2.45520325334E-06 1.66662769941E-07 0.000197533714995035 1.58413138800001E-06 -4.61395003000003E-07 
356 124.890344061 10.2903119961 2.51594555002 0.000198754863448 8.23634465407E-07 8.26463326483E-08 0.000198756587182367 8.84918391999995E-07 -4.6641961799998E-07 
357 124.910191606 10.2904314329 2.51595544092 0.000198760425492 8.15048466295E-07 8.42163466898E-08 0.000198762114443765 8.96794709000009E-07 -4.85778758999988E-07 
358 124.930041002 10.2905505855 2.51596546242 0.000198840197264 7.31631891409E-07 6.75467851571E-08 0.00019884155475096 1.62305805300001E-06 -4.99303704999974E-07 
359 124.949890704 10.2906712491 2.51597567326 0.000196937779894 3.30161014382E-06 2.23837281671E-07 0.000196965580450616 1.665402127E-06 -5.11655707000004E-07 
360 124.96973804 10.2907919937 2.51598604326 0.000198838061033 7.4261491075E-07 7.22095073802E-08 0.000198839460888632 1.50072421100002E-06 -5.11383869999992E-07 
361 124.989584942 10.2909134634 2.51599648217 0.000198746931221 7.44896988255E-07 7.03668284415E-08 0.000198748339597539 1.705200627E-06 -5.38093757000008E-07 
362 125.00943269 10.2910357936 2.51600805827 0.000198768704627 7.58339750161E-07 1.0249505471E-07 0.000198770177651247 1.494614871E-06 -5.43917563000011E-07 
363 125.029278064 10.2911583677 2.51602127674 0.000198762613045 7.43176845326E-07 9.71895361706E-08 0.000198764026177037 1.750794409E-06 -4.54855751999989E-07 
364 125.04912496 10.2912812776 2.51603443452 0.000198791903931 7.74652999418E-07 1.04203799647E-07 0.000198793440571396 1.47332112900001E-06 -2.97891787E-07 
365 125.068966796 10.2914055783 2.51604745121 0.000198770971736 7.49040320076E-07 9.50208221162E-08 0.000198772405769089 1.773034891E-06 -2.32292425999994E-07 
366 125.088811588 10.2915297984 2.51606036388 0.000198825348265 7.72062458913E-07 1.01374903292E-07 0.000198826873108265 1.52985994100001E-06 -1.80390044000016E-07 
367 125.108654705 10.2916549439 2.51607311483 0.00019865369869 7.70806311591E-07 9.07752473086E-08 0.00019865521484656 1.928774307E-06 -3.43277054000001E-07 
368 125.128494136 10.2917806001 2.51608568425 0.000198773886518 7.62851511594E-07 9.08485771152E-08 0.000198775371103574 1.78695508899998E-06 -3.79532175000008E-07 
369 125.148336372 10.2919069303 2.51609804155 0.000197930611146 2.00198067145E-06 1.64983375377E-07 0.000197940804218716 1.55484030999999E-06 -3.88776715999986E-07 
370 125.168178381 10.292033622 2.51611015321 0.00019695074558 3.32315359317E-06 2.36105273833E-07 0.000196978920902776 1.97844812600001E-06 -4.10890073000009E-07 
371 125.188017093 10.292160979 2.51612202441 0.000198719919702 8.04443842297E-07 9.38582096051E-08 0.00019872157010659 1.46490935199999E-06 -4.03225384000013E-07 
372 125.207854403 10.2922886562 2.51613367508 0.000198781025186 7.74747018375E-07 8.72618899721E-08 0.000198782554117752 1.61773974099999E-06 -3.98007563999996E-07 
373 125.227690027 10.2924169979 2.51614517429 0.00019831061536 1.37486719148E-06 1.24059810642E-07 0.000198315420013404 1.19954540899999E-06 -3.87655526000013E-07 
374 125.247530105 10.2925452244 2.51615653878 0.000198751879851 8.03741890732E-07 8.84731158702E-08 0.000198753524680257 1.493448812E-06 -3.61231816999995E-07 
375 125.267368393 10.2926746039 2.51616773871 0.000198556180524 1.07286898657E-06 1.05187670597E-07 0.000198559106909222 1.17352969699998E-06 -3.29688163000003E-07 
376 125.28720168 10.2928038275 2.51617872104 0.000198755677373 7.59023460814E-07 7.33491802558E-08 0.000198757140210651 1.739381498E-06 -3.32328250999999E-07 
377 125.307039012 10.2929332243 2.51618950605 0.000198732958811 7.62571340558E-07 7.09574117356E-08 0.000198734434529546 1.640552064E-06 -3.34849134000012E-07 
378 125.326878303 10.2930629478 2.51620008345 0.000198593028824 9.22837474675E-07 8.97815087389E-08 0.000198595193263115 1.036544196E-06 -3.28667446000013E-07 
379 125.34671348 10.2931926714 2.51621041665 0.000198754664906 7.73514820776E-07 7.22697859388E-08 0.000198756183224564 1.41703413399999E-06 -3.24968835999984E-07 
380 125.366553917 10.2933228907 2.51622352933 0.000198527187396 1.07299214023E-06 1.2632819136E-07 0.000198530127200663 9.86908382000012E-07 -3.28659139000014E-07 
381 125.386393082 10.2934529344 2.51623669543 0.000198851010808 7.62680694945E-07 9.98099445478E-08 0.000198852498458608 1.37968847899999E-06 -3.23360917999985E-07 
382 125.406236535 10.2935836395 2.51624955981 0.000198736307855 9.11326533167E-07 1.11464296156E-07 0.000198738428594413 1.00763513299998E-06 -3.20190229000002E-07 
383 125.426077577 10.2937150421 2.516262116 0.000198921266042 7.42342286283E-07 8.70075192358E-08 0.000198922670216671 1.53078921500001E-06 -3.32535751999997E-07 
384 125.445922797 10.2938466394 2.51627444063 0.000198779844739 7.79517172882E-07 9.10117113833E-08 0.000198781394010142 1.36179481199998E-06 -3.58768233E-07 
385 125.465766297 10.2939785639 2.51628656393 0.000197062593278 3.32159596168E-06 2.30598554823E-07 0.000197090719834488 1.70223940000001E-06 -3.68714670000012E-07 
386 125.485616399 10.2941103051 2.51629850248 0.000197664964088 2.47741681634E-06 1.79554507172E-07 0.000197680570268839 1.71660216100001E-06 -3.82056857999995E-07 
387 125.505459905 10.2942434796 2.51631041157 0.000198715776306 9.0965365061E-07 1.01865773018E-07 0.000198717884447515 1.134582455E-06 -3.73887001000012E-07 
388 125.52530551 10.2943765527 2.51632226606 0.000198684061618 1.06776183472E-06 1.09149859968E-07 0.000198686960744919 1.16845800700001E-06 -3.60646163000009E-07 
389 125.545152395 10.2945099974 2.51633397728 0.00019885746454 7.77555935052E-07 8.35252173521E-08 0.000198859002242723 1.526782314E-06 -3.76196873999997E-07 
390 125.564999173 10.2946441033 2.5163454504 0.000198831102143 8.39676717831E-07 9.04133305453E-08 0.000198832895696263 1.30623396499998E-06 -3.68839436999994E-07 
391 125.584846524 10.294778395 2.51635661538 0.000198894818645 7.63789550454E-07 7.06614429913E-08 0.000198896297731618 1.718496217E-06 -3.72127086999997E-07 
392 125.604690211 10.2949140957 2.51636749662 0.000198839409749 8.02796668455E-07 7.85284941732E-08 0.000198841045859616 1.39603365700001E-06 -3.51921434000007E-07 
393 125.624533913 10.2950496388 2.51637803741 0.00019888849205 7.7195836976E-07 6.64344695598E-08 0.000198890001264986 1.63356355199998E-06 -3.46149889999988E-07 
394 125.644380034 10.2951861576 2.51638909037 0.000198752744878 1.0704035259E-06 1.15591359944E-07 0.000198755660854251 1.16135311599999E-06 -3.27744785999989E-07 
395 125.664227818 10.2953230022 2.51640139588 0.000198627805293 1.08922132144E-06 1.11823951656E-07 0.00019863082324553 1.200522781E-06 -3.58620185000007E-07 
396 125.684069984 10.2954601238 2.51641331177 0.000198811016622 7.92040197093E-07 8.31173139278E-08 0.000198812611688582 1.59666441100002E-06 -3.93070936000002E-07 
397 125.703748195 10.2957696891 2.51643470787 0.000192341258725 7.64538565345E-06 4.57821764751E-07 0.000192493691664105 -1.2034849617E-05 1.22541664900001E-06 
398 125.723161613 10.2963513843 2.51646943939 0.000195661909278 4.73777632281E-06 2.83854272183E-07 0.000195719467197428 3.873448176E-06 -6.49391505999983E-07 
399 125.742928178 10.2965443894 2.51648281498 0.000198560903314 7.70751911872E-07 6.49256418518E-08 0.000198562409833081 3.88610735000002E-06 -3.80721939000002E-07 
400 125.762694744 10.2967357537 2.51649588167 0.000195830825352 4.41985025903E-06 2.59157606726E-07 0.000195880867868771 3.625227281E-06 -3.35541864000002E-07 
401 125.782454856 10.2969268952 2.51650852602 0.000198580873385 7.37063996244E-07 5.58751019724E-08 0.000198582249105279 2.96513160800001E-06 -3.70876715000021E-07 
402 125.802212973 10.2971174443 2.5165208053 0.000196449099592 3.03456022712E-06 1.77464098523E-07 0.000196472615852148 2.84237755100001E-06 -4.08185796999991E-07 
403 125.821973469 10.2973068379 2.5165327551 0.000197449536712 1.87753966002E-06 1.07770046773E-07 0.000197458492644255 2.854062313E-06 -4.55230410999994E-07 
404 125.841730279 10.297496016 2.51654458941 0.000196837866249 2.48930592078E-06 1.60474971888E-07 0.000196853671506637 2.08670165599998E-06 -4.89146611999994E-07 
405 125.861484513 10.2976839739 2.51655633858 0.000198471514057 8.85880778608E-07 6.21545350299E-08 0.000198473500850915 2.58525318000001E-06 -4.97540385999991E-07 
406 125.88123759 10.2978724163 2.51656804182 0.00019835455088 8.9142028339E-07 6.01908480914E-08 0.000198356563057203 2.72977726300001E-06 -5.54726051000024E-07 
407 125.900994394 10.2980595683 2.51657966269 0.000196974577439 2.33217888989E-06 1.33638280491E-07 0.000196988428784122 3.00172197400001E-06 -6.05064623999984E-07 
408 125.920743242 10.2982478539 2.5165912204 0.000194482658326 5.70062948841E-06 3.195393867E-07 0.000194566450529199 3.124308048E-06 -6.15852152999999E-07 
409 125.940492407 10.2984350218 2.51660257151 0.000197076800532 2.23728570225E-06 1.37134185623E-07 0.000197089547061807 2.22204727899999E-06 -6.07051692999995E-07 
410 125.96024175 10.2986218413 2.51661368588 0.000197874958505 1.35507317424E-06 7.82251645973E-08 0.00019787961377019 2.77778502599999E-06 -6.17665943000002E-07 
411 125.979988135 10.2988086465 2.5166246379 0.000196578459912 3.45783405543E-06 1.96360610684E-07 0.000196608967433376 3.080989361E-06 -6.21821763000007E-07 
412 125.999732992 10.2989957764 2.51663547714 0.000197269900794 1.92074511744E-06 1.49820090703E-07 0.000197279308258977 3.08221731700002E-06 -6.52141049000001E-07 
